# Kurucz ODFNEW /NOVER models
# teff = 10750 K (value for the effective temperature for the model. Temperatures are given in K)
# logg = 4.50 log(cm/s2) (value for Log(G) for the model.)
# meta = -0.5  (value for the Metallicity for the model.)
# lh = 1.25  (l/Hp where l is the  mixing length of the convective element and Hp is the pressure scale height)
# vtur = 2.0 km/s (Microturbulence velocity)
#
# column 1: WAVELENGTH (ANGSTROM), Wavelength in Angstrom
# column 2: FLUX (ERG/CM2/S/A), Flux in erg/cm2/s/A
              0               0 
           90.9               0 
           93.5               0 
           96.1               0 
           97.7               0 
           99.6               0 
            102               0 
          103.8               0 
          105.6               0 
          107.7               0 
          110.4               0 
            114               0 
          117.8               0 
          121.3               0 
          124.8               0 
          127.1               0 
          128.4               0 
          130.5               0 
          132.4               0 
          133.9               0 
          136.6               0 
          139.8               0 
          143.3               0 
          147.2               0 
            151               0 
          155.2               0 
          158.8               0 
            162               0 
            166               0 
          170.3               0 
          173.4               0 
          176.8               0 
          180.2               0 
          181.7               0 
          186.1               0 
            191               0 
          193.9               0 
          198.4               0 
          201.8               0 
            205               0 
          210.5               0 
          216.2               0 
          219.8               0 
            223               0 
          226.8               0 
            230               0 
            234               0 
            240      3.7904e-23 
          246.5      3.5583e-22 
          252.4     2.09637e-21 
          256.8     7.42421e-21 
            260      1.8146e-20 
            264     5.39003e-20 
          268.5     1.76356e-19 
          273.5     6.30098e-19 
          278.5     2.16278e-18 
            284      7.9946e-18 
            290     3.15097e-17 
            296     1.17453e-16 
            301     3.39191e-16 
            308     1.41453e-15 
            318     9.77701e-15 
            328     6.02439e-14 
            338     3.33618e-13 
            348     1.67737e-12 
            357      6.6473e-12 
            366     2.46204e-11 
            375     8.55236e-11 
            385     3.18718e-10 
            395      1.10968e-9 
            405      3.63283e-9 
            414      1.00484e-8 
            422      2.39111e-8 
            430      5.50038e-8 
            441      1.64766e-7 
            451      4.25441e-7 
            460      9.63563e-7 
            470       2.3008e-6 
            480      5.29239e-6 
            490      1.17549e-5 
            500      2.52409e-5 
            506      5.11074e-5 
            512      8.64652e-5 
            520     0.000149369 
            530     0.000290454 
            540     0.000544075 
            550      0.00100812 
            560      0.00181398 
            570      0.00319507 
            580      0.00547502 
            590      0.00932897 
            600       0.0155014 
            610       0.0253222 
            620       0.0406659 
            630       0.0642824 
            640        0.100051 
            650        0.153608 
            658        0.214249 
            665        0.284619 
            675         0.42245 
            685        0.619437 
            695        0.897788 
            705         1.28605 
            716         1.88697 
            726          2.6446 
            735         3.55269 
            745         4.88764 
            755         6.66322 
            765         9.00394 
            775         12.0654 
            785         16.0376 
            795         21.1348 
            805         27.6758 
            815         35.9685 
            825         46.4205 
            835         59.4578 
            845         75.7812 
            855         95.9057 
            865         120.658 
            875         150.879 
            885          187.69 
            895         232.169 
            905         285.405 
            915          1637.1 
            925         10266.9 
            935         17472.1 
            945         32201.3 
            955         52633.4 
            965         71452.2 
            975         48911.1 
            985          142146 
            995          334916 
           1005          311014 
           1015          161041 
           1025         77036.8 
           1035          185667 
           1045          474766 
           1055       1.4593e+6 
           1065      2.15491e+6 
           1075      3.26291e+6 
           1085       4.0946e+6 
           1095      4.45564e+6 
           1105      1.38548e+7 
           1115       7.9093e+7 
           1125      9.75174e+7 
           1135      1.13262e+8 
           1145      9.85025e+7 
           1155      9.88065e+7 
           1165      9.18519e+7 
           1175      6.02058e+7 
           1185      2.89585e+7 
           1195       1.4296e+6 
           1205          727737 
           1215          228392 
           1225          740418 
           1235      2.28947e+6 
           1245      1.91641e+7 
           1255      7.19604e+7 
           1265      8.85122e+7 
           1275      1.52423e+8 
           1285      2.05147e+8 
           1295      2.04608e+8 
           1305      1.43074e+8 
           1315      2.20737e+8 
           1325       2.4203e+8 
           1335       2.3715e+8 
           1345      2.70247e+8 
           1355      2.50637e+8 
           1365      2.28963e+8 
           1375      2.46627e+8 
           1385      2.41193e+8 
           1395      2.45259e+8 
           1405      2.58364e+8 
           1415      2.52185e+8 
           1425      2.63778e+8 
           1435      2.41198e+8 
           1442      2.67633e+8 
           1447      2.79857e+8 
           1455      2.79048e+8 
           1465      2.61279e+8 
           1475       2.5025e+8 
           1485      2.54562e+8 
           1495      2.67214e+8 
           1505      2.67866e+8 
           1512      2.54351e+8 
           1517      2.69899e+8 
           1525      2.53338e+8 
           1535       2.4637e+8 
           1545      2.63929e+8 
           1555      2.34543e+8 
           1565      2.10021e+8 
           1575      2.30644e+8 
           1585      2.46967e+8 
           1595      2.55579e+8 
           1605      2.42254e+8 
           1615      2.42846e+8 
           1625      2.22389e+8 
           1635      2.28119e+8 
           1645      2.36199e+8 
           1655      2.05061e+8 
           1665      2.31877e+8 
           1672      1.97287e+8 
           1677      2.19421e+8 
           1685       2.3495e+8 
           1695      2.18903e+8 
           1705      2.13323e+8 
           1715      2.12252e+8 
           1725      2.08519e+8 
           1735      2.16347e+8 
           1745      2.11289e+8 
           1755      2.22343e+8 
           1765      1.99876e+8 
           1775      2.16906e+8 
           1785      2.13998e+8 
           1795      2.23628e+8 
           1805      2.15167e+8 
           1815      2.12894e+8 
           1825      2.05817e+8 
           1835      2.01532e+8 
           1845      1.91407e+8 
           1855      1.96159e+8 
           1865      1.96097e+8 
           1875      2.02584e+8 
           1885      2.01002e+8 
           1895      1.97302e+8 
           1905      1.92267e+8 
           1915      1.93716e+8 
           1925       1.9425e+8 
           1935       1.9092e+8 
           1945      1.96868e+8 
           1955      1.93687e+8 
           1967      1.95926e+8 
           1976      1.92911e+8 
           1984      1.89329e+8 
           1995      1.84852e+8 
           2005      1.83069e+8 
           2015      1.75012e+8 
           2025      1.77229e+8 
           2035      1.78776e+8 
           2045      1.80338e+8 
           2055       1.7344e+8 
           2065      1.72206e+8 
           2074      1.75181e+8 
           2078      1.78023e+8 
           2085      1.77896e+8 
           2095      1.72244e+8 
           2105      1.70688e+8 
           2115      1.69448e+8 
           2125      1.69217e+8 
           2135      1.55106e+8 
           2145      1.65684e+8 
           2155      1.64774e+8 
           2165      1.58288e+8 
           2175      1.56287e+8 
           2185      1.55435e+8 
           2195       1.6163e+8 
           2205       1.5555e+8 
           2215      1.46769e+8 
           2225      1.44532e+8 
           2235      1.54811e+8 
           2245      1.44241e+8 
           2255      1.41794e+8 
           2265      1.41727e+8 
           2275       1.4777e+8 
           2285      1.49676e+8 
           2295      1.42838e+8 
           2305      1.40651e+8 
           2315      1.37498e+8 
           2325      1.37782e+8 
           2335      1.33923e+8 
           2345      1.25926e+8 
           2355      1.34049e+8 
           2365      1.25664e+8 
           2375      1.29697e+8 
           2385      1.19075e+8 
           2395      1.26988e+8 
           2405      1.22183e+8 
           2415      1.23893e+8 
           2425      1.26922e+8 
           2435      1.21396e+8 
           2445      1.27292e+8 
           2455      1.23413e+8 
           2465      1.22445e+8 
           2475      1.18364e+8 
           2485      1.23825e+8 
           2495      1.20112e+8 
           2505      1.26665e+8 
           2513      1.20175e+8 
           2518      1.20785e+8 
           2525      1.14332e+8 
           2535      1.13718e+8 
           2545      1.13397e+8 
           2555      1.18057e+8 
           2565      1.17092e+8 
           2575      1.21832e+8 
           2585      1.21804e+8 
           2595      1.21013e+8 
           2605      1.16877e+8 
           2615       1.1626e+8 
           2625      1.17864e+8 
           2635      1.18333e+8 
           2645      1.24919e+8 
           2655      1.23237e+8 
           2665      1.17773e+8 
           2675      1.20154e+8 
           2685      1.20206e+8 
           2695      1.16546e+8 
           2705       1.1721e+8 
           2715      1.13629e+8 
           2725      1.13629e+8 
           2735      1.18062e+8 
           2745      1.08059e+8 
           2755      1.07723e+8 
           2765      1.10429e+8 
           2775      1.13969e+8 
           2785      1.12627e+8 
           2795      9.90529e+7 
           2805      1.05631e+8 
           2815      1.14048e+8 
           2825      1.13364e+8 
           2835      1.10283e+8 
           2845      1.07382e+8 
           2855      1.05762e+8 
           2865      1.08642e+8 
           2875       1.0668e+8 
           2885      1.08245e+8 
           2895       1.0678e+8 
           2910      1.10953e+8 
           2930      1.07219e+8 
           2950      1.06619e+8 
           2970      1.06302e+8 
           2990      1.05673e+8 
           3010      1.06194e+8 
           3030      1.05248e+8 
           3050      1.03836e+8 
           3070       1.0244e+8 
           3090       1.0231e+8 
           3110      1.00686e+8 
           3130      9.95997e+7 
           3150      9.92922e+7 
           3170       9.8343e+7 
           3190      9.57921e+7 
           3210      9.62948e+7 
           3230      9.48172e+7 
           3250      9.45632e+7 
           3270       9.4312e+7 
           3290      9.38302e+7 
           3310      9.33119e+7 
           3330      9.18204e+7 
           3350      9.03883e+7 
           3370      8.99524e+7 
           3390      8.89499e+7 
           3410      8.90207e+7 
           3430      8.82064e+7 
           3450      8.76048e+7 
           3470      8.66259e+7 
           3490      8.59391e+7 
           3510      8.55404e+7 
           3530      8.49942e+7 
           3550      8.43109e+7 
           3570      8.33573e+7 
           3590      8.26708e+7 
           3610      8.19914e+7 
           3630      8.12878e+7 
           3640       8.0944e+7 
           3650      8.18697e+7 
           3670      8.14107e+7 
           3690      7.92357e+7 
           3710      7.78855e+7 
           3730      7.61101e+7 
           3750       9.1026e+7 
           3770      9.64483e+7 
           3790      1.18293e+8 
           3810      1.39194e+8 
           3830      1.10909e+8 
           3850      1.53925e+8 
           3870      1.75996e+8 
           3890      9.45854e+7 
           3910      1.74646e+8 
           3930      1.87176e+8 
           3950      1.72855e+8 
           3970       9.0415e+7 
           3990      1.63136e+8 
           4010      1.83495e+8 
           4030      1.82681e+8 
           4050      1.80775e+8 
           4070       1.7203e+8 
           4090      1.28857e+8 
           4110      9.79065e+7 
           4130       1.6029e+8 
           4150      1.68119e+8 
           4170      1.67329e+8 
           4190      1.65672e+8 
           4210      1.63602e+8 
           4230      1.60801e+8 
           4250      1.58541e+8 
           4270      1.55656e+8 
           4290      1.52519e+8 
           4310      1.43883e+8 
           4330        1.041e+8 
           4350      8.83926e+7 
           4370      1.36675e+8 
           4390      1.41103e+8 
           4410       1.4142e+8 
           4430      1.39987e+8 
           4450       1.3876e+8 
           4470      1.36469e+8 
           4490      1.33703e+8 
           4510      1.33227e+8 
           4530      1.31402e+8 
           4550      1.29015e+8 
           4570      1.28253e+8 
           4590      1.26138e+8 
           4610      1.25207e+8 
           4630      1.22944e+8 
           4650      1.21932e+8 
           4670      1.20276e+8 
           4690      1.18441e+8 
           4710      1.15817e+8 
           4730      1.15545e+8 
           4750      1.13893e+8 
           4770      1.12285e+8 
           4790      1.10421e+8 
           4810      1.07793e+8 
           4830      1.02084e+8 
           4850      7.74984e+7 
           4870      6.30311e+7 
           4890      9.56317e+7 
           4910      1.00698e+8 
           4930      1.00427e+8 
           4950      1.00111e+8 
           4970      9.91651e+7 
           4990      9.80297e+7 
           5010      9.63554e+7 
           5030      9.56371e+7 
           5050      9.40596e+7 
           5070       9.3451e+7 
           5090      9.23298e+7 
           5110      9.11783e+7 
           5130      9.01497e+7 
           5150      8.89751e+7 
           5170      8.73421e+7 
           5190      8.65612e+7 
           5210      8.58384e+7 
           5230      8.46224e+7 
           5250      8.38846e+7 
           5270      8.25913e+7 
           5290      8.19531e+7 
           5310      8.07824e+7 
           5330      7.99505e+7 
           5350      7.91551e+7 
           5370      7.82009e+7 
           5390      7.73105e+7 
           5410      7.63499e+7 
           5430      7.55291e+7 
           5450       7.4717e+7 
           5470      7.38494e+7 
           5490      7.30222e+7 
           5510      7.21927e+7 
           5530      7.13722e+7 
           5550      7.06044e+7 
           5570      6.98079e+7 
           5590      6.90392e+7 
           5610      6.82906e+7 
           5630      6.75315e+7 
           5650      6.67581e+7 
           5670      6.60245e+7 
           5690      6.53191e+7 
           5710      6.46104e+7 
           5730      6.39077e+7 
           5750      6.32019e+7 
           5770      6.25211e+7 
           5790       6.1828e+7 
           5810      6.11712e+7 
           5830      6.05161e+7 
           5850      5.98674e+7 
           5870      5.91005e+7 
           5890      5.84748e+7 
           5910      5.79667e+7 
           5930      5.73578e+7 
           5950      5.67099e+7 
           5970      5.61361e+7 
           5990      5.55129e+7 
           6010      5.49636e+7 
           6030      5.44006e+7 
           6050      5.38256e+7 
           6070      5.32719e+7 
           6090      5.27194e+7 
           6110      5.21753e+7 
           6130      5.16318e+7 
           6150      5.09479e+7 
           6170      5.05705e+7 
           6190      5.00662e+7 
           6210      4.95569e+7 
           6230      4.90439e+7 
           6250      4.84839e+7 
           6270      4.80639e+7 
           6290      4.75786e+7 
           6310      4.70845e+7 
           6330      4.66258e+7 
           6350      4.59372e+7 
           6370      4.55667e+7 
           6390      4.52357e+7 
           6410      4.47686e+7 
           6430      4.43048e+7 
           6450       4.3728e+7 
           6470      4.32969e+7 
           6490      4.27111e+7 
           6510      4.19602e+7 
           6530      4.04066e+7 
           6550      3.45448e+7 
           6570       2.8166e+7 
           6590      3.78377e+7 
           6610      3.96646e+7 
           6630      3.98124e+7 
           6650      3.96176e+7 
           6670      3.93067e+7 
           6690      3.89988e+7 
           6710      3.86912e+7 
           6730       3.8312e+7 
           6750      3.79588e+7 
           6770      3.76057e+7 
           6790      3.72498e+7 
           6810      3.68988e+7 
           6830      3.65465e+7 
           6850      3.62065e+7 
           6870      3.58699e+7 
           6890      3.55365e+7 
           6910      3.52049e+7 
           6930      3.48749e+7 
           6950      3.45553e+7 
           6970      3.42369e+7 
           6990      3.39242e+7 
           7010      3.35929e+7 
           7030      3.33012e+7 
           7050      3.29898e+7 
           7070      3.26912e+7 
           7090      3.24028e+7 
           7110      3.20628e+7 
           7130      3.18092e+7 
           7150      3.15208e+7 
           7170       3.1245e+7 
           7190      3.09635e+7 
           7210      3.06868e+7 
           7230      3.04091e+7 
           7250      3.01318e+7 
           7270       2.9873e+7 
           7290      2.96037e+7 
           7310      2.93419e+7 
           7330      2.90852e+7 
           7350      2.88309e+7 
           7370      2.85782e+7 
           7390      2.83258e+7 
           7410      2.80736e+7 
           7430       2.7808e+7 
           7450      2.75775e+7 
           7470      2.73206e+7 
           7490      2.70997e+7 
           7510        2.687e+7 
           7530      2.66444e+7 
           7550      2.64176e+7 
           7570      2.61907e+7 
           7590      2.59659e+7 
           7610      2.57444e+7 
           7630      2.55229e+7 
           7650       2.5304e+7 
           7670      2.50877e+7 
           7690       2.4877e+7 
           7710      2.46639e+7 
           7730      2.44595e+7 
           7750      2.42531e+7 
           7770      2.37397e+7 
           7790      2.38483e+7 
           7810      2.36497e+7 
           7830      2.34497e+7 
           7850      2.32467e+7 
           7870      2.30149e+7 
           7890      2.27925e+7 
           7910       2.2675e+7 
           7930      2.24936e+7 
           7950      2.22757e+7 
           7970      2.21273e+7 
           7990      2.18543e+7 
           8010      2.17647e+7 
           8030      2.15863e+7 
           8050      2.14112e+7 
           8070      2.12363e+7 
           8090      2.10641e+7 
           8110      2.08933e+7 
           8130      2.07263e+7 
           8150      2.05594e+7 
           8170       2.0394e+7 
           8190      2.02052e+7 
           8210      2.01466e+7 
           8230      1.99831e+7 
           8250      1.98609e+7 
           8270      1.97468e+7 
           8290      1.95935e+7 
           8310      1.94562e+7 
           8330      1.92864e+7 
           8350      1.91671e+7 
           8370      1.90229e+7 
           8390      1.88654e+7 
           8410      1.87017e+7 
           8430      1.85405e+7 
           8450      1.82571e+7 
           8470      1.81022e+7 
           8490      1.80677e+7 
           8510      1.75693e+7 
           8530      1.78489e+7 
           8550       1.6807e+7 
           8570      1.78232e+7 
           8590      1.67754e+7 
           8610      1.64536e+7 
           8630      1.77963e+7 
           8650      1.69579e+7 
           8670      1.46945e+7 
           8690       1.7265e+7 
           8710      1.79019e+7 
           8730      1.70029e+7 
           8750      1.37082e+7 
           8770      1.60527e+7 
           8790      1.77287e+7 
           8810      1.79657e+7 
           8830      1.73747e+7 
           8850      1.50928e+7 
           8870      1.29922e+7 
           8890      1.62343e+7 
           8910      1.73099e+7 
           8930      1.74975e+7 
           8950      1.74297e+7 
           8970      1.70107e+7 
           8990      1.58397e+7 
           9010      1.25734e+7 
           9030      1.35837e+7 
           9050      1.59004e+7 
           9070      1.64426e+7 
           9090      1.64829e+7 
           9110      1.65509e+7 
           9130      1.64672e+7 
           9150      1.63093e+7 
           9170      1.60313e+7 
           9190      1.54651e+7 
           9210      1.39777e+7 
           9230      1.10251e+7 
           9250      1.33811e+7 
           9270      1.47294e+7 
           9290       1.5302e+7 
           9310      1.53646e+7 
           9330      1.53161e+7 
           9350      1.52373e+7 
           9370      1.51388e+7 
           9390      1.50031e+7 
           9410      1.48113e+7 
           9430      1.47786e+7 
           9450      1.46414e+7 
           9470      1.44612e+7 
           9490      1.41874e+7 
           9510      1.36233e+7 
           9530      1.21198e+7 
           9550      9.89924e+6 
           9570       1.2249e+7 
           9590      1.33372e+7 
           9610      1.36081e+7 
           9630      1.35833e+7 
           9650      1.36156e+7 
           9670      1.35082e+7 
           9690      1.34618e+7 
           9710      1.33804e+7 
           9730      1.33047e+7 
           9750      1.32106e+7 
           9770      1.31206e+7 
           9790       1.3025e+7 
           9810      1.29281e+7 
           9830      1.28296e+7 
           9850      1.27387e+7 
           9870      1.26384e+7 
           9890      1.25088e+7 
           9910      1.24341e+7 
           9930      1.23264e+7 
           9950      1.22141e+7 
           9970      1.20742e+7 
           9990      1.18651e+7 
          10025      1.05274e+7 
          10075      9.99931e+6 
          10125      1.13513e+7 
          10175      1.13124e+7 
          10225      1.11595e+7 
          10275      1.09759e+7 
          10325      1.07875e+7 
          10375      1.06047e+7 
          10425      1.04262e+7 
          10475      1.02425e+7 
          10525      1.00706e+7 
          10575       9.9055e+6 
          10625      9.74308e+6 
          10675      9.52902e+6 
          10725      9.40404e+6 
          10775      9.24104e+6 
          10825      9.05169e+6 
          10875      8.73772e+6 
          10925      7.26787e+6 
          10975      7.90709e+6 
          11025      8.42036e+6 
          11075      8.36907e+6 
          11125      8.26024e+6 
          11175      8.13943e+6 
          11225      8.01117e+6 
          11275      7.85019e+6 
          11325      7.73402e+6 
          11375      7.63706e+6 
          11425      7.51727e+6 
          11475      7.40382e+6 
          11525      7.28981e+6 
          11575      7.17718e+6 
          11625      7.05984e+6 
          11675       6.9431e+6 
          11725      6.85332e+6 
          11775      6.72135e+6 
          11825      6.63929e+6 
          11875      6.53781e+6 
          11925      6.44973e+6 
          11975      6.34766e+6 
          12025      6.25745e+6 
          12075      6.16337e+6 
          12125      6.07293e+6 
          12175      5.98503e+6 
          12225      5.89683e+6 
          12275      5.80938e+6 
          12325      5.72541e+6 
          12375      5.64305e+6 
          12425      5.56283e+6 
          12475      5.47742e+6 
          12525      5.40328e+6 
          12575      5.32063e+6 
          12625      5.24001e+6 
          12675       5.1549e+6 
          12725      5.04584e+6 
          12775      4.77512e+6 
          12825      4.10191e+6 
          12875      4.69874e+6 
          12925      4.77836e+6 
          12975      4.73984e+6 
          13025      4.68729e+6 
          13075      4.62661e+6 
          13125      4.56278e+6 
          13175      4.49653e+6 
          13225      4.43933e+6 
          13275      4.37901e+6 
          13325      4.31968e+6 
          13375      4.26134e+6 
          13425      4.20375e+6 
          13475       4.1473e+6 
          13525      4.09052e+6 
          13575      4.03695e+6 
          13625      3.98361e+6 
          13675      3.93037e+6 
          13725      3.87719e+6 
          13775      3.82844e+6 
          13825      3.77831e+6 
          13875      3.72924e+6 
          13925      3.68016e+6 
          13975      3.63303e+6 
          14025      3.58612e+6 
          14075      3.53995e+6 
          14125      3.49435e+6 
          14175      3.44968e+6 
          14225      3.40573e+6 
          14275       3.3625e+6 
          14325      3.31981e+6 
          14375      3.27796e+6 
          14425      3.22975e+6 
          14475      3.19597e+6 
          14525      3.15313e+6 
          14570      3.12036e+6 
          14620       3.0869e+6 
          14675      3.04664e+6 
          14725      3.00983e+6 
          14775      2.97173e+6 
          14825      2.93749e+6 
          14875      2.90075e+6 
          14925      2.86832e+6 
          14975      2.83341e+6 
          15025       2.7989e+6 
          15075      2.76577e+6 
          15125      2.73352e+6 
          15175      2.70032e+6 
          15225      2.66815e+6 
          15275      2.63472e+6 
          15325      2.60184e+6 
          15375      2.57283e+6 
          15425      2.53306e+6 
          15475      2.50996e+6 
          15525      2.47662e+6 
          15575      2.42891e+6 
          15625      2.43484e+6 
          15675      2.37241e+6 
          15725      2.32657e+6 
          15775      2.35893e+6 
          15825      2.32344e+6 
          15875      2.18938e+6 
          15925      2.24191e+6 
          15975      2.26938e+6 
          16050      2.19294e+6 
          16150      2.08036e+6 
          16250      2.15384e+6 
          16350      2.03739e+6 
          16450      1.92178e+6 
          16550      2.02544e+6 
          16650      1.98528e+6 
          16750      1.85544e+6 
          16850      1.74577e+6 
          16950      1.85505e+6 
          17050      1.82493e+6 
          17150      1.78475e+6 
          17250      1.72778e+6 
          17350      1.52746e+6 
          17450      1.62865e+6 
          17550       1.6351e+6 
          17650      1.60658e+6 
          17750      1.57394e+6 
          17850      1.54087e+6 
          17950      1.50597e+6 
          18050      1.46077e+6 
          18150      1.30303e+6 
          18250      1.36084e+6 
          18350      1.38196e+6 
          18450      1.35817e+6 
          18550      1.32911e+6 
          18650      1.28793e+6 
          18750      1.14703e+6 
          18850      1.23201e+6 
          18950      1.22659e+6 
          19050      1.20659e+6 
          19150      1.18282e+6 
          19250      1.15623e+6 
          19350      1.11584e+6 
          19450          995446 
          19550      1.07311e+6 
          19650      1.07041e+6 
          19750      1.05381e+6 
          19850      1.03404e+6 
          19950      1.01461e+6 
          20050          995704 
          20150          977218 
          20250          959045 
          20350          941456 
          20450          924164 
          20550          907340 
          20650          890800 
          20750          874692 
          20850          858956 
          20950          843556 
          21050          828470 
          21150          813565 
          21250          799151 
          21350          784887 
          21450          768644 
          21550          745320 
          21650          670150 
          21750          712897 
          21850          715997 
          21950          706674 
          22050          695003 
          22150          683122 
          22250          671676 
          22350          660353 
          22450          649273 
          22550          638387 
          22650          627798 
          22750          617384 
          22850          607634 
          22950          597708 
          23050          588037 
          23150          578527 
          23250          569225 
          23350          560090 
          23450          551144 
          23550          542379 
          23650          533780 
          23750          525347 
          23850          517064 
          23950          508940 
          24050          500923 
          24150          493096 
          24250          485424 
          24350          477854 
          24450          470311 
          24550          463206 
          24650          455741 
          24750          448789 
          24850          442383 
          24950          433854 
          25050          429183 
          25150          422698 
          25250          412850 
          25350          409675 
          25450          404969 
          25550          397048 
          25650          385689 
          25750          385956 
          25850          381984 
          25950          375823 
          26050          365153 
          26150          350038 
          26250          326960 
          26350          346605 
          26450          349228 
          26550          345043 
          26650          336538 
          26750          318553 
          26850          326951 
          26950          326753 
          27050          323095 
          27150          318853 
          27250          314356 
          27350          309398 
          27450          302173 
          27550          282780 
          27650          286400 
          27750          291390 
          27850          289097 
          27950          285961 
          28050          282173 
          28150          278342 
          28250          274572 
          28350          270852 
          28450          266415 
          28550          261446 
          28650          251142 
          28750          236887 
          28850          248604 
          28950          248594 
          29050          246287 
          29150          243350 
          29250          240200 
          29350          237070 
          29450          233991 
          29550          230960 
          29650          227974 
          29750          225039 
          29850          222151 
          29950          219305 
          30050          216271 
          30150          212833 
          30250          208097 
          30350          194287 
          30450          195300 
          30550          200918 
          30650          199922 
          30750          198054 
          30850          195624 
          30950          193245 
          31050          190854 
          31150          188501 
          31250          186185 
          31350          183914 
          31450          181657 
          31550          179463 
          31650          177285 
          31750          175135 
          31850          173031 
          31950          170949 
          32100          167889 
          32300          163913 
          32500          160051 
          32700          155598 
          32900          144168 
          33100          145702 
          33300          145105 
          33500          142035 
          33700          138851 
          33900          135759 
          34100          132733 
          34300          129786 
          34500          126922 
          34700          124130 
          34900          121416 
          35100          118770 
          35300          116197 
          35500          113690 
          35700          111246 
          35900          108882 
          36100          106543 
          36300          104314 
          36500          102063 
          36700         99985.9 
          36900         97712.3 
          37100           95608 
          37300         91030.2 
          37500         88336.2 
          37700         89866.7 
          37900           88315 
          38100           86217 
          38300         84540.9 
          38500         83212.5 
          38700         81584.9 
          38900         79727.4 
          39100         77504.1 
          39300         76758.9 
          39500         75423.3 
          39700         73979.2 
          39900         72451.4 
          40100         70268.7 
          40300         68554.7 
          40500         65143.7 
          40700           66702 
          40900         65902.8 
          41100           64721 
          41300         63479.3 
          41500         61969.8 
          41700         59240.8 
          41900         59629.3 
          42100         58966.5 
          42300         57995.2 
          42500         56939.6 
          42700         55907.7 
          42900         54900.4 
          43100         53913.5 
          43300         52916.1 
          43500         51706.1 
          43700           49186 
          43900         49219.9 
          44100         49146.2 
          44300         48440.5 
          44500         47597.1 
          44700         46829.1 
          44900         45951.3 
          45100         45164.9 
          45300         44390.6 
          45500           43630 
          45700         42880.8 
          45900         42136.1 
          46100           41369 
          46300         40425.2 
          46500         37895.3 
          46700         37441.7 
          46900         38198.7 
          47100         38010.7 
          47300         37471.1 
          47500         36884.1 
          47700         36295.6 
          47900           35714 
          48100         35142.6 
          48300           34579 
          48500           34027 
          48700         33485.9 
          48900         32954.4 
          49100         32433.3 
          49300         31922.5 
          49500         31422.1 
          49700         30927.5 
          49900         30446.9 
          50100         29971.7 
          50300           29503 
          50500         29046.7 
          50700           28585 
          50900         28087.4 
          51100         27378.9 
          51300         25951.9 
          51500         26634.3 
          51700         26428.6 
          51900         26086.8 
          52100         25717.6 
          52300         25336.7 
          52500         24943.1 
          52700         24562.9 
          52900         24230.8 
          53100         23886.9 
          53300         23538.3 
          53500         23184.9 
          53700         22806.1 
          53900         22477.7 
          54100         22194.7 
          54300         21917.8 
          54500         21615.2 
          54700         21306.3 
          54900         20956.3 
          55100         20610.9 
          55300         20271.1 
          55500         20064.2 
          55700         19830.5 
          55900         19568.3 
          56100         19297.3 
          56300         19029.7 
          56500         18766.6 
          56700         18478.6 
          56900         18169.7 
          57100         17797.7 
          57300           17661 
          57500         17483.7 
          57700         17281.2 
          57900         17047.4 
          58100         16818.7 
          58300           16576 
          58500         16337.4 
          58700         16085.2 
          58900         15691.6 
          59100         14894.2 
          59300         15308.2 
          59500         15039.4 
          59700         14939.9 
          59900         14864.4 
          60100           14701 
          60300         14519.7 
          60500         14336.4 
          60700         14154.1 
          60900           13974 
          61100         13795.8 
          61300         13620.8 
          61500         13447.6 
          61700         13276.5 
          61900         13108.2 
          62100         12940.9 
          62300         12772.5 
          62500         12593.5 
          62700         12362.9 
          62900         11961.6 
          63100         12024.9 
          63300         11972.6 
          63500         11847.8 
          63700         11710.3 
          63900         11580.9 
          64200         11380.6 
          64600         11105.6 
          65000         10839.1 
          65400           10581 
          65800         10329.2 
          66200         10085.3 
          66600         9848.96 
          67000         9599.11 
          67400            9318 
          67800         8936.27 
          68200         8933.01 
          68600         8758.71 
          69000         8567.23 
          69400          8374.1 
          69800         8187.15 
          70200          8004.7 
          70600         7826.56 
          71000         7650.43 
          71400         7486.63 
          71800         7324.53 
          72200         7165.04 
          72600         6997.52 
          73000         6853.47 
          73400         6714.42 
          73800         6560.72 
          74200         6391.64 
          74600         6061.35 
          75000         5879.47 
          75400         5966.56 
          75800         5892.72 
          76200         5779.58 
          76600         5667.04 
          77000         5555.21 
          77400         5432.27 
          77800         5307.53 
          78200         5216.66 
          78600         5126.51 
          79000         5024.91 
          79400         4925.83 
          79800         4829.15 
          80200         4734.74 
          80600         4642.71 
          81000         4545.21 
          81400         4432.79 
          81800         4357.48 
          82200         4292.49 
          82600         4214.63 
          83000         4135.01 
          83400         4057.21 
          83800         3981.27 
          84200         3907.14 
          84600         3834.71 
          85000         3763.92 
          85400          3694.7 
          85800         3625.78 
          86200         3548.25 
          86600         3447.73 
          87000         3411.37 
          87400         3297.48 
          87800         3239.11 
          88200         3242.83 
          88600         3194.83 
          89000         3138.44 
          89400         3083.34 
          89800         3029.37 
          90200          2976.6 
          90600         2924.99 
          91000         2874.45 
          91400         2825.04 
          91800         2776.65 
          92200          2729.3 
          92600         2680.86 
          93000         2633.58 
          93400         2582.87 
          93800         2499.53 
          94200         2482.77 
          94600         2458.57 
          95000         2420.88 
          95400          2382.7 
          95800         2345.48 
          96200         2307.13 
          96600         2269.57 
          97000         2232.71 
          97400         2196.66 
          97800         2161.28 
          98200         2125.35 
          98600         2089.42 
          99000         2059.39 
          99400         2026.76 
          99800         1994.81 
         100200         1963.45 
         200000         125.461 
         400000         7.80375 
         600000         1.52911 
         800000         0.48016 
         1.0e+6        0.195338 
         1.2e+6       0.0936357 
         1.4e+6       0.0502725 
         1.6e+6       0.0293276 
