# Kurucz ODFNEW /NOVER models
# teff = 5750 K (value for the effective temperature for the model. Temperatures are given in K)
# logg = 2.50 log(cm/s2) (value for Log(G) for the model.)
# meta = -0.5  (value for the Metallicity for the model.)
# lh = 1.25  (l/Hp where l is the  mixing length of the convective element and Hp is the pressure scale height)
# vtur = 2.0 km/s (Microturbulence velocity)
#
# column 1: WAVELENGTH (ANGSTROM), Wavelength in Angstrom
# column 2: FLUX (ERG/CM2/S/A), Flux in erg/cm2/s/A
              0               0 
           90.9               0 
           93.5               0 
           96.1               0 
           97.7               0 
           99.6               0 
            102               0 
          103.8               0 
          105.6               0 
          107.7               0 
          110.4               0 
            114               0 
          117.8               0 
          121.3               0 
          124.8               0 
          127.1               0 
          128.4               0 
          130.5               0 
          132.4               0 
          133.9               0 
          136.6               0 
          139.8               0 
          143.3               0 
          147.2               0 
            151               0 
          155.2               0 
          158.8               0 
            162               0 
            166               0 
          170.3               0 
          173.4               0 
          176.8               0 
          180.2               0 
          181.7               0 
          186.1               0 
            191               0 
          193.9               0 
          198.4               0 
          201.8               0 
            205               0 
          210.5               0 
          216.2               0 
          219.8               0 
            223               0 
          226.8               0 
            230               0 
            234               0 
            240               0 
          246.5               0 
          252.4               0 
          256.8               0 
            260               0 
            264               0 
          268.5               0 
          273.5               0 
          278.5               0 
            284               0 
            290               0 
            296               0 
            301               0 
            308               0 
            318               0 
            328               0 
            338               0 
            348               0 
            357               0 
            366               0 
            375               0 
            385               0 
            395               0 
            405               0 
            414               0 
            422               0 
            430               0 
            441               0 
            451               0 
            460               0 
            470               0 
            480     6.29879e-25 
            490     2.76499e-24 
            500     1.13908e-23 
            506     3.44366e-23 
            512     8.60701e-23 
            520     2.42074e-22 
            530     8.47007e-22 
            540     2.77897e-21 
            550     8.80901e-21 
            560     2.65741e-20 
            570     7.69103e-20 
            580     2.11704e-19 
            590      5.7371e-19 
            600     1.48453e-18 
            610     3.71536e-18 
            620     9.00409e-18 
            630     2.11706e-17 
            640     4.83892e-17 
            650     1.07598e-16 
            658     2.00093e-16 
            665     3.39653e-16 
            675     7.08943e-16 
            685     1.44574e-15 
            695     2.88258e-15 
            705     5.61862e-15 
            716     1.14645e-14 
            726     2.14577e-14 
            735     3.71281e-14 
            745     6.71316e-14 
            755     1.19306e-13 
            765     2.08635e-13 
            775     3.58945e-13 
            785     6.08441e-13 
            795     1.01195e-12 
            805     1.67098e-12 
            815     2.71738e-12 
            825     4.35796e-12 
            835     6.90269e-12 
            845     1.08008e-11 
            855     1.67059e-11 
            865      2.5548e-11 
            875      3.8622e-11 
            885     5.78593e-11 
            895      8.5761e-11 
            905     1.25858e-10 
            915      7.51007e-7 
            925      2.67499e-6 
            935      3.97231e-6 
            945      5.85456e-6 
            955      8.85911e-6 
            965      1.28268e-5 
            975      1.83902e-5 
            985      2.62551e-5 
            995      3.71134e-5 
           1005      5.30207e-5 
           1015      7.37936e-5 
           1025      9.73213e-5 
           1035      0.00014068 
           1045     0.000192245 
           1055     0.000260984 
           1065     0.000346362 
           1075     0.000472173 
           1085      0.00062963 
           1095     0.000834412 
           1105      0.00222862 
           1115      0.00825748 
           1125        0.012957 
           1135       0.0200027 
           1145       0.0265588 
           1155       0.0297199 
           1165       0.0401455 
           1175       0.0468681 
           1185       0.0542657 
           1195        0.021855 
           1205       0.0178407 
           1215       0.0116355 
           1225       0.0256547 
           1235        0.061214 
           1245        0.150848 
           1255        0.274566 
           1265        0.327733 
           1275        0.489261 
           1285        0.677954 
           1295        0.884055 
           1305        0.893654 
           1315         1.26396 
           1325         1.46107 
           1335         1.72524 
           1345         2.01678 
           1355         2.32765 
           1365         2.60545 
           1375         2.90963 
           1385         3.29079 
           1395         3.75679 
           1405         4.49494 
           1415         5.02413 
           1425         5.61676 
           1435         6.45036 
           1442         8.04673 
           1447         7.51064 
           1455         8.85173 
           1465         10.3915 
           1475         10.5435 
           1485         12.4203 
           1495         16.0757 
           1505         19.2388 
           1512         16.2775 
           1517         20.6529 
           1525         26.3041 
           1535         65.3251 
           1545         72.5549 
           1555         102.481 
           1565         97.6763 
           1575         157.777 
           1585         191.677 
           1595         225.932 
           1605         243.015 
           1615         278.465 
           1625         314.209 
           1635         370.415 
           1645         508.763 
           1655          295.11 
           1665         576.681 
           1672         379.106 
           1677         645.123 
           1685         1062.64 
           1695         1492.22 
           1705         1702.72 
           1715          2084.6 
           1725         2705.81 
           1735         3667.27 
           1745         4408.03 
           1755         6766.65 
           1765         5942.13 
           1775         7258.46 
           1785         8718.44 
           1795         13605.2 
           1805         9958.87 
           1815         10233.1 
           1825         11544.1 
           1835         14750.4 
           1845           10969 
           1855         17409.8 
           1865         22784.3 
           1875           23935 
           1885         26809.5 
           1895         33824.7 
           1905         30999.7 
           1915         33192.7 
           1925         27598.8 
           1935           15515 
           1945           43350 
           1955         46139.9 
           1967         59346.6 
           1976           51677 
           1984         53580.1 
           1995         62928.8 
           2005         67468.9 
           2015         69044.6 
           2025         58324.6 
           2035         84913.8 
           2045         98893.4 
           2055         88015.2 
           2065           84182 
           2074         96418.7 
           2078          180510 
           2085          195236 
           2095          282053 
           2105          360854 
           2115          419536 
           2125          337365 
           2135          305228 
           2145          432160 
           2155          468234 
           2165          398622 
           2175          434552 
           2185          523009 
           2195          560510 
           2205          526304 
           2215          358345 
           2225          426404 
           2235          622123 
           2245          579175 
           2255          390384 
           2265          371860 
           2275          517721 
           2285          611718 
           2295          531283 
           2305          656710 
           2315          529424 
           2325          488305 
           2335          239717 
           2345          135448 
           2355          380757 
           2365          146827 
           2375          235444 
           2385         94059.6 
           2395          139782 
           2405          133640 
           2415          252843 
           2425          593223 
           2435          631300 
           2445          773309 
           2455          807212 
           2465          688332 
           2475          608297 
           2485          389772 
           2495          508328 
           2505          805270 
           2513          379846 
           2518          274660 
           2525          240032 
           2535          363768 
           2545          502932 
           2555          883881 
           2565          607937 
           2575          759809 
           2585          568571 
           2595          458682 
           2605          321446 
           2615          297022 
           2625          461872 
           2635       1.0276e+6 
           2645      1.68898e+6 
           2655      2.07637e+6 
           2665      1.38174e+6 
           2675       1.6024e+6 
           2685      1.75264e+6 
           2695      1.37014e+6 
           2705      1.67301e+6 
           2715      1.17196e+6 
           2725      1.08139e+6 
           2735      1.22972e+6 
           2745          485622 
           2755          747353 
           2765      1.04826e+6 
           2775       1.2164e+6 
           2785          590240 
           2795          168125 
           2805          219114 
           2815          949596 
           2825      1.74349e+6 
           2835      1.76342e+6 
           2845      1.59074e+6 
           2855          882964 
           2865      1.90724e+6 
           2875      2.16377e+6 
           2885      2.00572e+6 
           2895      2.09662e+6 
           2910       2.7564e+6 
           2930       2.5198e+6 
           2950      2.46142e+6 
           2970      2.78778e+6 
           2990      2.76544e+6 
           3010      2.99406e+6 
           3030      2.99524e+6 
           3050      3.14962e+6 
           3070      2.97135e+6 
           3090      3.11844e+6 
           3110      3.13553e+6 
           3130      3.04502e+6 
           3150      2.99429e+6 
           3170      3.18721e+6 
           3190      2.88968e+6 
           3210      3.26588e+6 
           3230      2.75421e+6 
           3250      3.49501e+6 
           3270       3.9435e+6 
           3290      3.84139e+6 
           3310      3.87455e+6 
           3330      3.82475e+6 
           3350      3.75907e+6 
           3370      3.24717e+6 
           3390      3.67875e+6 
           3410      3.82817e+6 
           3430      4.01581e+6 
           3450      4.15899e+6 
           3470      4.12433e+6 
           3490      4.24668e+6 
           3510      4.45498e+6 
           3530      4.23565e+6 
           3550      4.80504e+6 
           3570      4.10314e+6 
           3590      4.09876e+6 
           3610       4.2882e+6 
           3630      4.36288e+6 
           3640      4.32642e+6 
           3650       4.7679e+6 
           3670      4.71663e+6 
           3690      4.72764e+6 
           3710      5.43689e+6 
           3730      5.31454e+6 
           3750      5.97037e+6 
           3770      6.45321e+6 
           3790      6.85499e+6 
           3810       7.3093e+6 
           3830      5.91538e+6 
           3850      6.97749e+6 
           3870      7.04869e+6 
           3890      6.49713e+6 
           3910      7.14301e+6 
           3930      3.78197e+6 
           3950      6.38552e+6 
           3970       4.2614e+6 
           3990      7.90751e+6 
           4010      8.43961e+6 
           4030      8.42168e+6 
           4050      8.31001e+6 
           4070      8.20442e+6 
           4090      8.74189e+6 
           4110      8.22058e+6 
           4130      8.68493e+6 
           4150      8.93283e+6 
           4170      8.77367e+6 
           4190      8.64997e+6 
           4210      8.59415e+6 
           4230      8.34421e+6 
           4250      8.46401e+6 
           4270       8.2535e+6 
           4290      7.57857e+6 
           4310      6.53799e+6 
           4330      8.38963e+6 
           4350      7.94075e+6 
           4370      8.81908e+6 
           4390      8.37045e+6 
           4410      8.65983e+6 
           4430      8.92524e+6 
           4450       8.8532e+6 
           4470      9.08128e+6 
           4490       9.1723e+6 
           4510      9.72587e+6 
           4530      9.02147e+6 
           4550      9.15197e+6 
           4570      9.63611e+6 
           4590      9.19685e+6 
           4610      9.48151e+6 
           4630      9.34441e+6 
           4650      9.42883e+6 
           4670      9.57801e+6 
           4690      9.45605e+6 
           4710      9.16654e+6 
           4730      9.49569e+6 
           4750      9.58353e+6 
           4770      9.50894e+6 
           4790      9.47551e+6 
           4810       9.4428e+6 
           4830      9.45455e+6 
           4850      8.96898e+6 
           4870      8.02532e+6 
           4890      9.15197e+6 
           4910      9.12958e+6 
           4930      8.97848e+6 
           4950      9.22926e+6 
           4970      9.30993e+6 
           4990      8.79441e+6 
           5010      8.51168e+6 
           5030      8.91733e+6 
           5050      8.89514e+6 
           5070      9.11969e+6 
           5090      8.87569e+6 
           5110      8.93693e+6 
           5130      8.73011e+6 
           5150      8.56369e+6 
           5170      8.41104e+6 
           5190      8.37039e+6 
           5210      8.48488e+6 
           5230      8.58042e+6 
           5250       8.7206e+6 
           5270      8.10747e+6 
           5290      8.65087e+6 
           5310       8.7364e+6 
           5330      8.29382e+6 
           5350      8.65615e+6 
           5370      8.61517e+6 
           5390      8.52217e+6 
           5410      8.35785e+6 
           5430      8.43886e+6 
           5450       8.5872e+6 
           5470      8.47213e+6 
           5490      8.44228e+6 
           5510      8.42081e+6 
           5530      8.43787e+6 
           5550      8.50865e+6 
           5570       8.3351e+6 
           5590      8.23479e+6 
           5610       8.3208e+6 
           5630      8.36412e+6 
           5650      8.29214e+6 
           5670       8.1495e+6 
           5690      8.23857e+6 
           5710      8.10909e+6 
           5730      8.37054e+6 
           5750      8.21395e+6 
           5770      8.23632e+6 
           5790      8.11208e+6 
           5810      8.16827e+6 
           5830      8.19624e+6 
           5850        8.064e+6 
           5870      8.06544e+6 
           5890      7.82138e+6 
           5910      7.98662e+6 
           5930      7.95298e+6 
           5950      7.94441e+6 
           5970      7.92636e+6 
           5990      7.85891e+6 
           6010      7.77479e+6 
           6030      7.76495e+6 
           6050      7.82003e+6 
           6070      7.77952e+6 
           6090      7.67526e+6 
           6110       7.6013e+6 
           6130      7.43156e+6 
           6150       7.4389e+6 
           6170      7.33205e+6 
           6190      7.50695e+6 
           6210      7.50333e+6 
           6230      7.36611e+6 
           6250      7.16138e+6 
           6270      7.38503e+6 
           6290      7.37109e+6 
           6310       7.2128e+6 
           6330       7.2363e+6 
           6350      7.24377e+6 
           6370      7.20374e+6 
           6390      7.19265e+6 
           6410      7.06707e+6 
           6430      7.09189e+6 
           6450       7.0352e+6 
           6470      7.02282e+6 
           6490      6.90152e+6 
           6510        6.995e+6 
           6530      6.99659e+6 
           6550      6.80622e+6 
           6570      6.06828e+6 
           6590      6.83497e+6 
           6610      6.86636e+6 
           6630      6.85697e+6 
           6650      6.81875e+6 
           6670      6.75169e+6 
           6690       6.7894e+6 
           6710      6.70657e+6 
           6730      6.72117e+6 
           6750       6.6518e+6 
           6770      6.64163e+6 
           6790      6.60674e+6 
           6810      6.57328e+6 
           6830      6.55961e+6 
           6850      6.48067e+6 
           6870      6.48913e+6 
           6890      6.47935e+6 
           6910      6.43765e+6 
           6930      6.41043e+6 
           6950      6.37428e+6 
           6970      6.36166e+6 
           6990      6.32877e+6 
           7010      6.21994e+6 
           7030      6.24749e+6 
           7050      6.24144e+6 
           7070      6.19863e+6 
           7090      6.16985e+6 
           7110      6.12848e+6 
           7130      6.08387e+6 
           7150      6.05245e+6 
           7170      6.02817e+6 
           7190      5.93253e+6 
           7210       5.9519e+6 
           7230      5.93913e+6 
           7250      5.94419e+6 
           7270      5.91844e+6 
           7290       5.8232e+6 
           7310      5.83318e+6 
           7330      5.81319e+6 
           7350      5.80698e+6 
           7370       5.8017e+6 
           7390      5.70778e+6 
           7410      5.63181e+6 
           7430      5.65484e+6 
           7450      5.64641e+6 
           7470      5.64479e+6 
           7490      5.60111e+6 
           7510      5.58642e+6 
           7530      5.57173e+6 
           7550      5.57074e+6 
           7570      5.52221e+6 
           7590      5.49849e+6 
           7610      5.47406e+6 
           7630       5.4612e+6 
           7650      5.43146e+6 
           7670      5.34305e+6 
           7690      5.38241e+6 
           7710       5.3155e+6 
           7730      5.31313e+6 
           7750      5.26843e+6 
           7770      5.26073e+6 
           7790       5.2684e+6 
           7810       5.2485e+6 
           7830      5.19522e+6 
           7850      5.17343e+6 
           7870      5.18125e+6 
           7890      5.15187e+6 
           7910      5.10987e+6 
           7930      5.04545e+6 
           7950       5.0345e+6 
           7970      5.06361e+6 
           7990      5.04236e+6 
           8010      4.99337e+6 
           8030      4.97554e+6 
           8050      4.93968e+6 
           8070      4.94409e+6 
           8090      4.88566e+6 
           8110      4.90209e+6 
           8130      4.88917e+6 
           8150      4.86012e+6 
           8170      4.83748e+6 
           8190      4.74074e+6 
           8210      4.74544e+6 
           8230      4.71846e+6 
           8250      4.71373e+6 
           8270      4.73177e+6 
           8290      4.70413e+6 
           8310      4.65287e+6 
           8330      4.59879e+6 
           8350      4.62364e+6 
           8370      4.60733e+6 
           8390      4.54782e+6 
           8410      4.56659e+6 
           8430      4.51493e+6 
           8450      4.49893e+6 
           8470      4.45591e+6 
           8490      4.43687e+6 
           8510      4.21739e+6 
           8530      4.39277e+6 
           8550      3.78128e+6 
           8570      4.43921e+6 
           8590      4.35461e+6 
           8610      4.29525e+6 
           8630        4.383e+6 
           8650      4.32852e+6 
           8670      3.74956e+6 
           8690      4.25654e+6 
           8710      4.30427e+6 
           8730      4.27966e+6 
           8750      4.08464e+6 
           8770      4.24893e+6 
           8790      4.23241e+6 
           8810      4.18234e+6 
           8830      4.17851e+6 
           8850      4.14337e+6 
           8870       3.9679e+6 
           8890      4.14607e+6 
           8910      4.13351e+6 
           8930      4.08629e+6 
           8950      4.08281e+6 
           8970      4.07577e+6 
           8990      4.05958e+6 
           9010      3.83408e+6 
           9030      3.97651e+6 
           9050      4.02399e+6 
           9070      3.94692e+6 
           9090      3.86546e+6 
           9110      3.91361e+6 
           9130      3.94398e+6 
           9150      3.92647e+6 
           9170      3.90504e+6 
           9190      3.89679e+6 
           9210      3.81888e+6 
           9230       3.6342e+6 
           9250      3.76072e+6 
           9270      3.79681e+6 
           9290      3.80254e+6 
           9310      3.79537e+6 
           9330      3.77337e+6 
           9350      3.75559e+6 
           9370       3.7349e+6 
           9390      3.72537e+6 
           9410      3.61385e+6 
           9430      3.67267e+6 
           9450      3.64847e+6 
           9470      3.66346e+6 
           9490      3.65297e+6 
           9510      3.62845e+6 
           9530      3.59355e+6 
           9550      3.41356e+6 
           9570      3.55971e+6 
           9590      3.57101e+6 
           9610      3.53458e+6 
           9630      3.50517e+6 
           9650      3.49885e+6 
           9670      3.46929e+6 
           9690       3.4802e+6 
           9710      3.47693e+6 
           9730      3.46164e+6 
           9750      3.42417e+6 
           9770      3.42687e+6 
           9790      3.40753e+6 
           9810      3.40546e+6 
           9830      3.38978e+6 
           9850      3.37207e+6 
           9870      3.35081e+6 
           9890      3.33033e+6 
           9910      3.31918e+6 
           9930      3.31921e+6 
           9950       3.3068e+6 
           9970      3.29448e+6 
           9990      3.27985e+6 
          10025      3.22802e+6 
          10075      3.15565e+6 
          10125      3.17525e+6 
          10175      3.13643e+6 
          10225      3.11334e+6 
          10275      3.09122e+6 
          10325      3.03624e+6 
          10375      3.01432e+6 
          10425      2.99393e+6 
          10475      2.93778e+6 
          10525      2.92728e+6 
          10575      2.89181e+6 
          10625      2.85698e+6 
          10675      2.79319e+6 
          10725      2.79177e+6 
          10775      2.76206e+6 
          10825      2.72101e+6 
          10875      2.70124e+6 
          10925      2.61284e+6 
          10975      2.63406e+6 
          11025        2.637e+6 
          11075       2.6208e+6 
          11125       2.5871e+6 
          11175      2.55836e+6 
          11225      2.54417e+6 
          11275      2.49499e+6 
          11325      2.47688e+6 
          11375       2.4592e+6 
          11425      2.42191e+6 
          11475      2.42543e+6 
          11525      2.40335e+6 
          11575      2.37183e+6 
          11625      2.32928e+6 
          11675      2.30871e+6 
          11725      2.31496e+6 
          11775      2.26094e+6 
          11825      2.24932e+6 
          11875      2.21822e+6 
          11925      2.23208e+6 
          11975      2.17352e+6 
          12025      2.17625e+6 
          12075      2.15165e+6 
          12125      2.13727e+6 
          12175      2.12958e+6 
          12225      2.10925e+6 
          12275       2.0841e+6 
          12325      2.06971e+6 
          12375      2.04989e+6 
          12425      2.03231e+6 
          12475       2.0167e+6 
          12525      1.99465e+6 
          12575      1.97363e+6 
          12625      1.95734e+6 
          12675      1.94188e+6 
          12725      1.92951e+6 
          12775      1.90761e+6 
          12825      1.79629e+6 
          12875      1.87282e+6 
          12925      1.85738e+6 
          12975      1.84621e+6 
          13025      1.82782e+6 
          13075      1.81607e+6 
          13125      1.79152e+6 
          13175      1.77352e+6 
          13225      1.76957e+6 
          13275      1.74568e+6 
          13325      1.73672e+6 
          13375       1.7213e+6 
          13425      1.71132e+6 
          13475      1.69655e+6 
          13525      1.68107e+6 
          13575      1.65979e+6 
          13625      1.65114e+6 
          13675       1.6373e+6 
          13725      1.61583e+6 
          13775      1.60827e+6 
          13825       1.5965e+6 
          13875      1.58725e+6 
          13925      1.57292e+6 
          13975      1.56066e+6 
          14025      1.54336e+6 
          14075       1.5367e+6 
          14125       1.5174e+6 
          14175      1.51234e+6 
          14225      1.48895e+6 
          14275      1.47253e+6 
          14325      1.47389e+6 
          14375      1.46666e+6 
          14425      1.42401e+6 
          14475      1.44111e+6 
          14525      1.41329e+6 
          14570      1.41342e+6 
          14620      1.40151e+6 
          14675      1.39377e+6 
          14725      1.37369e+6 
          14775      1.36327e+6 
          14825      1.35604e+6 
          14875      1.33485e+6 
          14925      1.34393e+6 
          14975      1.32664e+6 
          15025        1.307e+6 
          15075       1.2932e+6 
          15125      1.29726e+6 
          15175      1.28938e+6 
          15225      1.27319e+6 
          15275      1.26464e+6 
          15325      1.25297e+6 
          15375       1.2468e+6 
          15425      1.22597e+6 
          15475      1.22761e+6 
          15525       1.2178e+6 
          15575      1.18813e+6 
          15625      1.20802e+6 
          15675      1.18032e+6 
          15725      1.15398e+6 
          15775      1.16135e+6 
          15825      1.16149e+6 
          15875      1.09052e+6 
          15925      1.13908e+6 
          15975      1.13978e+6 
          16050      1.11899e+6 
          16150      1.07209e+6 
          16250      1.09263e+6 
          16350       1.0591e+6 
          16450      1.00966e+6 
          16550      1.03134e+6 
          16650      1.01095e+6 
          16750          975977 
          16850          927912 
          16950          952045 
          17050          926760 
          17150          909744 
          17250          886465 
          17350          827856 
          17450          847765 
          17550          837545 
          17650          819702 
          17750          804799 
          17850          789800 
          17950          776184 
          18050          758208 
          18150          712343 
          18250          722881 
          18350          715371 
          18450          699269 
          18550          687613 
          18650          671961 
          18750          626740 
          18850          646296 
          18950          628341 
          19050          626048 
          19150          613354 
          19250          602391 
          19350          588103 
          19450          552314 
          19550          567873 
          19650          558663 
          19750          546588 
          19850          538520 
          19950          528810 
          20050          520859 
          20150          512519 
          20250          501499 
          20350          490823 
          20450          485613 
          20550          476562 
          20650          466648 
          20750          459396 
          20850          451706 
          20950          442494 
          21050          436363 
          21150          428194 
          21250          420888 
          21350          414085 
          21450          407883 
          21550          400514 
          21650          377427 
          21750          385362 
          21850          379870 
          21950          375046 
          22050          366973 
          22150          361930 
          22250          356417 
          22350          350595 
          22450          344998 
          22550          337959 
          22650          333159 
          22750          328477 
          22850          322577 
          22950          317219 
          23050          313145 
          23150          307833 
          23250          302611 
          23350          297903 
          23450          293998 
          23550          288415 
          23650          284762 
          23750          279872 
          23850          274847 
          23950          271565 
          24050          267312 
          24150          262603 
          24250          259173 
          24350          254749 
          24450          251062 
          24550          246752 
          24650          244016 
          24750          239828 
          24850          235816 
          24950          232125 
          25050          230300 
          25150          226667 
          25250          221921 
          25350          220308 
          25450          217109 
          25550          213601 
          25650          207908 
          25750          208211 
          25850          204173 
          25950          202311 
          26050          199123 
          26150          193130 
          26250          186675 
          26350          190518 
          26450          188057 
          26550          185436 
          26650          181962 
          26750          176792 
          26850          178321 
          26950          176045 
          27050          173521 
          27150          171192 
          27250          168878 
          27350          166617 
          27450          164426 
          27550          158430 
          27650          159065 
          27750          157749 
          27850          155681 
          27950          153730 
          28050          151649 
          28150          149680 
          28250          147673 
          28350          145822 
          28450          143677 
          28550          141933 
          28650          139719 
          28750          134655 
          28850          136367 
          28950          134730 
          29050          132991 
          29150          131234 
          29250          129409 
          29350          127951 
          29450          126211 
          29550          124728 
          29650          123155 
          29750          121601 
          29850          120115 
          29950          118504 
          30050          117032 
          30150          115636 
          30250          114168 
          30350          110301 
          30450          110601 
          30550          109987 
          30650          108549 
          30750          107382 
          30850          105895 
          30950          104634 
          31050          103453 
          31150          101769 
          31250          100933 
          31350         99719.4 
          31450         98560.7 
          31550         97236.5 
          31650         96243.3 
          31750         95025.2 
          31850         93968.7 
          31950         92912.9 
          32100         91209.2 
          32300           89119 
          32500         87051.9 
          32700         85039.1 
          32900         81850.2 
          33100         81053.4 
          33300           79257 
          33500         77608.8 
          33700         75797.7 
          33900         74050.5 
          34100         72406.8 
          34300         70950.1 
          34500         69449.3 
          34700         67928.5 
          34900         66474.8 
          35100         65040.6 
          35300         63607.3 
          35500         62291.8 
          35700         60915.7 
          35900         59642.5 
          36100         58434.3 
          36300         57237.6 
          36500         55922.1 
          36700         54799.7 
          36900         53504.3 
          37100         52491.3 
          37300         51315.2 
          37500         49799.4 
          37700         49455.3 
          37900         48470.4 
          38100         47436.2 
          38300         46572.2 
          38500         45713.6 
          38700         44761.7 
          38900         43889.3 
          39100         42931.5 
          39300         42246.8 
          39500         41390.2 
          39700         40637.2 
          39900         39752.8 
          40100         38989.5 
          40300         38222.9 
          40500         37212.6 
          40700         36913.7 
          40900         36226.9 
          41100           35592 
          41300         34945.6 
          41500         34268.4 
          41700         33450.8 
          41900         33035.6 
          42100         32369.5 
          42300         31889.5 
          42500         31285.4 
          42700         30751.5 
          42900         30076.4 
          43100         29414.6 
          43300         28926.6 
          43500           28259 
          43700         27543.3 
          43900         27257.7 
          44100           26612 
          44300         26205.2 
          44500         25766.6 
          44700         25202.8 
          44900         24859.2 
          45100           24417 
          45300         23930.1 
          45500         23592.9 
          45700         23231.7 
          45900         22748.9 
          46100         22454.5 
          46300         22067.6 
          46500           21582 
          46700         21288.7 
          46900           21075 
          47100         20745.2 
          47300         20460.7 
          47500         20111.8 
          47700         19789.5 
          47900         19496.5 
          48100         19152.3 
          48300         18898.8 
          48500         18584.7 
          48700         18294.1 
          48900         18010.9 
          49100         17742.6 
          49300         17459.4 
          49500           17191 
          49700         16918.7 
          49900         16692.6 
          50100         16403.5 
          50300         16183.9 
          50500         15900.9 
          50700           15679 
          50900         15464.4 
          51100         15210.8 
          51300         14903.5 
          51500         14769.5 
          51700         14579.4 
          51900         14339.9 
          52100         14124.6 
          52300         13918.9 
          52500         13732.5 
          52700         13538.5 
          52900         13320.5 
          53100           13152 
          53300         12953.1 
          53500         12780.5 
          53700         12587.5 
          53900         12417.3 
          54100         12250.7 
          54300         12058.1 
          54500         11910.5 
          54700         11732.2 
          54900         11570.7 
          55100         11423.6 
          55300         11258.6 
          55500           11102 
          55700         10968.6 
          55900         10795.4 
          56100         10661.7 
          56300         10513.6 
          56500         10385.5 
          56700         10246.6 
          56900         10097.4 
          57100         9952.18 
          57300         9840.24 
          57500         9707.76 
          57700         9578.34 
          57900          9453.3 
          58100         9327.62 
          58300         9206.87 
          58500         9090.73 
          58700         8966.58 
          58900         8844.33 
          59100         8681.45 
          59300         8623.62 
          59500         8475.94 
          59700         8402.43 
          59900         8296.97 
          60100         8189.16 
          60300         8087.47 
          60500         7984.28 
          60700         7880.73 
          60900         7779.79 
          61100         7674.75 
          61300         7587.36 
          61500         7494.27 
          61700         7400.35 
          61900         7308.55 
          62100         7217.98 
          62300         7119.29 
          62500         7036.76 
          62700         6950.45 
          62900         6842.52 
          63100         6777.47 
          63300         6701.89 
          63500            6619 
          63700         6538.98 
          63900         6458.16 
          64200         6343.64 
          64600         6190.02 
          65000         6042.14 
          65400         5903.09 
          65800         5764.89 
          66200         5629.23 
          66600          5499.9 
          67000          5372.4 
          67400         5248.23 
          67800         5119.44 
          68200          5013.4 
          68600         4900.41 
          69000         4790.35 
          69400         4682.64 
          69800          4580.2 
          70200         4477.31 
          70600         4380.69 
          71000         4285.35 
          71400         4192.33 
          71800         4101.61 
          72200         4012.93 
          72600         3927.22 
          73000         3844.99 
          73400         3762.73 
          73800         3684.48 
          74200         3606.68 
          74600         3517.94 
          75000         3440.39 
          75400          3387.5 
          75800         3318.67 
          76200         3251.01 
          76600         3185.23 
          77000         3120.54 
          77400         3058.36 
          77800         2996.25 
          78200         2937.89 
          78600         2879.83 
          79000         2823.15 
          79400         2767.77 
          79800         2713.88 
          80200         2660.93 
          80600         2609.42 
          81000         2559.83 
          81400         2508.63 
          81800         2462.65 
          82200          2416.5 
          82600         2370.89 
          83000          2326.5 
          83400         2282.41 
          83800         2240.28 
          84200         2199.18 
          84600         2158.74 
          85000         2119.28 
          85400         2080.52 
          85800         2042.74 
          86200         2005.73 
          86600         1968.05 
          87000         1934.57 
          87400         1897.97 
          87800         1864.14 
          88200         1832.99 
          88600         1800.78 
          89000         1769.17 
          89400         1738.48 
          89800         1707.85 
          90200         1678.61 
          90600            1650 
          91000          1621.2 
          91400         1593.56 
          91800         1566.83 
          92200         1540.41 
          92600          1514.3 
          93000         1489.02 
          93400         1463.99 
          93800         1437.82 
          94200         1415.87 
          94600         1392.35 
          95000         1369.54 
          95400         1346.99 
          95800         1325.05 
          96200         1303.51 
          96600          1282.4 
          97000         1261.96 
          97400         1241.25 
          97800         1221.43 
          98200         1202.32 
          98600         1183.24 
          99000         1164.56 
          99400         1146.01 
          99800          1128.3 
         100200         1110.71 
         200000         72.2182 
         400000         4.55232 
         600000        0.896523 
         800000        0.282306 
         1.0e+6        0.115068 
         1.2e+6       0.0552407 
         1.4e+6       0.0296925 
         1.6e+6       0.0173384 
