# Kurucz ODFNEW /NOVER models
# teff = 4750 K (value for the effective temperature for the model. Temperatures are given in K)
# logg = 1.00 log(cm/s2) (value for Log(G) for the model.)
# meta = -0.5  (value for the Metallicity for the model.)
# lh = 1.25  (l/Hp where l is the  mixing length of the convective element and Hp is the pressure scale height)
# vtur = 2.0 km/s (Microturbulence velocity)
#
# column 1: WAVELENGTH (ANGSTROM), Wavelength in Angstrom
# column 2: FLUX (ERG/CM2/S/A), Flux in erg/cm2/s/A
              0               0 
           90.9               0 
           93.5               0 
           96.1               0 
           97.7               0 
           99.6               0 
            102               0 
          103.8               0 
          105.6               0 
          107.7               0 
          110.4               0 
            114               0 
          117.8               0 
          121.3               0 
          124.8               0 
          127.1               0 
          128.4               0 
          130.5               0 
          132.4               0 
          133.9               0 
          136.6               0 
          139.8               0 
          143.3               0 
          147.2               0 
            151               0 
          155.2               0 
          158.8               0 
            162               0 
            166               0 
          170.3               0 
          173.4               0 
          176.8               0 
          180.2               0 
          181.7               0 
          186.1               0 
            191               0 
          193.9               0 
          198.4               0 
          201.8               0 
            205               0 
          210.5               0 
          216.2               0 
          219.8               0 
            223               0 
          226.8               0 
            230               0 
            234               0 
            240               0 
          246.5               0 
          252.4               0 
          256.8               0 
            260               0 
            264               0 
          268.5               0 
          273.5               0 
          278.5               0 
            284               0 
            290               0 
            296               0 
            301               0 
            308               0 
            318               0 
            328               0 
            338               0 
            348               0 
            357               0 
            366               0 
            375               0 
            385               0 
            395               0 
            405               0 
            414               0 
            422               0 
            430               0 
            441               0 
            451               0 
            460               0 
            470               0 
            480               0 
            490               0 
            500               0 
            506               0 
            512               0 
            520               0 
            530               0 
            540               0 
            550               0 
            560               0 
            570               0 
            580               0 
            590               0 
            600               0 
            610               0 
            620               0 
            630               0 
            640               0 
            650               0 
            658               0 
            665               0 
            675               0 
            685               0 
            695               0 
            705               0 
            716               0 
            726               0 
            735     3.92878e-25 
            745      1.0007e-24 
            755     2.48307e-24 
            765     6.00838e-24 
            775     1.41873e-23 
            785     3.27367e-23 
            795      7.3704e-23 
            805     1.62959e-22 
            815     3.52634e-22 
            825      7.4773e-22 
            835     1.55539e-21 
            845     3.17609e-21 
            855     6.37071e-21 
            865     1.25583e-20 
            875       2.434e-20 
            885       4.646e-20 
            895     8.72942e-20 
            905     1.61529e-19 
            915      4.1962e-15 
            925     1.42445e-14 
            935      1.7538e-14 
            945     3.13235e-14 
            955     5.30672e-14 
            965     8.74887e-14 
            975     1.08562e-13 
            985     2.01582e-13 
            995     3.09071e-13 
           1005     4.61129e-13 
           1015     6.58476e-13 
           1025     1.11439e-12 
           1035     1.77304e-12 
           1045     2.74365e-12 
           1055     3.66331e-12 
           1065     6.06102e-12 
           1075     8.95612e-12 
           1085     1.38925e-11 
           1095     1.85552e-11 
           1105     2.69352e-11 
           1115     4.01206e-11 
           1125     6.52627e-11 
           1135     9.95734e-11 
           1145     1.45255e-10 
           1155     2.15393e-10 
           1165     3.07581e-10 
           1175     4.44286e-10 
           1185     6.48064e-10 
           1195     8.63561e-10 
           1205      1.22915e-9 
           1215     4.22839e-10 
           1225      2.44135e-9 
           1235         3.58e-9 
           1245      4.96375e-9 
           1255      7.01041e-9 
           1265      9.78984e-9 
           1275      1.35221e-8 
           1285      1.79652e-8 
           1295      2.44635e-8 
           1305      3.31022e-8 
           1315      4.62496e-8 
           1325      6.21329e-8 
           1335      8.06085e-8 
           1345      1.08045e-7 
           1355      1.47682e-7 
           1365      1.82718e-7 
           1375      2.38437e-7 
           1385      2.86187e-7 
           1395      3.68847e-7 
           1405      5.29418e-7 
           1415      6.31714e-7 
           1425      7.99034e-7 
           1435      1.04372e-6 
           1442      1.35632e-6 
           1447      1.36774e-6 
           1455      1.68096e-6 
           1465      2.35581e-6 
           1475      2.70181e-6 
           1485      3.37296e-6 
           1495      4.75702e-6 
           1505      6.22705e-6 
           1512      5.50773e-6 
           1517      7.05451e-6 
           1525      9.36324e-6 
           1535      7.72559e-5 
           1545     0.000120137 
           1555     0.000243345 
           1565     0.000218157 
           1575      0.00205737 
           1585      0.00244403 
           1595      0.00269203 
           1605      0.00258254 
           1615        0.002517 
           1625      0.00283694 
           1635      0.00610821 
           1645       0.0107346 
           1655      0.00603203 
           1665       0.0141901 
           1672      0.00722092 
           1677       0.0248275 
           1685       0.0931416 
           1695        0.310297 
           1705        0.502314 
           1715        0.718321 
           1725         1.14957 
           1735         1.59905 
           1745         2.31369 
           1755         3.22556 
           1765          3.6247 
           1775         3.07578 
           1785         5.49873 
           1795         5.98638 
           1805         8.07536 
           1815         6.67959 
           1825         11.1644 
           1835         11.2016 
           1845         7.30258 
           1855         10.5341 
           1865         17.4977 
           1875         18.6789 
           1885         23.3774 
           1895         33.4754 
           1905         30.7788 
           1915          38.771 
           1925         38.4862 
           1935         22.5562 
           1945         55.9017 
           1955         65.8869 
           1967          87.501 
           1976         89.4254 
           1984         102.369 
           1995         108.674 
           2005          119.11 
           2015         132.247 
           2025         97.1723 
           2035         155.205 
           2045         175.239 
           2055         187.615 
           2065         178.319 
           2074         184.464 
           2078         246.344 
           2085         265.214 
           2095         320.361 
           2105         311.433 
           2115         260.051 
           2125         158.255 
           2135         365.993 
           2145         440.536 
           2155         528.654 
           2165         518.974 
           2175         606.153 
           2185         660.296 
           2195         887.635 
           2205           853.8 
           2215         681.224 
           2225         883.569 
           2235         1401.87 
           2245         1443.38 
           2255         1195.68 
           2265         919.095 
           2275         1504.19 
           2285         1820.08 
           2295         1847.88 
           2305         1455.44 
           2315         1848.14 
           2325         1751.92 
           2335         1737.16 
           2345         1116.14 
           2355         1848.05 
           2365         1287.15 
           2375         1670.12 
           2385         1095.57 
           2395         1496.14 
           2405         1733.97 
           2415         2013.54 
           2425         4007.15 
           2435         4975.66 
           2445         6294.92 
           2455         6690.11 
           2465         4872.77 
           2475         4402.54 
           2485         1027.48 
           2495         2805.22 
           2505         4788.02 
           2513         2602.68 
           2518         1266.91 
           2525         1699.11 
           2535         5280.06 
           2545         6633.03 
           2555         16706.4 
           2565         9939.29 
           2575         12575.8 
           2585         9022.16 
           2595         7354.99 
           2605         6057.88 
           2615         5967.01 
           2625         8408.13 
           2635         19819.6 
           2645         37956.1 
           2655         62187.7 
           2665         39550.7 
           2675         41376.2 
           2685         54357.5 
           2695         38472.7 
           2705         51594.9 
           2715         28534.2 
           2725         18522.9 
           2735         26404.6 
           2745         14891.2 
           2755         20862.6 
           2765         28833.2 
           2775         28806.3 
           2785         16992.2 
           2795         4380.36 
           2805         6054.58 
           2815         24453.5 
           2825         38742.2 
           2835         41591.4 
           2845         24660.5 
           2855         7425.05 
           2865         41242.4 
           2875         75030.6 
           2885         75837.3 
           2895          102321 
           2910          146482 
           2930          139275 
           2950          128532 
           2970          143532 
           2990          148407 
           3010          142366 
           3030          171539 
           3050          190453 
           3070          195026 
           3090          219920 
           3110          261874 
           3130          227302 
           3150          237869 
           3170          274399 
           3190          248264 
           3210          280165 
           3230          207700 
           3250          340750 
           3270          436099 
           3290          434504 
           3310          401002 
           3330          403437 
           3350          369125 
           3370          288921 
           3390          340438 
           3410          400637 
           3430          467931 
           3450          494142 
           3470          511365 
           3490          558411 
           3510          602274 
           3530          526145 
           3550          607401 
           3570          398046 
           3590          445830 
           3610          594692 
           3630          644737 
           3640          662098 
           3650          722017 
           3670          771534 
           3690          790670 
           3710          896439 
           3730          670228 
           3750          736824 
           3770          828135 
           3790          826342 
           3810          760567 
           3830          472503 
           3850          467682 
           3870          482153 
           3890          802179 
           3910          854118 
           3930          288239 
           3950          596926 
           3970          365258 
           3990      1.13823e+6 
           4010      1.42646e+6 
           4030      1.44555e+6 
           4050      1.39622e+6 
           4070      1.35187e+6 
           4090      1.65199e+6 
           4110      1.66807e+6 
           4130      1.51031e+6 
           4150      1.45639e+6 
           4170       1.4467e+6 
           4190      1.42168e+6 
           4210       1.5433e+6 
           4230      1.64692e+6 
           4250      1.63263e+6 
           4270      1.54675e+6 
           4290      1.38297e+6 
           4310      1.08794e+6 
           4330      1.77371e+6 
           4350      1.71123e+6 
           4370      1.83277e+6 
           4390      1.68044e+6 
           4410      1.85583e+6 
           4430      2.07534e+6 
           4450      2.09649e+6 
           4470      2.26575e+6 
           4490      2.34596e+6 
           4510      2.63469e+6 
           4530      2.36217e+6 
           4550      2.42407e+6 
           4570      2.62657e+6 
           4590      2.50556e+6 
           4610      2.64359e+6 
           4630       2.6157e+6 
           4650      2.65353e+6 
           4670      2.71843e+6 
           4690       2.6881e+6 
           4710       2.6334e+6 
           4730      2.75329e+6 
           4750      2.88444e+6 
           4770      2.91163e+6 
           4790      2.89541e+6 
           4810      2.86194e+6 
           4830      2.90417e+6 
           4850      2.80051e+6 
           4870       2.6184e+6 
           4890      2.89101e+6 
           4910      2.87657e+6 
           4930      2.83886e+6 
           4950      3.01537e+6 
           4970      2.99238e+6 
           4990      2.77887e+6 
           5010      2.67342e+6 
           5030      2.84622e+6 
           5050      2.88503e+6 
           5070      2.99407e+6 
           5090      2.83928e+6 
           5110      2.89703e+6 
           5130      2.78601e+6 
           5150      2.73558e+6 
           5170      2.68866e+6 
           5190      2.77945e+6 
           5210       2.8567e+6 
           5230       2.9061e+6 
           5250      2.96628e+6 
           5270      2.72284e+6 
           5290      3.01166e+6 
           5310      3.12743e+6 
           5330      2.87737e+6 
           5350      3.11191e+6 
           5370       3.1418e+6 
           5390      3.05501e+6 
           5410      3.00182e+6 
           5430      3.03225e+6 
           5450      3.19675e+6 
           5470      3.09521e+6 
           5490      3.06709e+6 
           5510      3.07164e+6 
           5530      3.13844e+6 
           5550      3.19486e+6 
           5570      3.14171e+6 
           5590      3.06937e+6 
           5610      3.19225e+6 
           5630      3.16926e+6 
           5650      3.17645e+6 
           5670      3.10054e+6 
           5690      3.18712e+6 
           5710       3.0777e+6 
           5730      3.32131e+6 
           5750      3.21063e+6 
           5770      3.26432e+6 
           5790      3.14935e+6 
           5810      3.24933e+6 
           5830      3.32185e+6 
           5850      3.24414e+6 
           5870      3.26417e+6 
           5890       3.0851e+6 
           5910       3.2308e+6 
           5930      3.23089e+6 
           5950      3.23485e+6 
           5970      3.28108e+6 
           5990       3.2317e+6 
           6010      3.17987e+6 
           6030      3.22367e+6 
           6050      3.28021e+6 
           6070      3.26672e+6 
           6090       3.1623e+6 
           6110      3.15373e+6 
           6130      3.04547e+6 
           6150      3.10438e+6 
           6170      3.01909e+6 
           6190      3.16341e+6 
           6210      3.16563e+6 
           6230      3.06634e+6 
           6250      2.95704e+6 
           6270       3.1105e+6 
           6290      3.13016e+6 
           6310      3.04205e+6 
           6330      3.08145e+6 
           6350      3.10261e+6 
           6370      3.08361e+6 
           6390       3.1018e+6 
           6410      3.04643e+6 
           6430      3.07134e+6 
           6450      3.07008e+6 
           6470      3.06076e+6 
           6490      2.98575e+6 
           6510      3.06646e+6 
           6530      3.08675e+6 
           6550      3.04475e+6 
           6570      2.87211e+6 
           6590      3.04053e+6 
           6610       3.0506e+6 
           6630      3.05587e+6 
           6650      3.03906e+6 
           6670      3.00731e+6 
           6690      3.07269e+6 
           6710       2.9914e+6 
           6730       3.0568e+6 
           6750      3.00815e+6 
           6770      3.01777e+6 
           6790      3.00239e+6 
           6810      2.99232e+6 
           6830      3.01309e+6 
           6850      2.94415e+6 
           6870       2.9766e+6 
           6890      3.00179e+6 
           6910      2.97159e+6 
           6930      2.94984e+6 
           6950      2.90629e+6 
           6970       2.9236e+6 
           6990      2.90103e+6 
           7010      2.82624e+6 
           7030      2.87589e+6 
           7050       2.9028e+6 
           7070      2.86251e+6 
           7090      2.85935e+6 
           7110      2.84149e+6 
           7130      2.79741e+6 
           7150      2.79373e+6 
           7170      2.80682e+6 
           7190      2.71733e+6 
           7210      2.77279e+6 
           7230      2.79473e+6 
           7250      2.80492e+6 
           7270      2.78558e+6 
           7290      2.70943e+6 
           7310      2.74397e+6 
           7330      2.74949e+6 
           7350      2.74334e+6 
           7370      2.77646e+6 
           7390      2.71427e+6 
           7410      2.67878e+6 
           7430      2.70928e+6 
           7450      2.71845e+6 
           7470      2.72754e+6 
           7490      2.70285e+6 
           7510      2.71659e+6 
           7530      2.71906e+6 
           7550      2.73197e+6 
           7570      2.70644e+6 
           7590      2.69945e+6 
           7610      2.69869e+6 
           7630      2.69989e+6 
           7650      2.69539e+6 
           7670      2.62743e+6 
           7690      2.68678e+6 
           7710      2.63161e+6 
           7730      2.63843e+6 
           7750      2.62063e+6 
           7770      2.66226e+6 
           7790       2.6514e+6 
           7810      2.64963e+6 
           7830       2.6221e+6 
           7850      2.60827e+6 
           7870      2.60932e+6 
           7890      2.54891e+6 
           7910      2.48552e+6 
           7930      2.47204e+6 
           7950      2.45258e+6 
           7970      2.51775e+6 
           7990      2.51159e+6 
           8010      2.49601e+6 
           8030      2.49645e+6 
           8050      2.47243e+6 
           8070      2.46551e+6 
           8090      2.40694e+6 
           8110      2.41559e+6 
           8130      2.43205e+6 
           8150      2.42512e+6 
           8170      2.42579e+6 
           8190      2.38143e+6 
           8210      2.37968e+6 
           8230      2.38348e+6 
           8250      2.40321e+6 
           8270       2.4208e+6 
           8290      2.40288e+6 
           8310      2.34218e+6 
           8330      2.33523e+6 
           8350      2.34983e+6 
           8370       2.3548e+6 
           8390       2.3019e+6 
           8410      2.35414e+6 
           8430      2.30396e+6 
           8450      2.34018e+6 
           8470      2.32095e+6 
           8490      2.27475e+6 
           8510      2.14911e+6 
           8530      2.22748e+6 
           8550       1.8151e+6 
           8570       2.3144e+6 
           8590      2.28821e+6 
           8610      2.28374e+6 
           8630      2.30084e+6 
           8650      2.25472e+6 
           8670      1.85822e+6 
           8690      2.22483e+6 
           8710      2.26796e+6 
           8730      2.27043e+6 
           8750      2.23507e+6 
           8770      2.27303e+6 
           8790       2.2509e+6 
           8810      2.21152e+6 
           8830      2.23128e+6 
           8850      2.23996e+6 
           8870      2.19329e+6 
           8890      2.23539e+6 
           8910      2.24164e+6 
           8930      2.20091e+6 
           8950      2.19028e+6 
           8970      2.19612e+6 
           8990      2.19932e+6 
           9010      2.12005e+6 
           9030      2.17396e+6 
           9050      2.20112e+6 
           9070      2.16701e+6 
           9090      2.10387e+6 
           9110      2.11479e+6 
           9130      2.15164e+6 
           9150      2.05351e+6 
           9170      2.01042e+6 
           9190      2.01711e+6 
           9210      1.97452e+6 
           9230       1.9799e+6 
           9250      1.97606e+6 
           9270      2.00744e+6 
           9290      1.99077e+6 
           9310      2.02152e+6 
           9330      2.02104e+6 
           9350      2.00098e+6 
           9370      1.99069e+6 
           9390       1.9694e+6 
           9410      1.92135e+6 
           9430      1.94239e+6 
           9450      1.91807e+6 
           9470      1.95324e+6 
           9490      1.94681e+6 
           9510      1.96434e+6 
           9530      1.94374e+6 
           9550      1.93342e+6 
           9570      1.94019e+6 
           9590      1.95001e+6 
           9610      1.93513e+6 
           9630       1.9193e+6 
           9650      1.90031e+6 
           9670       1.8927e+6 
           9690      1.91426e+6 
           9710      1.90627e+6 
           9730      1.90572e+6 
           9750      1.88562e+6 
           9770      1.89354e+6 
           9790      1.86962e+6 
           9810      1.89986e+6 
           9830      1.89634e+6 
           9850      1.89467e+6 
           9870      1.88433e+6 
           9890      1.88511e+6 
           9910      1.86988e+6 
           9930      1.88398e+6 
           9950      1.87523e+6 
           9970       1.8764e+6 
           9990      1.87285e+6 
          10025      1.85421e+6 
          10075      1.83689e+6 
          10125      1.82835e+6 
          10175      1.80224e+6 
          10225      1.80048e+6 
          10275      1.79773e+6 
          10325       1.7651e+6 
          10375      1.75642e+6 
          10425      1.75549e+6 
          10475      1.73111e+6 
          10525      1.72858e+6 
          10575      1.71089e+6 
          10625      1.69613e+6 
          10675       1.6648e+6 
          10725      1.66609e+6 
          10775      1.64767e+6 
          10825      1.62458e+6 
          10875      1.60646e+6 
          10925      1.57578e+6 
          10975       1.4935e+6 
          11025      1.48457e+6 
          11075      1.49942e+6 
          11125      1.49124e+6 
          11175      1.50034e+6 
          11225      1.49606e+6 
          11275      1.47449e+6 
          11325      1.48333e+6 
          11375      1.45654e+6 
          11425       1.4552e+6 
          11475      1.46488e+6 
          11525       1.4598e+6 
          11575       1.4414e+6 
          11625       1.4208e+6 
          11675      1.42057e+6 
          11725      1.43268e+6 
          11775      1.40418e+6 
          11825      1.39777e+6 
          11875      1.37914e+6 
          11925      1.39779e+6 
          11975       1.3531e+6 
          12025      1.36701e+6 
          12075      1.35274e+6 
          12125      1.34827e+6 
          12175      1.34921e+6 
          12225      1.34077e+6 
          12275      1.32862e+6 
          12325      1.32257e+6 
          12375      1.31161e+6 
          12425      1.30364e+6 
          12475      1.29992e+6 
          12525      1.28769e+6 
          12575      1.27949e+6 
          12625      1.27243e+6 
          12675      1.26173e+6 
          12725      1.25967e+6 
          12775      1.25459e+6 
          12825      1.21507e+6 
          12875      1.23201e+6 
          12925      1.21885e+6 
          12975      1.22111e+6 
          13025      1.21031e+6 
          13075       1.2079e+6 
          13125      1.19154e+6 
          13175      1.18277e+6 
          13225      1.18404e+6 
          13275        1.165e+6 
          13325      1.16699e+6 
          13375      1.15931e+6 
          13425      1.15901e+6 
          13475      1.15167e+6 
          13525      1.14554e+6 
          13575      1.12798e+6 
          13625       1.1227e+6 
          13675         1.12e+6 
          13725       1.1136e+6 
          13775       1.1088e+6 
          13825        1.105e+6 
          13875      1.09595e+6 
          13925       1.0928e+6 
          13975      1.08526e+6 
          14025      1.07196e+6 
          14075      1.05993e+6 
          14125      1.03531e+6 
          14175      1.03353e+6 
          14225       1.0193e+6 
          14275      1.00933e+6 
          14325      1.01981e+6 
          14375      1.02251e+6 
          14425          993785 
          14475       1.0159e+6 
          14525          992094 
          14570          991459 
          14620          984018 
          14675          978406 
          14725          965605 
          14775          968210 
          14825          964073 
          14875          957330 
          14925          968650 
          14975          958296 
          15025          945437 
          15075          935478 
          15125          941522 
          15175          942838 
          15225          934120 
          15275          931713 
          15325          927342 
          15375          928826 
          15425          918240 
          15475          922524 
          15525          912496 
          15575          893696 
          15625          913123 
          15675          895915 
          15725          885365 
          15775          873721 
          15825          881132 
          15875          842435 
          15925          873784 
          15975          873047 
          16050          863255 
          16150          842875 
          16250          846188 
          16350          833147 
          16450          801636 
          16550          808444 
          16650          789494 
          16750          773635 
          16850          744484 
          16950          752863 
          17050          727977 
          17150          718665 
          17250          700684 
          17350          673121 
          17450          674188 
          17550          663444 
          17650          650700 
          17750          637254 
          17850          627283 
          17950          617240 
          18050          602325 
          18150          583321 
          18250          578483 
          18350          569756 
          18450          555773 
          18550          548033 
          18650          534722 
          18750          513667 
          18850          516968 
          18950          498423 
          19050          500593 
          19150          489957 
          19250          482327 
          19350          469838 
          19450          453787 
          19550          455355 
          19650          446205 
          19750          435961 
          19850          429974 
          19950          422039 
          20050          417605 
          20150          412005 
          20250          401341 
          20350          392692 
          20450          390474 
          20550          382304 
          20650          374192 
          20750          368442 
          20850          362707 
          20950          354747 
          21050          351324 
          21150          344869 
          21250          339035 
          21350          333918 
          21450          328755 
          21550          323602 
          21650          312357 
          21750          310981 
          21850          306421 
          21950          302979 
          22050          295688 
          22150          293100 
          22250          287359 
          22350          282916 
          22450          278802 
          22550          273393 
          22650          269038 
          22750          266212 
          22850          260785 
          22950          233676 
          23050          242941 
          23150          241121 
          23250          216325 
          23350          226775 
          23450          227469 
          23550          202860 
          23650          214168 
          23750          213951 
          23850          192941 
          23950          201763 
          24050          203013 
          24150          186653 
          24250          192170 
          24350          193187 
          24450          182378 
          24550          181157 
          24650          185946 
          24750          179047 
          24850          172478 
          24950          175976 
          25050          176597 
          25150          166143 
          25250          168924 
          25350          169124 
          25450          164698 
          25550          162539 
          25650          161395 
          25750          161587 
          25850          154628 
          25950          155950 
          26050          155016 
          26150          151684 
          26250          149126 
          26350          149114 
          26450          147811 
          26550          144578 
          26650          142121 
          26750          142571 
          26850          141323 
          26950          138632 
          27050          137866 
          27150          136178 
          27250          134962 
          27350          132416 
          27450          131698 
          27550          129522 
          27650          128267 
          27750          126527 
          27850          125280 
          27950          124057 
          28050          122289 
          28150          120789 
          28250          119477 
          28350          118383 
          28450          116603 
          28550          115214 
          28650          113778 
          28750          111543 
          28850          111088 
          28950          109818 
          29050          108336 
          29150          107182 
          29250          105345 
          29350          104453 
          29450          102867 
          29550          101909 
          29650          100546 
          29750         99462.4 
          29850         98340.6 
          29950         96928.9 
          30050         95625.7 
          30150         94818.4 
          30250         93608.1 
          30350         91593.5 
          30450         90931.8 
          30550         90188.1 
          30650           88979 
          30750         88142.3 
          30850         86720.7 
          30950         85677.4 
          31050         85001.4 
          31150         83408.3 
          31250         82906.1 
          31350         81634.4 
          31450         80990.4 
          31550         79796.7 
          31650           79090 
          31750         77987.4 
          31850         77075.1 
          31950           76346 
          32100         74994.3 
          32300         73100.8 
          32500         71590.4 
          32700         69931.7 
          32900         67869.4 
          33100         66769.8 
          33300         65042.7 
          33500         63811.7 
          33700         62396.4 
          33900         60711.6 
          34100         59525.3 
          34300         58464.9 
          34500         57045.1 
          34700         55942.2 
          34900         54801.8 
          35100         53533.9 
          35300           52285 
          35500         51362.5 
          35700         50106.1 
          35900           49067 
          36100         48250.1 
          36300         47179.5 
          36500         46081.4 
          36700         45133.2 
          36900         44061.4 
          37100         43141.3 
          37300         42379.6 
          37500         41237.4 
          37700         40726.8 
          37900           39965 
          38100           39134 
          38300         38464.3 
          38500         37735.2 
          38700         36966.5 
          38900         36208.9 
          39100         35541.3 
          39300         34890.1 
          39500         34163.4 
          39700         33571.7 
          39900         32717.6 
          40100         32223.5 
          40300           31656 
          40500         30960.8 
          40700         30470.6 
          40900         29952.7 
          41100         29423.3 
          41300         28915.9 
          41500         28331.6 
          41700         27776.7 
          41900           27334 
          42100         26730.6 
          42300           26409 
          42500         25860.6 
          42700         25447.5 
          42900         24021.4 
          43100         22941.2 
          43300         23205.9 
          43500         21860.2 
          43700         21354.8 
          43900         21180.2 
          44100         19682.9 
          44300         19780.1 
          44500           19304 
          44700         18185.7 
          44900         18463.4 
          45100         18006.1 
          45300         17071.3 
          45500         17253.8 
          45700         17031.3 
          45900         16058.5 
          46100         16337.5 
          46300         15900.4 
          46500         15708.6 
          46700         15556.6 
          46900         15329.5 
          47100         14959.9 
          47300         15066.9 
          47500         14731.6 
          47700         14524.9 
          47900         14298.2 
          48100         13965.1 
          48300           14111 
          48500         13788.3 
          48700         13508.3 
          48900         13434.4 
          49100         13139.6 
          49300         12989.6 
          49500         12814.9 
          49700         12690.8 
          49900         12466.4 
          50100         12206.2 
          50300         12218.1 
          50500         11911.9 
          50700         11782.5 
          50900         11659.1 
          51100         11440.8 
          51300         11301.8 
          51500         11160.8 
          51700         11148.3 
          51900         10891.1 
          52100         10689.3 
          52300         10587.4 
          52500         10515.4 
          52700         10493.8 
          52900         10154.1 
          53100         10044.8 
          53300         9953.44 
          53500         9835.86 
          53700         9727.07 
          53900         9617.79 
          54100         9497.78 
          54300         9310.38 
          54500          9276.3 
          54700         9114.65 
          54900         9008.01 
          55100         8884.89 
          55300         8911.06 
          55500         8642.69 
          55700          8671.2 
          55900         8488.95 
          56100         8422.79 
          56300         8257.96 
          56500         8236.32 
          56700         8124.05 
          56900          7953.7 
          57100         7936.59 
          57300         7842.36 
          57500         7741.87 
          57700         7631.37 
          57900          7586.4 
          58100         7454.01 
          58300         7372.59 
          58500          7301.9 
          58700         7175.26 
          58900         7103.04 
          59100         7028.93 
          59300         6950.66 
          59500         6839.73 
          59700         6798.21 
          59900         6715.41 
          60100         6637.91 
          60300         6556.34 
          60500         6456.15 
          60700         6385.25 
          60900         6307.12 
          61100         6216.86 
          61300         6162.53 
          61500         6096.22 
          61700         6038.15 
          61900         5969.11 
          62100         5902.97 
          62300         5820.68 
          62500         5738.54 
          62700         5680.26 
          62900         5609.15 
          63100         5540.34 
          63300         5497.77 
          63500         5417.31 
          63700         5380.94 
          63900         5292.78 
          64200         5213.54 
          64600         5087.96 
          65000         4975.96 
          65400         4861.19 
          65800         4759.39 
          66200         4644.08 
          66600         4545.33 
          67000          4444.9 
          67400         4340.31 
          67800         4245.39 
          68200         4151.83 
          68600         4062.58 
          69000         3970.36 
          69400         3882.07 
          69800          3799.9 
          70200         3714.67 
          70600         3636.51 
          71000         3557.46 
          71400         3482.09 
          71800         3406.27 
          72200         3333.72 
          72600         3262.49 
          73000         3194.83 
          73400         3126.12 
          73800         3062.23 
          74200         2996.45 
          74600         2930.42 
          75000         2871.59 
          75400         2815.09 
          75800         2758.12 
          76200         2701.47 
          76600         2646.75 
          77000         2592.06 
          77400         2540.19 
          77800         2488.86 
          78200         2439.44 
          78600         2390.71 
          79000         2343.74 
          79400         2297.36 
          79800         2252.91 
          80200         2208.65 
          80600         2166.08 
          81000         2125.85 
          81400         2084.14 
          81800         2045.34 
          82200         2007.47 
          82600         1969.41 
          83000         1932.49 
          83400         1895.58 
          83800         1860.73 
          84200         1826.46 
          84600         1792.91 
          85000         1759.71 
          85400         1727.66 
          85800         1696.19 
          86200         1665.37 
          86600         1635.21 
          87000         1606.27 
          87400         1577.59 
          87800         1549.18 
          88200         1521.69 
          88600         1495.07 
          89000         1468.82 
          89400         1443.41 
          89800         1417.78 
          90200         1393.84 
          90600         1370.36 
          91000         1345.88 
          91400         1322.85 
          91800         1301.15 
          92200         1279.25 
          92600          1257.5 
          93000         1236.82 
          93400         1215.58 
          93800         1195.13 
          94200         1176.17 
          94600         1155.98 
          95000         1137.66 
          95400         1118.95 
          95800         1100.11 
          96200         1082.79 
          96600         1064.44 
          97000         1048.23 
          97400         1030.58 
          97800         1013.54 
          98200         998.663 
          98600         982.789 
          99000         966.945 
          99400         951.173 
          99800         937.244 
         100200         922.572 
         200000         59.6722 
         400000         3.73481 
         600000        0.733148 
         800000        0.230647 
         1.0e+6       0.0940356 
         1.2e+6       0.0451709 
         1.4e+6       0.0242991 
         1.6e+6       0.0141983 
