# Kurucz ODFNEW /NOVER models
# teff = 9500 K (value for the effective temperature for the model. Temperatures are given in K)
# logg = 5.00 log(cm/s2) (value for Log(G) for the model.)
# meta = -0.5  (value for the Metallicity for the model.)
# lh = 1.25  (l/Hp where l is the  mixing length of the convective element and Hp is the pressure scale height)
# vtur = 2.0 km/s (Microturbulence velocity)
#
# column 1: WAVELENGTH (ANGSTROM), Wavelength in Angstrom
# column 2: FLUX (ERG/CM2/S/A), Flux in erg/cm2/s/A
              0               0 
           90.9               0 
           93.5               0 
           96.1               0 
           97.7               0 
           99.6               0 
            102               0 
          103.8               0 
          105.6               0 
          107.7               0 
          110.4               0 
            114               0 
          117.8               0 
          121.3               0 
          124.8               0 
          127.1               0 
          128.4               0 
          130.5               0 
          132.4               0 
          133.9               0 
          136.6               0 
          139.8               0 
          143.3               0 
          147.2               0 
            151               0 
          155.2               0 
          158.8               0 
            162               0 
            166               0 
          170.3               0 
          173.4               0 
          176.8               0 
          180.2               0 
          181.7               0 
          186.1               0 
            191               0 
          193.9               0 
          198.4               0 
          201.8               0 
            205               0 
          210.5               0 
          216.2               0 
          219.8               0 
            223               0 
          226.8               0 
            230               0 
            234               0 
            240               0 
          246.5               0 
          252.4               0 
          256.8               0 
            260               0 
            264               0 
          268.5               0 
          273.5               0 
          278.5      8.0643e-23 
            284      3.9191e-22 
            290      1.9628e-21 
            296     9.16328e-21 
            301      3.1662e-20 
            308       1.681e-19 
            318     1.60659e-18 
            328     1.34113e-17 
            338     9.87498e-17 
            348     6.47483e-16 
            357     3.21635e-15 
            366     1.47432e-14 
            375     6.27334e-14 
            385     2.89261e-13 
            395     1.23147e-12 
            405     4.87262e-12 
            414     1.58485e-11 
            422      4.3278e-11 
            430      1.1372e-10 
            441     4.04525e-10 
            451      1.21214e-9 
            460      3.12048e-9 
            470      8.53416e-9 
            480      2.23373e-8 
            490      5.61143e-8 
            500      1.35596e-7 
            506      2.24756e-7 
            512      3.77286e-7 
            520      7.19118e-7 
            530      1.56499e-6 
            540      3.30284e-6 
            550      6.77792e-6 
            560       1.3534e-5 
            570       2.6341e-5 
            580      5.00333e-5 
            590      9.28763e-5 
            600      0.00016867 
            610     0.000299966 
            620     0.000523033 
            630     0.000894946 
            640      0.00150398 
            650      0.00248455 
            658      0.00366904 
            665      0.00511779 
            675      0.00812737 
            685         0.01272 
            695       0.0196334 
            705       0.0299027 
            716       0.0468069 
            726       0.0694478 
            735       0.0980696 
            745        0.142391 
            755        0.204516 
            765        0.290724 
            775        0.409205 
            785        0.570502 
            795        0.788121 
            805         1.07922 
            815         1.46535 
            825         1.97347 
            835         2.63702 
            845         3.49708 
            855         4.60394 
            865         6.01881 
            875         7.81484 
            885         10.0808 
            895         12.9223 
            905         16.4634 
            915         84.2444 
            925         595.415 
            935         1048.54 
            945         1823.06 
            955         2604.24 
            965         3461.52 
            975         2883.07 
            985         4966.63 
            995         5577.76 
           1005         6888.39 
           1015         7681.43 
           1025         5459.34 
           1035         9933.95 
           1045         12131.7 
           1055         13939.4 
           1065         15563.1 
           1075         18213.1 
           1085         20742.1 
           1095           22916 
           1105         35756.2 
           1115          149338 
           1125          278425 
           1135          419479 
           1145          336952 
           1155          273785 
           1165          215658 
           1175          179226 
           1185          167090 
           1195           99320 
           1205         79008.2 
           1215         20765.8 
           1225         84151.7 
           1235          170237 
           1245          256950 
           1255          455178 
           1265          770682 
           1275      2.13701e+6 
           1285      7.35631e+6 
           1295      1.19462e+7 
           1305       1.0712e+7 
           1315      1.97761e+7 
           1325      2.55935e+7 
           1335      2.95195e+7 
           1345      3.80889e+7 
           1355      3.56288e+7 
           1365      3.57011e+7 
           1375      3.48967e+7 
           1385      2.63857e+7 
           1395      2.68606e+7 
           1405      4.01725e+7 
           1415      5.34815e+7 
           1425      6.07463e+7 
           1435      5.37609e+7 
           1442      6.53158e+7 
           1447      6.67542e+7 
           1455      7.03217e+7 
           1465      6.34004e+7 
           1475      6.42683e+7 
           1485      6.59304e+7 
           1495       7.1541e+7 
           1505      7.37268e+7 
           1512      6.80493e+7 
           1517      7.26076e+7 
           1525       6.8493e+7 
           1535      7.10892e+7 
           1545      7.84134e+7 
           1555      5.81963e+7 
           1565      4.63032e+7 
           1575      6.57229e+7 
           1585      7.48294e+7 
           1595      7.89926e+7 
           1605      7.84662e+7 
           1615      8.24417e+7 
           1625      7.57333e+7 
           1635      8.26723e+7 
           1645       1.0333e+8 
           1655      7.71087e+7 
           1665      1.03929e+8 
           1672      7.92304e+7 
           1677      9.85532e+7 
           1685       1.0973e+8 
           1695      9.24995e+7 
           1705       9.5575e+7 
           1715      1.01522e+8 
           1725      9.96282e+7 
           1735      1.06069e+8 
           1745      1.01829e+8 
           1755      1.10113e+8 
           1765      9.32361e+7 
           1775       1.0629e+8 
           1785      1.05449e+8 
           1795      1.13258e+8 
           1805      1.05974e+8 
           1815       1.0541e+8 
           1825      1.00285e+8 
           1835      9.93698e+7 
           1845      9.12268e+7 
           1855      9.60967e+7 
           1865       9.8209e+7 
           1875      1.00174e+8 
           1885      9.98881e+7 
           1895      9.97904e+7 
           1905      9.46948e+7 
           1915      9.90041e+7 
           1925      9.97622e+7 
           1935      9.35319e+7 
           1945      1.01536e+8 
           1955      1.00303e+8 
           1967      1.02189e+8 
           1976      9.89735e+7 
           1984      9.70572e+7 
           1995      9.49014e+7 
           2005      9.20387e+7 
           2015      9.05217e+7 
           2025      8.75223e+7 
           2035      9.20896e+7 
           2045      9.47677e+7 
           2055      9.10017e+7 
           2065      8.97866e+7 
           2074      9.33095e+7 
           2078      9.52189e+7 
           2085      9.39133e+7 
           2095      9.07013e+7 
           2105      8.85155e+7 
           2115      8.88003e+7 
           2125      8.96185e+7 
           2135      7.92864e+7 
           2145      8.70052e+7 
           2155      8.62323e+7 
           2165      8.20697e+7 
           2175      8.11178e+7 
           2185      8.22708e+7 
           2195      8.60578e+7 
           2205      8.26989e+7 
           2215      7.66947e+7 
           2225      7.70413e+7 
           2235      8.40609e+7 
           2245      7.70724e+7 
           2255       7.5116e+7 
           2265      7.42412e+7 
           2275      7.84815e+7 
           2285      8.04946e+7 
           2295      7.55387e+7 
           2305      7.54874e+7 
           2315      7.42673e+7 
           2325      7.39924e+7 
           2335      7.21921e+7 
           2345      6.63327e+7 
           2355      7.36884e+7 
           2365      6.71952e+7 
           2375      7.03685e+7 
           2385      6.30778e+7 
           2395      6.79899e+7 
           2405      6.54912e+7 
           2415      6.63321e+7 
           2425      6.93801e+7 
           2435      6.61429e+7 
           2445      6.97623e+7 
           2455        6.762e+7 
           2465      6.72458e+7 
           2475      6.45081e+7 
           2485      6.69245e+7 
           2495      6.47974e+7 
           2505      7.04707e+7 
           2513      6.50655e+7 
           2518      6.51281e+7 
           2525      6.14703e+7 
           2535      6.06111e+7 
           2545      6.01824e+7 
           2555      6.39826e+7 
           2565      6.40402e+7 
           2575      6.77084e+7 
           2585       6.8144e+7 
           2595      6.77039e+7 
           2605      6.50921e+7 
           2615      6.43472e+7 
           2625      6.69853e+7 
           2635      6.70747e+7 
           2645      7.24002e+7 
           2655      7.16849e+7 
           2665      6.74401e+7 
           2675      6.92955e+7 
           2685      6.98358e+7 
           2695      6.66888e+7 
           2705      6.73808e+7 
           2715      6.46161e+7 
           2725      6.47669e+7 
           2735      6.81821e+7 
           2745      6.07817e+7 
           2755      6.14182e+7 
           2765      6.35173e+7 
           2775      6.61279e+7 
           2785      6.45951e+7 
           2795      5.15856e+7 
           2805      5.70889e+7 
           2815       6.7295e+7 
           2825      6.72207e+7 
           2835      6.52708e+7 
           2845      6.32628e+7 
           2855      6.14017e+7 
           2865      6.44344e+7 
           2875      6.31573e+7 
           2885      6.43001e+7 
           2895      6.30071e+7 
           2910      6.68792e+7 
           2930        6.442e+7 
           2950      6.40863e+7 
           2970      6.42596e+7 
           2990      6.41613e+7 
           3010        6.453e+7 
           3030      6.40255e+7 
           3050      6.35125e+7 
           3070      6.29156e+7 
           3090      6.29798e+7 
           3110      6.20322e+7 
           3130      6.16727e+7 
           3150      6.18868e+7 
           3170      6.13969e+7 
           3190      5.94632e+7 
           3210      6.00553e+7 
           3230       5.8935e+7 
           3250       5.9328e+7 
           3270      5.95031e+7 
           3290      5.95127e+7 
           3310      5.93904e+7 
           3330      5.83498e+7 
           3350      5.74369e+7 
           3370      5.73245e+7 
           3390       5.6745e+7 
           3410      5.70922e+7 
           3430      5.67645e+7 
           3450      5.63079e+7 
           3470      5.57638e+7 
           3490      5.55162e+7 
           3510      5.55734e+7 
           3530      5.53174e+7 
           3550      5.51055e+7 
           3570      5.42148e+7 
           3590      5.38754e+7 
           3610      5.35663e+7 
           3630      5.33523e+7 
           3640      5.31361e+7 
           3650      5.34986e+7 
           3670      5.34179e+7 
           3690      5.22952e+7 
           3710       5.1087e+7 
           3730      4.85316e+7 
           3750      5.45895e+7 
           3770      5.63709e+7 
           3790      6.72674e+7 
           3810      7.88724e+7 
           3830      6.34891e+7 
           3850      8.87404e+7 
           3870      1.02722e+8 
           3890      5.60288e+7 
           3910      1.04359e+8 
           3930      1.15637e+8 
           3950      1.04676e+8 
           3970      5.40682e+7 
           3990      9.89384e+7 
           4010      1.23275e+8 
           4030      1.27193e+8 
           4050      1.24399e+8 
           4070      1.12419e+8 
           4090      7.78093e+7 
           4110      5.94153e+7 
           4130      1.03545e+8 
           4150      1.16461e+8 
           4170      1.18945e+8 
           4190      1.18417e+8 
           4210      1.17344e+8 
           4230      1.14879e+8 
           4250      1.13633e+8 
           4270      1.10253e+8 
           4290      1.06802e+8 
           4310      9.47782e+7 
           4330      6.46949e+7 
           4350      5.53255e+7 
           4370      9.01221e+7 
           4390      9.91375e+7 
           4410       1.0122e+8 
           4430      1.01187e+8 
           4450      1.01331e+8 
           4470      1.00285e+8 
           4490      9.81847e+7 
           4510      9.81715e+7 
           4530      9.67469e+7 
           4550      9.50084e+7 
           4570      9.48369e+7 
           4590      9.32897e+7 
           4610      9.28793e+7 
           4630      9.11453e+7 
           4650      9.05529e+7 
           4670      8.94371e+7 
           4690      8.74117e+7 
           4710      8.46518e+7 
           4730       8.5842e+7 
           4750      8.46164e+7 
           4770      8.30488e+7 
           4790      8.10549e+7 
           4810      7.76223e+7 
           4830      7.01934e+7 
           4850      5.11047e+7 
           4870      4.19128e+7 
           4890      6.48025e+7 
           4910      7.22782e+7 
           4930      7.36971e+7 
           4950      7.44358e+7 
           4970      7.43398e+7 
           4990      7.35409e+7 
           5010      7.22854e+7 
           5030      7.21226e+7 
           5050      7.10724e+7 
           5070      7.07414e+7 
           5090      7.00006e+7 
           5110      6.92646e+7 
           5130      6.84222e+7 
           5150      6.75507e+7 
           5170      6.59903e+7 
           5190      6.54729e+7 
           5210      6.53182e+7 
           5230      6.42824e+7 
           5250      6.40725e+7 
           5270      6.27571e+7 
           5290      6.26332e+7 
           5310      6.17522e+7 
           5330      6.09397e+7 
           5350      6.06309e+7 
           5370      5.98443e+7 
           5390      5.92534e+7 
           5410      5.84376e+7 
           5430       5.7985e+7 
           5450      5.74219e+7 
           5470      5.68215e+7 
           5490      5.62531e+7 
           5510      5.56829e+7 
           5530      5.50062e+7 
           5550      5.45224e+7 
           5570      5.39045e+7 
           5590      5.33133e+7 
           5610      5.28105e+7 
           5630      5.23054e+7 
           5650      5.17514e+7 
           5670      5.11866e+7 
           5690      5.06877e+7 
           5710      5.01694e+7 
           5730      4.96969e+7 
           5750      4.91537e+7 
           5770      4.86686e+7 
           5790      4.81665e+7 
           5810      4.76859e+7 
           5830      4.72143e+7 
           5850      4.67301e+7 
           5870      4.62307e+7 
           5890       4.5483e+7 
           5910      4.53373e+7 
           5930      4.48906e+7 
           5950      4.44265e+7 
           5970      4.39984e+7 
           5990      4.35392e+7 
           6010      4.30892e+7 
           6030      4.26991e+7 
           6050      4.22824e+7 
           6070      4.18879e+7 
           6090      4.14739e+7 
           6110      4.10587e+7 
           6130      4.06297e+7 
           6150      4.00999e+7 
           6170      3.98187e+7 
           6190      3.95096e+7 
           6210      3.91304e+7 
           6230      3.87332e+7 
           6250      3.82763e+7 
           6270       3.8023e+7 
           6290      3.76623e+7 
           6310      3.72726e+7 
           6330      3.69266e+7 
           6350       3.6387e+7 
           6370      3.60761e+7 
           6390      3.58045e+7 
           6410      3.54055e+7 
           6430      3.50478e+7 
           6450      3.45331e+7 
           6470      3.41551e+7 
           6490      3.35183e+7 
           6510      3.25928e+7 
           6530      3.06565e+7 
           6550      2.56083e+7 
           6570      2.09596e+7 
           6590      2.83501e+7 
           6610      3.06526e+7 
           6630      3.12863e+7 
           6650      3.13754e+7 
           6670      3.12639e+7 
           6690      3.10873e+7 
           6710      3.08645e+7 
           6730      3.06115e+7 
           6750      3.03519e+7 
           6770      3.01555e+7 
           6790      2.98931e+7 
           6810      2.96324e+7 
           6830      2.93598e+7 
           6850      2.91011e+7 
           6870      2.88521e+7 
           6890      2.86007e+7 
           6910       2.8347e+7 
           6930       2.8095e+7 
           6950      2.78509e+7 
           6970      2.76067e+7 
           6990      2.73711e+7 
           7010      2.71055e+7 
           7030      2.68829e+7 
           7050      2.66571e+7 
           7070      2.64334e+7 
           7090      2.62072e+7 
           7110      2.58454e+7 
           7130      2.57339e+7 
           7150      2.55187e+7 
           7170      2.53106e+7 
           7190      2.50905e+7 
           7210      2.48827e+7 
           7230      2.46717e+7 
           7250       2.4449e+7 
           7270      2.42605e+7 
           7290      2.40425e+7 
           7310      2.38484e+7 
           7330      2.36483e+7 
           7350      2.34577e+7 
           7370       2.3264e+7 
           7390      2.30631e+7 
           7410      2.28571e+7 
           7430      2.26496e+7 
           7450      2.24786e+7 
           7470      2.22591e+7 
           7490      2.20914e+7 
           7510      2.19352e+7 
           7530      2.17597e+7 
           7550      2.15903e+7 
           7570       2.1412e+7 
           7590      2.12385e+7 
           7610      2.10658e+7 
           7630      2.08921e+7 
           7650      2.07199e+7 
           7670      2.05416e+7 
           7690      2.03814e+7 
           7710      2.02168e+7 
           7730      2.00638e+7 
           7750      1.98989e+7 
           7770      1.94521e+7 
           7790      1.95864e+7 
           7810        1.943e+7 
           7830      1.92651e+7 
           7850      1.91011e+7 
           7870      1.89183e+7 
           7890      1.87499e+7 
           7910       1.8648e+7 
           7930      1.85086e+7 
           7950      1.83375e+7 
           7970      1.82354e+7 
           7990      1.80139e+7 
           8010      1.79458e+7 
           8030      1.78016e+7 
           8050       1.7669e+7 
           8070      1.75289e+7 
           8090       1.7394e+7 
           8110      1.72636e+7 
           8130      1.71332e+7 
           8150      1.70004e+7 
           8170      1.68699e+7 
           8190      1.66809e+7 
           8210      1.66014e+7 
           8230      1.64724e+7 
           8250      1.63545e+7 
           8270      1.62997e+7 
           8290      1.61806e+7 
           8310      1.60679e+7 
           8330       1.5892e+7 
           8350      1.58446e+7 
           8370      1.57356e+7 
           8390      1.56141e+7 
           8410      1.55016e+7 
           8430       1.5374e+7 
           8450      1.51368e+7 
           8470      1.50942e+7 
           8490      1.50195e+7 
           8510      1.46764e+7 
           8530      1.48081e+7 
           8550      1.41169e+7 
           8570      1.46855e+7 
           8590      1.41108e+7 
           8610      1.39177e+7 
           8630      1.45033e+7 
           8650      1.39741e+7 
           8670      1.25786e+7 
           8690      1.40338e+7 
           8710      1.43896e+7 
           8730      1.37587e+7 
           8750      1.15943e+7 
           8770       1.3104e+7 
           8790      1.41625e+7 
           8810      1.42866e+7 
           8830      1.38146e+7 
           8850      1.21904e+7 
           8870      1.07086e+7 
           8890       1.2981e+7 
           8910      1.38234e+7 
           8930      1.40625e+7 
           8950       1.4051e+7 
           8970       1.3618e+7 
           8990      1.26047e+7 
           9010      1.02225e+7 
           9030      1.09599e+7 
           9050      1.26783e+7 
           9070      1.31912e+7 
           9090      1.33092e+7 
           9110        1.352e+7 
           9130      1.35105e+7 
           9150      1.33445e+7 
           9170      1.30152e+7 
           9190       1.2402e+7 
           9210      1.11601e+7 
           9230      8.96314e+6 
           9250      1.07208e+7 
           9270      1.18315e+7 
           9290      1.24485e+7 
           9310      1.26294e+7 
           9330      1.26679e+7 
           9350      1.26474e+7 
           9370        1.259e+7 
           9390      1.24809e+7 
           9410      1.22433e+7 
           9430      1.22659e+7 
           9450      1.21259e+7 
           9470      1.19168e+7 
           9490      1.15797e+7 
           9510      1.09757e+7 
           9530      9.75291e+6 
           9550      8.04703e+6 
           9570       9.8513e+6 
           9590      1.07844e+7 
           9610      1.11348e+7 
           9630       1.1219e+7 
           9650      1.13324e+7 
           9670      1.12509e+7 
           9690      1.12619e+7 
           9710      1.12295e+7 
           9730      1.11623e+7 
           9750      1.10864e+7 
           9770      1.10241e+7 
           9790        1.095e+7 
           9810      1.08733e+7 
           9830      1.07913e+7 
           9850      1.07025e+7 
           9870      1.06205e+7 
           9890      1.04975e+7 
           9910      1.04421e+7 
           9930       1.0334e+7 
           9950      1.02137e+7 
           9970      1.00477e+7 
           9990       9.7878e+6 
          10025       8.5669e+6 
          10075      8.14287e+6 
          10125      9.42308e+6 
          10175      9.52899e+6 
          10225      9.43855e+6 
          10275      9.30517e+6 
          10325      9.16684e+6 
          10375      9.02411e+6 
          10425      8.87778e+6 
          10475      8.70432e+6 
          10525      8.58135e+6 
          10575      8.44614e+6 
          10625      8.31079e+6 
          10675      8.07938e+6 
          10725      7.98851e+6 
          10775      7.86101e+6 
          10825      7.66347e+6 
          10875      7.29311e+6 
          10925      5.98605e+6 
          10975      6.53215e+6 
          11025      7.10034e+6 
          11075      7.13926e+6 
          11125      7.07007e+6 
          11175       6.9795e+6 
          11225      6.88935e+6 
          11275      6.74185e+6 
          11325      6.63956e+6 
          11375      6.57607e+6 
          11425      6.47246e+6 
          11475       6.3893e+6 
          11525      6.29567e+6 
          11575      6.20091e+6 
          11625      6.08887e+6 
          11675      5.97519e+6 
          11725      5.93118e+6 
          11775      5.78638e+6 
          11825      5.73512e+6 
          11875      5.64392e+6 
          11925      5.59377e+6 
          11975      5.49253e+6 
          12025      5.42765e+6 
          12075      5.34353e+6 
          12125      5.27059e+6 
          12175      5.20146e+6 
          12225      5.12597e+6 
          12275      5.04931e+6 
          12325      4.97964e+6 
          12375      4.91243e+6 
          12425      4.84686e+6 
          12475        4.773e+6 
          12525      4.70326e+6 
          12575      4.61971e+6 
          12625      4.54893e+6 
          12675      4.47137e+6 
          12725       4.3451e+6 
          12775      4.04546e+6 
          12825      3.44228e+6 
          12875      3.99467e+6 
          12925      4.12868e+6 
          12975      4.12442e+6 
          13025      4.08818e+6 
          13075      4.04153e+6 
          13125      3.99527e+6 
          13175      3.93897e+6 
          13225      3.89266e+6 
          13275      3.84136e+6 
          13325      3.79073e+6 
          13375      3.74096e+6 
          13425      3.69182e+6 
          13475      3.64311e+6 
          13525      3.59295e+6 
          13575      3.54732e+6 
          13625      3.50307e+6 
          13675      3.45694e+6 
          13725      3.40441e+6 
          13775      3.36823e+6 
          13825      3.32557e+6 
          13875      3.28483e+6 
          13925      3.24049e+6 
          13975      3.20112e+6 
          14025       3.1611e+6 
          14075      3.12159e+6 
          14125      3.08178e+6 
          14175      3.04358e+6 
          14225      3.00527e+6 
          14275       2.9678e+6 
          14325      2.93133e+6 
          14375      2.89548e+6 
          14425      2.83995e+6 
          14475      2.82432e+6 
          14525      2.78045e+6 
          14570      2.75868e+6 
          14620      2.72399e+6 
          14675      2.69171e+6 
          14725      2.65921e+6 
          14775      2.62364e+6 
          14825      2.59569e+6 
          14875      2.55988e+6 
          14925      2.53802e+6 
          14975      2.50716e+6 
          15025      2.47348e+6 
          15075      2.44748e+6 
          15125      2.42145e+6 
          15175      2.39308e+6 
          15225       2.3652e+6 
          15275      2.33715e+6 
          15325      2.30909e+6 
          15375       2.2831e+6 
          15425      2.25107e+6 
          15475      2.22852e+6 
          15525      2.20106e+6 
          15575      2.16738e+6 
          15625      2.15801e+6 
          15675      2.11467e+6 
          15725      2.08174e+6 
          15775      2.08492e+6 
          15825      2.05702e+6 
          15875      1.97308e+6 
          15925      1.99309e+6 
          15975      2.00352e+6 
          16050      1.94008e+6 
          16150      1.85662e+6 
          16250      1.89947e+6 
          16350      1.79598e+6 
          16450      1.70209e+6 
          16550      1.78763e+6 
          16650      1.75372e+6 
          16750      1.62623e+6 
          16850      1.53122e+6 
          16950      1.63961e+6 
          17050      1.62121e+6 
          17150      1.58545e+6 
          17250      1.52066e+6 
          17350      1.33185e+6 
          17450      1.42674e+6 
          17550      1.45064e+6 
          17650      1.42893e+6 
          17750      1.40259e+6 
          17850      1.37238e+6 
          17950      1.34076e+6 
          18050      1.29045e+6 
          18150      1.13515e+6 
          18250       1.1914e+6 
          18350      1.22678e+6 
          18450      1.21009e+6 
          18550      1.18241e+6 
          18650      1.13564e+6 
          18750          993125 
          18850      1.08368e+6 
          18950      1.09084e+6 
          19050       1.0761e+6 
          19150      1.05503e+6 
          19250      1.02976e+6 
          19350          983685 
          19450          866523 
          19550          946304 
          19650          954248 
          19750          940923 
          19850          926167 
          19950          909363 
          20050          892527 
          20150          876072 
          20250          859844 
          20350          843982 
          20450          828791 
          20550          813736 
          20650          798752 
          20750          784536 
          20850          770536 
          20950          756718 
          21050          743212 
          21150          729404 
          21250          715856 
          21350          701958 
          21450          686636 
          21550          660119 
          21650          585573 
          21750          629462 
          21850          639134 
          21950          632517 
          22050          623328 
          22150          613085 
          22250          603278 
          22350          593154 
          22450          583249 
          22550          573293 
          22650          564006 
          22750          554697 
          22850          545697 
          22950          536790 
          23050          528255 
          23150          519738 
          23250          511458 
          23350          503280 
          23450          495302 
          23550          487472 
          23650          479788 
          23750          472236 
          23850          464813 
          23950          457579 
          24050          450420 
          24150          443447 
          24250          436588 
          24350          429833 
          24450          423193 
          24550          416691 
          24650          410203 
          24750          403973 
          24850          397837 
          24950          391139 
          25050          386106 
          25150          380206 
          25250          372930 
          25350          368661 
          25450          363951 
          25550          357206 
          25650          349192 
          25750          346911 
          25850          342732 
          25950          336991 
          26050          327460 
          26150          313727 
          26250          287574 
          26350          307284 
          26450          312138 
          26550          309197 
          26650          302026 
          26750          289454 
          26850          293714 
          26950          293421 
          27050          290339 
          27150          286656 
          27250          282582 
          27350          277881 
          27450          270940 
          27550          255188 
          27650          257046 
          27750          261449 
          27850          259905 
          27950          257041 
          28050          253808 
          28150          250454 
          28250          247032 
          28350          243488 
          28450          239521 
          28550          234440 
          28650          224398 
          28750          212498 
          28850          222379 
          28950          223287 
          29050          221556 
          29150          219040 
          29250          216691 
          29350          213923 
          29450          211139 
          29550          208426 
          29650          205742 
          29750          203101 
          29850          200503 
          29950          197571 
          30050          194639 
          30150          191311 
          30250          186273 
          30350          173449 
          30450          174213 
          30550          180054 
          30650          179859 
          30750          178285 
          30850          176430 
          30950          174462 
          31050          172312 
          31150          170152 
          31250          168096 
          31350          166060 
          31450          164015 
          31550          162072 
          31650          160128 
          31750          158165 
          31850          156296 
          31950          154416 
          32100          151656 
          32300          148083 
          32500          144400 
          32700          140001 
          32900          128631 
          33100          130424 
          33300          130799 
          33500          128244 
          33700          125377 
          33900          122636 
          34100          119925 
          34300          117292 
          34500          114727 
          34700          112210 
          34900          109764 
          35100          107383 
          35300          105063 
          35500          102803 
          35700          100599 
          35900         98461.1 
          36100         96361.4 
          36300         94336.3 
          36500         92326.8 
          36700         90391.9 
          36900         88349.4 
          37100         86230.8 
          37300           81450 
          37500         79099.3 
          37700         81042.9 
          37900         79796.4 
          38100         78073.2 
          38300           76564 
          38500         75249.4 
          38700         73759.4 
          38900         72139.1 
          39100         70380.2 
          39300         69436.4 
          39500           68216 
          39700         66906.5 
          39900         65487.3 
          40100         63661.8 
          40300         62029.5 
          40500         58172.9 
          40700           60052 
          40900         59558.6 
          41100         58543.2 
          41300         57416.6 
          41500         56030.9 
          41700         53915.6 
          41900         53921.3 
          42100         53310.3 
          42300         52474.8 
          42500         51585.6 
          42700         50655.3 
          42900           49744 
          43100         48849.4 
          43300         47846.6 
          43500         46736.7 
          43700         44585.7 
          43900         44471.5 
          44100           44443 
          44300         43842.8 
          44500         43137.7 
          44700           42432 
          44900         41634.6 
          45100         40925.3 
          45300           40225 
          45500         39535.4 
          45700         38847.4 
          45900         38155.8 
          46100         37426.4 
          46300         36455.4 
          46500         33907.1 
          46700         33764.1 
          46900         34442.6 
          47100         34378.4 
          47300         33938.3 
          47500         33424.5 
          47700         32903.1 
          47900         32380.9 
          48100         31866.1 
          48300         31357.4 
          48500         30859.1 
          48700         30369.6 
          48900           29890 
          49100         29417.3 
          49300         28955.9 
          49500         28502.5 
          49700         28055.5 
          49900         27619.2 
          50100         27187.5 
          50300         26761.8 
          50500         26343.4 
          50700         25913.2 
          50900         25436.6 
          51100           24707 
          51300         23389.5 
          51500         24053.4 
          51700         23949.4 
          51900         23657.4 
          52100         23327.7 
          52300         22988.4 
          52500         22641.4 
          52700         22305.8 
          52900           21992 
          53100           21677 
          53300         21360.8 
          53500         21043.5 
          53700         20718.5 
          53900         20421.1 
          54100         20146.8 
          54300           19867 
          54500           19620 
          54700         19313.1 
          54900         19022.7 
          55100           18726 
          55300         18440.5 
          55500         18219.8 
          55700         17984.8 
          55900         17765.9 
          56100         17522.1 
          56300           17279 
          56500         17035.3 
          56700         16766.5 
          56900         16503.4 
          57100         16215.9 
          57300         16046.6 
          57500         15866.8 
          57700         15680.1 
          57900         15483.2 
          58100         15275.2 
          58300         15036.5 
          58500         14820.4 
          58700         14573.1 
          58900         14163.7 
          59100           13409 
          59300         13831.9 
          59500           13688 
          59700         13580.5 
          59900         13491.1 
          60100         13345.1 
          60300         13185.2 
          60500           13020 
          60700         12855.6 
          60900         12692.1 
          61100         12530.4 
          61300         12372.6 
          61500         12215.5 
          61700         12061.3 
          61900         11907.7 
          62100           11755 
          62300         11599.1 
          62500         11433.3 
          62700         11224.4 
          62900         10925.6 
          63100         10922.7 
          63300         10868.8 
          63500         10760.2 
          63700           10638 
          63900         10512.5 
          64200         10335.9 
          64600         10093.6 
          65000         9852.05 
          65400          9617.4 
          65800         9389.47 
          66200         9168.01 
          66600         8945.27 
          67000         8719.61 
          67400         8454.69 
          67800          8122.4 
          68200         8110.91 
          68600         7953.76 
          69000         7788.94 
          69400         7613.98 
          69800         7444.39 
          70200         7278.99 
          70600         7117.82 
          71000         6961.93 
          71400         6809.13 
          71800         6661.06 
          72200         6515.75 
          72600         6368.67 
          73000         6234.03 
          73400            6100 
          73800         5957.84 
          74200         5797.21 
          74600         5461.44 
          75000         5308.25 
          75400         5404.48 
          75800         5353.03 
          76200         5254.94 
          76600         5151.15 
          77000         5047.34 
          77400         4942.47 
          77800          4835.5 
          78200         4746.85 
          78600          4662.4 
          79000         4572.73 
          79400         4482.62 
          79800         4394.72 
          80200         4309.01 
          80600         4225.04 
          81000          4134.5 
          81400         4040.96 
          81800         3968.44 
          82200         3904.26 
          82600         3836.17 
          83000          3763.8 
          83400         3692.84 
          83800         3623.71 
          84200         3556.44 
          84600         3490.78 
          85000         3426.45 
          85400         3363.52 
          85800         3297.81 
          86200         3228.64 
          86600         3146.89 
          87000         3101.38 
          87400         2988.49 
          87800         2935.86 
          88200         2948.23 
          88600          2905.2 
          89000         2857.75 
          89400         2807.63 
          89800         2758.52 
          90200         2710.54 
          90600         2663.62 
          91000         2617.64 
          91400         2572.68 
          91800         2528.67 
          92200          2485.6 
          92600         2441.02 
          93000         2396.28 
          93400         2350.41 
          93800         2281.85 
          94200          2260.3 
          94600         2237.86 
          95000         2203.95 
          95400         2170.73 
          95800         2136.42 
          96200         2101.51 
          96600         2067.31 
          97000         2033.84 
          97400         2000.97 
          97800          1968.8 
          98200         1937.13 
          98600         1906.25 
          99000         1876.08 
          99400         1846.41 
          99800          1817.3 
         100200         1788.79 
         200000         114.573 
         400000         7.13221 
         600000         1.39767 
         800000        0.439004 
         1.0e+6        0.178679 
         1.2e+6       0.0856957 
         1.4e+6        0.046034 
         1.6e+6       0.0268685 
