# Kurucz ODFNEW /NOVER models
# teff = 5250 K (value for the effective temperature for the model. Temperatures are given in K)
# logg = 2.50 log(cm/s2) (value for Log(G) for the model.)
# meta = -0.5  (value for the Metallicity for the model.)
# lh = 1.25  (l/Hp where l is the  mixing length of the convective element and Hp is the pressure scale height)
# vtur = 2.0 km/s (Microturbulence velocity)
#
# column 1: WAVELENGTH (ANGSTROM), Wavelength in Angstrom
# column 2: FLUX (ERG/CM2/S/A), Flux in erg/cm2/s/A
              0               0 
           90.9               0 
           93.5               0 
           96.1               0 
           97.7               0 
           99.6               0 
            102               0 
          103.8               0 
          105.6               0 
          107.7               0 
          110.4               0 
            114               0 
          117.8               0 
          121.3               0 
          124.8               0 
          127.1               0 
          128.4               0 
          130.5               0 
          132.4               0 
          133.9               0 
          136.6               0 
          139.8               0 
          143.3               0 
          147.2               0 
            151               0 
          155.2               0 
          158.8               0 
            162               0 
            166               0 
          170.3               0 
          173.4               0 
          176.8               0 
          180.2               0 
          181.7               0 
          186.1               0 
            191               0 
          193.9               0 
          198.4               0 
          201.8               0 
            205               0 
          210.5               0 
          216.2               0 
          219.8               0 
            223               0 
          226.8               0 
            230               0 
            234               0 
            240               0 
          246.5               0 
          252.4               0 
          256.8               0 
            260               0 
            264               0 
          268.5               0 
          273.5               0 
          278.5               0 
            284               0 
            290               0 
            296               0 
            301               0 
            308               0 
            318               0 
            328               0 
            338               0 
            348               0 
            357               0 
            366               0 
            375               0 
            385               0 
            395               0 
            405               0 
            414               0 
            422               0 
            430               0 
            441               0 
            451               0 
            460               0 
            470               0 
            480               0 
            490               0 
            500               0 
            506               0 
            512               0 
            520               0 
            530               0 
            540               0 
            550               0 
            560     1.20239e-24 
            570     4.19667e-24 
            580     1.38452e-23 
            590      4.4673e-23 
            600     1.36868e-22 
            610     4.03338e-22 
            620     1.14489e-21 
            630     3.13742e-21 
            640     8.31768e-21 
            650     2.13546e-20 
            658     4.44119e-20 
            665     8.29706e-20 
            675     1.97855e-19 
            685     4.59174e-19 
            695     1.03802e-18 
            705     2.28702e-18 
            716     5.31442e-18 
            726     1.11595e-17 
            735     2.13594e-17 
            745     4.30805e-17 
            755     8.51638e-17 
            765     1.65163e-16 
            775     3.14341e-16 
            785     5.87851e-16 
            795     1.07757e-15 
            805     1.95189e-15 
            815     3.47597e-15 
            825     6.09301e-15 
            835     1.05267e-14 
            845     1.79299e-14 
            855      3.0127e-14 
            865      4.9955e-14 
            875     8.17501e-14 
            885     1.32284e-13 
            895     2.11461e-13 
            905     3.34134e-13 
            915      1.70883e-9 
            925      6.49572e-9 
            935      9.49686e-9 
            945      1.52401e-8 
            955      2.48053e-8 
            965      3.83554e-8 
            975      5.45068e-8 
            985      8.50011e-8 
            995      1.25265e-7 
           1005      1.92784e-7 
           1015      2.76972e-7 
           1025      3.87695e-7 
           1035      5.91071e-7 
           1045      8.59319e-7 
           1055      1.18006e-6 
           1065      1.66489e-6 
           1075      2.36726e-6 
           1085      3.31409e-6 
           1095      4.39406e-6 
           1105      1.11564e-5 
           1115      2.56003e-5 
           1125      3.74075e-5 
           1135      5.59323e-5 
           1145      7.40889e-5 
           1155       8.9575e-5 
           1165     0.000119087 
           1175     0.000150763 
           1185     0.000172557 
           1195     0.000128453 
           1205      0.00011371 
           1215      6.71631e-5 
           1225     0.000176274 
           1235     0.000362968 
           1245     0.000587374 
           1255     0.000760792 
           1265      0.00088884 
           1275      0.00112725 
           1285      0.00131835 
           1295      0.00168264 
           1305      0.00183049 
           1315      0.00235987 
           1325      0.00264669 
           1335      0.00319144 
           1345      0.00383264 
           1355      0.00467808 
           1365      0.00541392 
           1375      0.00641145 
           1385      0.00766785 
           1395      0.00902942 
           1405        0.011092 
           1415       0.0134355 
           1425       0.0157176 
           1435       0.0190522 
           1442       0.0232485 
           1447       0.0232986 
           1455       0.0269509 
           1465       0.0336547 
           1475       0.0368466 
           1485       0.0430847 
           1495       0.0553747 
           1505       0.0676859 
           1512       0.0632886 
           1517       0.0765676 
           1525        0.104431 
           1535        0.573677 
           1545        0.723528 
           1555         1.30636 
           1565         1.24077 
           1575         2.73941 
           1585         3.58882 
           1595         4.26425 
           1605          4.7259 
           1615         5.36347 
           1625         6.41859 
           1635          7.4425 
           1645         11.6059 
           1655         6.46487 
           1665         13.8042 
           1672         8.50544 
           1677         19.4278 
           1685          45.236 
           1695         81.6854 
           1705         97.6328 
           1715         93.4759 
           1725         126.351 
           1735         157.001 
           1745         219.244 
           1755         308.355 
           1765         307.833 
           1775         314.476 
           1785         420.711 
           1795         499.532 
           1805         537.351 
           1815         538.011 
           1825         672.524 
           1835         775.293 
           1845         566.686 
           1855         833.477 
           1865         996.138 
           1875         1119.49 
           1885         1241.45 
           1895         1605.53 
           1905         1564.11 
           1915         1767.66 
           1925         1932.74 
           1935         1416.17 
           1945         2513.31 
           1955         2611.96 
           1967         3429.75 
           1976         3351.95 
           1984         3600.72 
           1995         3913.52 
           2005         4113.75 
           2015         4470.15 
           2025         3853.08 
           2035         5214.71 
           2045         6075.56 
           2055         6171.98 
           2065         6185.86 
           2074         6988.76 
           2078         8640.38 
           2085         9848.03 
           2095           18263 
           2105         31013.2 
           2115         34977.7 
           2125         26960.6 
           2135         28418.7 
           2145           43356 
           2155         45613.7 
           2165         41184.3 
           2175         44652.9 
           2185         60336.2 
           2195         61648.1 
           2205         59298.6 
           2215         38139.6 
           2225         53900.6 
           2235           86610 
           2245         81063.9 
           2255         55198.7 
           2265         47212.5 
           2275         70300.7 
           2285         95177.8 
           2295         77405.5 
           2305          101269 
           2315         74133.9 
           2325         68326.9 
           2335         39684.1 
           2345         23830.7 
           2355         62480.9 
           2365         27922.6 
           2375         40636.9 
           2385         19701.4 
           2395         27951.9 
           2405           28011 
           2415         44182.8 
           2425          107043 
           2435          120690 
           2445          155386 
           2455          165031 
           2465          127486 
           2475          110431 
           2485         41820.7 
           2495         82353.9 
           2505          133617 
           2513         51374.2 
           2518         32492.1 
           2525         34479.7 
           2535         66977.8 
           2545          106580 
           2555          273475 
           2565          165546 
           2575          218949 
           2585          151397 
           2595          117863 
           2605         79215.4 
           2615         73834.1 
           2625          113370 
           2635          327190 
           2645          555348 
           2655          785792 
           2665          476856 
           2675          542960 
           2685          641607 
           2695          462526 
           2705          599153 
           2715          375394 
           2725          273237 
           2735          359040 
           2745          140967 
           2755          227651 
           2765          340480 
           2775          357377 
           2785          162335 
           2795         49246.9 
           2805         64615.8 
           2815          260129 
           2825          526436 
           2835          543353 
           2845          364470 
           2855          153359 
           2865          552688 
           2875          795973 
           2885          703154 
           2895          830368 
           2910      1.13534e+6 
           2930      1.03572e+6 
           2950          992508 
           2970      1.09019e+6 
           2990      1.10152e+6 
           3010      1.14536e+6 
           3030       1.2206e+6 
           3050       1.3018e+6 
           3070      1.24252e+6 
           3090      1.25395e+6 
           3110      1.36766e+6 
           3130      1.23284e+6 
           3150      1.20064e+6 
           3170      1.34892e+6 
           3190      1.21163e+6 
           3210      1.36878e+6 
           3230      1.11139e+6 
           3250      1.62355e+6 
           3270      1.91291e+6 
           3290        1.849e+6 
           3310      1.74936e+6 
           3330      1.77414e+6 
           3350      1.69471e+6 
           3370      1.29384e+6 
           3390      1.55057e+6 
           3410      1.67661e+6 
           3430      1.83266e+6 
           3450      1.95533e+6 
           3470      1.99136e+6 
           3490      2.13426e+6 
           3510      2.26455e+6 
           3530      2.08602e+6 
           3550      2.42025e+6 
           3570      1.84225e+6 
           3590      1.87732e+6 
           3610      2.15566e+6 
           3630      2.19413e+6 
           3640      2.19829e+6 
           3650      2.46254e+6 
           3670      2.49588e+6 
           3690       2.4881e+6 
           3710      2.82573e+6 
           3730      2.36722e+6 
           3750      2.62333e+6 
           3770      2.94908e+6 
           3790      2.99384e+6 
           3810       2.9451e+6 
           3830      2.10042e+6 
           3850      2.34448e+6 
           3870       2.2159e+6 
           3890      2.73011e+6 
           3910      3.11673e+6 
           3930      1.46937e+6 
           3950      2.70019e+6 
           3970      1.77091e+6 
           3990      3.74243e+6 
           4010      4.08779e+6 
           4030      4.04546e+6 
           4050      3.96862e+6 
           4070      3.88492e+6 
           4090      4.41654e+6 
           4110      4.36276e+6 
           4130      4.25567e+6 
           4150      4.26877e+6 
           4170      4.25283e+6 
           4190      4.09517e+6 
           4210      4.18091e+6 
           4230      4.13114e+6 
           4250      4.08215e+6 
           4270      3.85845e+6 
           4290      3.45001e+6 
           4310       2.7776e+6 
           4330      4.24956e+6 
           4350      4.05092e+6 
           4370      4.34573e+6 
           4390      4.02259e+6 
           4410      4.39975e+6 
           4430      4.76745e+6 
           4450      4.73726e+6 
           4470      4.98834e+6 
           4490      5.08565e+6 
           4510      5.53627e+6 
           4530      5.04982e+6 
           4550       5.1919e+6 
           4570      5.51867e+6 
           4590      5.24163e+6 
           4610      5.43431e+6 
           4630      5.37339e+6 
           4650       5.4299e+6 
           4670      5.54967e+6 
           4690      5.48359e+6 
           4710      5.34218e+6 
           4730       5.5342e+6 
           4750      5.64332e+6 
           4770      5.63184e+6 
           4790      5.61202e+6 
           4810      5.57245e+6 
           4830      5.61763e+6 
           4850      5.39426e+6 
           4870      4.96849e+6 
           4890      5.47385e+6 
           4910      5.44621e+6 
           4930      5.37825e+6 
           4950      5.59179e+6 
           4970      5.61811e+6 
           4990      5.27011e+6 
           5010      5.08223e+6 
           5030      5.35681e+6 
           5050      5.37432e+6 
           5070      5.55623e+6 
           5090      5.35109e+6 
           5110      5.42184e+6 
           5130      5.28744e+6 
           5150      5.16024e+6 
           5170      5.00734e+6 
           5190      5.05135e+6 
           5210      5.21624e+6 
           5230      5.28951e+6 
           5250      5.39486e+6 
           5270      4.96157e+6 
           5290      5.39743e+6 
           5310      5.53108e+6 
           5330      5.15322e+6 
           5350      5.45751e+6 
           5370      5.45532e+6 
           5390      5.37408e+6 
           5410       5.2622e+6 
           5430      5.32329e+6 
           5450      5.48305e+6 
           5470      5.38121e+6 
           5490      5.35696e+6 
           5510      5.34878e+6 
           5530      5.40109e+6 
           5550      5.46288e+6 
           5570      5.34176e+6 
           5590      5.25659e+6 
           5610      5.38005e+6 
           5630      5.39396e+6 
           5650      5.36868e+6 
           5670       5.2607e+6 
           5690      5.34632e+6 
           5710      5.22652e+6 
           5730      5.50038e+6 
           5750      5.36602e+6 
           5770      5.40616e+6 
           5790      5.28213e+6 
           5810      5.37417e+6 
           5830      5.43002e+6 
           5850      5.32479e+6 
           5870      5.33768e+6 
           5890        5.112e+6 
           5910      5.28789e+6 
           5930      5.27509e+6 
           5950       5.2762e+6 
           5970      5.29047e+6 
           5990      5.23986e+6 
           6010      5.16908e+6 
           6030      5.19235e+6 
           6050      5.25956e+6 
           6070      5.22322e+6 
           6090      5.12558e+6 
           6110      5.08907e+6 
           6130      4.94771e+6 
           6150      4.99676e+6 
           6170       4.8829e+6 
           6190      5.05756e+6 
           6210      5.06403e+6 
           6230      4.94595e+6 
           6250      4.80429e+6 
           6270      4.98702e+6 
           6290      4.99238e+6 
           6310      4.87148e+6 
           6330      4.90101e+6 
           6350      4.92298e+6 
           6370      4.90011e+6 
           6390      4.90526e+6 
           6410      4.80978e+6 
           6430      4.84279e+6 
           6450      4.81326e+6 
           6470      4.79569e+6 
           6490      4.71349e+6 
           6510      4.80618e+6 
           6530      4.82168e+6 
           6550      4.73678e+6 
           6570      4.37265e+6 
           6590      4.72638e+6 
           6610      4.74661e+6 
           6630      4.73543e+6 
           6650      4.71151e+6 
           6670      4.66669e+6 
           6690      4.72149e+6 
           6710      4.63575e+6 
           6730       4.6785e+6 
           6750      4.62544e+6 
           6770      4.62085e+6 
           6790      4.60271e+6 
           6810      4.57792e+6 
           6830      4.59057e+6 
           6850      4.51089e+6 
           6870      4.53376e+6 
           6890        4.545e+6 
           6910       4.5099e+6 
           6930      4.49395e+6 
           6950      4.46241e+6 
           6970      4.46817e+6 
           6990      4.44095e+6 
           7010      4.34681e+6 
           7030       4.3895e+6 
           7050      4.39766e+6 
           7070      4.36129e+6 
           7090      4.34384e+6 
           7110       4.3386e+6 
           7130      4.28472e+6 
           7150      4.26461e+6 
           7170      4.25816e+6 
           7190      4.16067e+6 
           7210      4.20675e+6 
           7230      4.21148e+6 
           7250      4.22225e+6 
           7270      4.20174e+6 
           7290      4.11513e+6 
           7310      4.14709e+6 
           7330      4.13774e+6 
           7350      4.13456e+6 
           7370       4.1449e+6 
           7390      4.06186e+6 
           7410      4.00544e+6 
           7430      4.04075e+6 
           7450      4.04285e+6 
           7470      4.05247e+6 
           7490      4.01953e+6 
           7510      4.01617e+6 
           7530      4.00882e+6 
           7550      4.01437e+6 
           7570        3.979e+6 
           7590      3.96368e+6 
           7610      3.95049e+6 
           7630      3.94701e+6 
           7650      3.93388e+6 
           7670      3.85158e+6 
           7690      3.90693e+6 
           7710      3.84691e+6 
           7730      3.84928e+6 
           7750      3.81489e+6 
           7770      3.84886e+6 
           7790      3.83492e+6 
           7810      3.82622e+6 
           7830      3.78692e+6 
           7850      3.77559e+6 
           7870      3.78719e+6 
           7890      3.75757e+6 
           7910       3.7084e+6 
           7930      3.66457e+6 
           7950      3.65318e+6 
           7970      3.69656e+6 
           7990       3.6864e+6 
           8010      3.64728e+6 
           8030      3.63882e+6 
           8050      3.60962e+6 
           8070      3.61814e+6 
           8090      3.56025e+6 
           8110      3.58279e+6 
           8130      3.58333e+6 
           8150      3.56327e+6 
           8170      3.55098e+6 
           8190      3.47552e+6 
           8210      3.47666e+6 
           8230      3.46473e+6 
           8250      3.47564e+6 
           8270      3.49294e+6 
           8290      3.47124e+6 
           8310      3.41967e+6 
           8330      3.39257e+6 
           8350      3.40894e+6 
           8370      3.40372e+6 
           8390      3.34862e+6 
           8410      3.38418e+6 
           8430      3.32725e+6 
           8450       3.3464e+6 
           8470      3.31633e+6 
           8490      3.28474e+6 
           8510      3.13046e+6 
           8530      3.24426e+6 
           8550      2.78585e+6 
           8570      3.29565e+6 
           8590       3.2448e+6 
           8610      3.22232e+6 
           8630      3.25317e+6 
           8650      3.21734e+6 
           8670      2.79096e+6 
           8690      3.16011e+6 
           8710       3.1939e+6 
           8730      3.18772e+6 
           8750      3.11077e+6 
           8770      3.17708e+6 
           8790      3.14953e+6 
           8810      3.10132e+6 
           8830      3.12018e+6 
           8850      3.11394e+6 
           8870      3.03282e+6 
           8890       3.1078e+6 
           8910      3.10321e+6 
           8930      3.05791e+6 
           8950      3.04847e+6 
           8970      3.04958e+6 
           8990      3.04898e+6 
           9010      2.92673e+6 
           9030       3.0074e+6 
           9050      3.03132e+6 
           9070      2.98142e+6 
           9090      2.91114e+6 
           9110      2.93905e+6 
           9130      2.96849e+6 
           9150      2.93316e+6 
           9170       2.9107e+6 
           9190      2.91116e+6 
           9210      2.85181e+6 
           9230       2.8009e+6 
           9250      2.82354e+6 
           9270      2.84991e+6 
           9290       2.8428e+6 
           9310      2.85081e+6 
           9330      2.83687e+6 
           9350      2.82027e+6 
           9370      2.80249e+6 
           9390      2.79766e+6 
           9410      2.71869e+6 
           9430      2.76241e+6 
           9450      2.73499e+6 
           9470      2.75933e+6 
           9490      2.75486e+6 
           9510       2.7437e+6 
           9530       2.7242e+6 
           9550      2.66195e+6 
           9570      2.70057e+6 
           9590      2.70906e+6 
           9610       2.6849e+6 
           9630      2.66312e+6 
           9650      2.64833e+6 
           9670      2.63493e+6 
           9690      2.65154e+6 
           9710      2.64119e+6 
           9730      2.63277e+6 
           9750      2.60633e+6 
           9770      2.60826e+6 
           9790       2.5892e+6 
           9810       2.6016e+6 
           9830      2.59133e+6 
           9850      2.58408e+6 
           9870      2.56515e+6 
           9890      2.55633e+6 
           9910      2.54445e+6 
           9930      2.55174e+6 
           9950      2.54199e+6 
           9970      2.53559e+6 
           9990      2.52511e+6 
          10025      2.49911e+6 
          10075      2.46075e+6 
          10125      2.45484e+6 
          10175      2.42124e+6 
          10225      2.40872e+6 
          10275      2.39739e+6 
          10325      2.35547e+6 
          10375      2.33884e+6 
          10425      2.33049e+6 
          10475      2.29323e+6 
          10525      2.28635e+6 
          10575      2.25909e+6 
          10625      2.23541e+6 
          10675      2.19131e+6 
          10725      2.19093e+6 
          10775      2.16581e+6 
          10825      2.13312e+6 
          10875      2.11849e+6 
          10925      2.08462e+6 
          10975      2.05304e+6 
          11025      2.04822e+6 
          11075      2.04359e+6 
          11125      2.02072e+6 
          11175      2.00648e+6 
          11225      1.99858e+6 
          11275      1.96355e+6 
          11325      1.95926e+6 
          11375        1.938e+6 
          11425      1.91709e+6 
          11475      1.92331e+6 
          11525      1.90978e+6 
          11575      1.88381e+6 
          11625      1.85543e+6 
          11675      1.84657e+6 
          11725      1.85242e+6 
          11775      1.81436e+6 
          11825       1.8029e+6 
          11875      1.78126e+6 
          11925      1.79512e+6 
          11975      1.74286e+6 
          12025      1.75176e+6 
          12075      1.73325e+6 
          12125      1.72465e+6 
          12175      1.72287e+6 
          12225       1.7088e+6 
          12275      1.68951e+6 
          12325      1.68081e+6 
          12375      1.66549e+6 
          12425      1.65233e+6 
          12475      1.64383e+6 
          12525      1.62752e+6 
          12575      1.61451e+6 
          12625      1.60195e+6 
          12675      1.58803e+6 
          12725      1.58171e+6 
          12775      1.57065e+6 
          12825      1.50662e+6 
          12875      1.54239e+6 
          12925      1.52712e+6 
          12975      1.52345e+6 
          13025      1.50823e+6 
          13075      1.50191e+6 
          13125      1.48076e+6 
          13175      1.46826e+6 
          13225      1.46834e+6 
          13275      1.44595e+6 
          13325      1.44339e+6 
          13375      1.43207e+6 
          13425      1.42799e+6 
          13475      1.41698e+6 
          13525      1.40722e+6 
          13575      1.38747e+6 
          13625      1.38071e+6 
          13675      1.37311e+6 
          13725      1.36198e+6 
          13775       1.3546e+6 
          13825      1.34704e+6 
          13875      1.33733e+6 
          13925      1.33004e+6 
          13975      1.32062e+6 
          14025      1.30522e+6 
          14075       1.3006e+6 
          14125      1.28141e+6 
          14175      1.28088e+6 
          14225      1.25919e+6 
          14275      1.24519e+6 
          14325      1.25252e+6 
          14375      1.25051e+6 
          14425      1.21539e+6 
          14475      1.23292e+6 
          14525      1.20927e+6 
          14570      1.20947e+6 
          14620      1.20181e+6 
          14675       1.1955e+6 
          14725      1.17808e+6 
          14775      1.17394e+6 
          14825      1.16872e+6 
          14875      1.15161e+6 
          14925      1.16431e+6 
          14975      1.14929e+6 
          15025      1.13129e+6 
          15075      1.12108e+6 
          15125      1.12888e+6 
          15175      1.12562e+6 
          15225      1.11064e+6 
          15275      1.10814e+6 
          15325      1.09961e+6 
          15375      1.09462e+6 
          15425      1.08432e+6 
          15475      1.08281e+6 
          15525       1.0716e+6 
          15575      1.05384e+6 
          15625      1.06674e+6 
          15675      1.04446e+6 
          15725      1.03208e+6 
          15775      1.02242e+6 
          15825      1.02674e+6 
          15875          978675 
          15925       1.0114e+6 
          15975      1.01181e+6 
          16050          997185 
          16150          965521 
          16250          974287 
          16350          950102 
          16450          914292 
          16550          923358 
          16650          904786 
          16750          878158 
          16850          842369 
          16950          855221 
          17050          830356 
          17150          815807 
          17250          795880 
          17350          755180 
          17450          763511 
          17550          752989 
          17650          737540 
          17750          723141 
          17850          710808 
          17950          698184 
          18050          682283 
          18150          650736 
          18250          652570 
          18350          643810 
          18450          628041 
          18550          619086 
          18650          604214 
          18750          572304 
          18850          582946 
          18950          564293 
          19050          563877 
          19150          552077 
          19250          542816 
          19350          529484 
          19450          504674 
          19550          512132 
          19650          502980 
          19750          492067 
          19850          485028 
          19950          476277 
          20050          469973 
          20150          463026 
          20250          452135 
          20350          442164 
          20450          438812 
          20550          430253 
          20650          421088 
          20750          414745 
          20850          407883 
          20950          399132 
          21050          394557 
          21150          387272 
          21250          380691 
          21350          374687 
          21450          368958 
          21550          362701 
          21650          346203 
          21750          348791 
          21850          343451 
          21950          339470 
          22050          331672 
          22150          328024 
          22250          322334 
          22350          317132 
          22450          312207 
          22550          306229 
          22650          301429 
          22750          297621 
          22850          291768 
          22950          281005 
          23050          280721 
          23150          276768 
          23250          264656 
          23350          265393 
          23450          263792 
          23550          251204 
          23650          253395 
          23750          250538 
          23850          239785 
          23950          241242 
          24050          238842 
          24150          230280 
          24250          229948 
          24350          227402 
          24450          221828 
          24550          218293 
          24650          218280 
          24750          213284 
          24850          208728 
          24950          207676 
          25050          206141 
          25150          200812 
          25250          199024 
          25350          197246 
          25450          193605 
          25550          190944 
          25650          187425 
          25750          187018 
          25850          182107 
          25950          181344 
          26050          179127 
          26150          175049 
          26250          170038 
          26350          171387 
          26450          169119 
          26550          166484 
          26650          163498 
          26750          161277 
          26850          161029 
          26950          158612 
          27050          156643 
          27150          154536 
          27250          152572 
          27350          150421 
          27450          148732 
          27550          144904 
          27650          144257 
          27750          142632 
          27850          140862 
          27950          139156 
          28050          137261 
          28150          135536 
          28250          133781 
          28350          132225 
          28450          130212 
          28550          128659 
          28650          126881 
          28750          123544 
          28850          123730 
          28950          122247 
          29050          120639 
          29150          119152 
          29250          117317 
          29350          116117 
          29450          114448 
          29550          113213 
          29650          111769 
          29750          110402 
          29850          109093 
          29950          107576 
          30050          106219 
          30150          105072 
          30250          103723 
          30350          101074 
          30450          100785 
          30550         99920.2 
          30650         98591.5 
          30750         97596.8 
          30850         96173.4 
          30950         95010.2 
          31050         94074.9 
          31150         92404.1 
          31250           91756 
          31350         90573.3 
          31450           89629 
          31550         88319.8 
          31650         87480.6 
          31750         86339.9 
          31850         85360.2 
          31950         84468.9 
          32100         82917.2 
          32300           80962 
          32500         79151.8 
          32700         77316.2 
          32900         74882.5 
          33100         73777.4 
          33300         71986.8 
          33500         70545.7 
          33700         68947.8 
          33900         67235.4 
          34100         65797.5 
          34300         64552.2 
          34500         63115.9 
          34700         61786.6 
          34900         60489.7 
          35100         59148.2 
          35300         57808.4 
          35500         56683.6 
          35700         55382.2 
          35900         54220.5 
          36100         53225.2 
          36300         52079.9 
          36500         50877.2 
          36700         49820.7 
          36900           48668 
          37100         47690.4 
          37300         46763.4 
          37500         45464.7 
          37700         44973.1 
          37900         44090.5 
          38100           43198 
          38300         42414.3 
          38500         41611.2 
          38700         40759.8 
          38900         39938.4 
          39100         39185.9 
          39300         38466.1 
          39500         37667.1 
          39700           37004 
          39900           36137 
          40100         35517.3 
          40300         34887.4 
          40500         34038.4 
          40700         33595.6 
          40900         32997.6 
          41100         32413.9 
          41300         31840.1 
          41500         31208.1 
          41700         30584.5 
          41900           30098 
          42100         29457.7 
          42300         29066.1 
          42500         28492.8 
          42700         28019.9 
          42900         26944.5 
          43100         26157.6 
          43300           26011 
          43500           24980 
          43700           24452 
          43900         24245.3 
          44100         23142.6 
          44300         23039.7 
          44500         22707.5 
          44700         21761.9 
          44900         21757.2 
          45100         21359.1 
          45300         20603.6 
          45500         20521.1 
          45700         20282.4 
          45900         19542.8 
          46100         19497.6 
          46300         19136.2 
          46500         18816.9 
          46700         18590.5 
          46900         18332.9 
          47100         18011.1 
          47300         17902.9 
          47500         17548.7 
          47700         17264.5 
          47900         17036.8 
          48100           16674 
          48300         16613.7 
          48500         16308.8 
          48700         16019.5 
          48900         15813.1 
          49100         15564.2 
          49300         15341.5 
          49500         15100.6 
          49700         14891.1 
          49900         14686.8 
          50100         14401.1 
          50300         14290.8 
          50500         13995.6 
          50700         13823.8 
          50900         13661.7 
          51100         13419.7 
          51300           13228 
          51500         13056.5 
          51700         12956.5 
          51900         12692.6 
          52100           12500 
          52300         12327.2 
          52500         12201.6 
          52700         12067.4 
          52900         11809.7 
          53100         11680.2 
          53300         11517.8 
          53500           11372 
          53700         11222.8 
          53900         11080.8 
          54100         10924.3 
          54300         10728.8 
          54500         10634.6 
          54700         10475.9 
          54900         10323.4 
          55100         10203.8 
          55300         10114.6 
          55500         9904.15 
          55700         9847.61 
          55900         9670.08 
          56100         9552.65 
          56300         9411.08 
          56500         9330.89 
          56700         9206.96 
          56900         9046.33 
          57100         8965.86 
          57300         8851.76 
          57500          8734.9 
          57700         8615.62 
          57900         8526.64 
          58100         8396.29 
          58300          8295.2 
          58500         8202.05 
          58700         8078.78 
          58900         7977.63 
          59100          7873.6 
          59300         7787.47 
          59500         7668.78 
          59700          7602.5 
          59900         7506.23 
          60100         7414.02 
          60300         7321.41 
          60500         7222.03 
          60700         7131.97 
          60900         7044.79 
          61100         6946.55 
          61300         6875.95 
          61500         6794.86 
          61700         6714.93 
          61900         6636.81 
          62100         6555.92 
          62300         6466.04 
          62500         6386.84 
          62700         6313.09 
          62900         6231.88 
          63100         6156.87 
          63300         6097.24 
          63500         6017.13 
          63700         5953.31 
          63900         5872.66 
          64200         5774.57 
          64600         5634.66 
          65000         5502.93 
          65400         5377.62 
          65800         5255.78 
          66200         5131.16 
          66600         5015.62 
          67000         4900.35 
          67400         4786.04 
          67800          4676.7 
          68200         4574.23 
          68600          4472.3 
          69000          4371.6 
          69400         4273.42 
          69800         4180.88 
          70200         4086.35 
          70600         3999.14 
          71000         3912.29 
          71400         3827.93 
          71800         3744.92 
          72200         3664.57 
          72600          3586.3 
          73000         3511.17 
          73400         3435.68 
          73800         3364.99 
          74200         3293.22 
          74600         3217.85 
          75000         3152.29 
          75400         3093.47 
          75800         3031.02 
          76200         2969.11 
          76600         2909.28 
          77000         2849.72 
          77400         2793.42 
          77800         2737.64 
          78200         2683.33 
          78600         2630.42 
          79000         2578.56 
          79400         2528.02 
          79800         2478.84 
          80200         2430.22 
          80600         2383.08 
          81000         2338.13 
          81400         2292.06 
          81800         2249.21 
          82200         2207.25 
          82600         2165.49 
          83000         2124.98 
          83400          2084.5 
          83800         2046.19 
          84200         2008.78 
          84600         1971.78 
          85000         1935.69 
          85400         1900.35 
          85800         1865.83 
          86200         1831.93 
          86600         1798.87 
          87000         1767.08 
          87400         1734.82 
          87800         1703.95 
          88200         1674.05 
          88600         1644.66 
          89000         1615.69 
          89400         1587.83 
          89800         1559.66 
          90200         1533.08 
          90600         1507.18 
          91000         1480.49 
          91400         1455.25 
          91800         1430.97 
          92200         1406.88 
          92600         1382.98 
          93000         1360.09 
          93400         1336.93 
          93800         1314.25 
          94200         1293.26 
          94600          1271.4 
          95000         1250.95 
          95400          1230.3 
          95800         1209.91 
          96200         1190.55 
          96600         1170.86 
          97000         1152.57 
          97400          1133.4 
          97800         1114.97 
          98200         1098.09 
          98600         1080.67 
          99000         1063.42 
          99400          1046.3 
          99800         1030.52 
         100200         1014.43 
         200000         65.8752 
         400000          4.1497 
         600000        0.817336 
         800000        0.257378 
         1.0e+6        0.104889 
         1.2e+6       0.0503328 
         1.4e+6       0.0270419 
         1.6e+6         0.01578 
