# Kurucz ODFNEW /NOVER models
# teff = 12000 K (value for the effective temperature for the model. Temperatures are given in K)
# logg = 4.00 log(cm/s2) (value for Log(G) for the model.)
# meta = -0.5  (value for the Metallicity for the model.)
# lh = 1.25  (l/Hp where l is the  mixing length of the convective element and Hp is the pressure scale height)
# vtur = 2.0 km/s (Microturbulence velocity)
#
# column 1: WAVELENGTH (ANGSTROM), Wavelength in Angstrom
# column 2: FLUX (ERG/CM2/S/A), Flux in erg/cm2/s/A
              0               0 
           90.9               0 
           93.5               0 
           96.1               0 
           97.7               0 
           99.6               0 
            102               0 
          103.8               0 
          105.6               0 
          107.7               0 
          110.4               0 
            114               0 
          117.8               0 
          121.3               0 
          124.8               0 
          127.1               0 
          128.4               0 
          130.5               0 
          132.4               0 
          133.9               0 
          136.6               0 
          139.8               0 
          143.3               0 
          147.2               0 
            151               0 
          155.2               0 
          158.8               0 
            162               0 
            166               0 
          170.3               0 
          173.4               0 
          176.8               0 
          180.2               0 
          181.7               0 
          186.1               0 
            191               0 
          193.9               0 
          198.4               0 
          201.8               0 
            205               0 
          210.5               0 
          216.2     1.10281e-23 
          219.8     9.86194e-23 
            223     3.10231e-22 
          226.8     1.10511e-21 
            230     3.08187e-21 
            234     1.05728e-20 
            240     6.27157e-20 
          246.5     3.95681e-19 
          252.4      1.9577e-18 
          256.8     6.17198e-18 
            260      1.3915e-17 
            264     3.74705e-17 
          268.5     1.10115e-16 
          273.5     3.50727e-16 
          278.5      1.0793e-15 
            284     3.55296e-15 
            290      1.2403e-14 
            296     4.11231e-14 
            301     1.08224e-13 
            308     3.98277e-13 
            318     2.32586e-12 
            328     1.22354e-11 
            338     5.83774e-11 
            348     2.55173e-10 
            357     8.97776e-10 
            366      2.96927e-9 
            375      9.25798e-9 
            385      3.07764e-8 
            395      9.60676e-8 
            405      2.83355e-7 
            414      7.16795e-7 
            422      1.58057e-6 
            430      3.37815e-6 
            441      9.18945e-6 
            451      2.18147e-5 
            460      4.59483e-5 
            470     0.000101543 
            480     0.000216751 
            490     0.000447965 
            500     0.000897567 
            506      0.00371335 
            512      0.00711815 
            520       0.0112718 
            530       0.0198209 
            540       0.0333489 
            550       0.0569753 
            560        0.093743 
            570         0.15184 
            580        0.235669 
            590         0.37632 
            600        0.579892 
            610        0.882769 
            620         1.32071 
            630         1.95285 
            640         2.84047 
            650         4.11051 
            658         5.46531 
            665         6.96391 
            675         9.75759 
            685         13.5502 
            695         18.6593 
            705         25.3928 
            716         35.2925 
            726         47.1882 
            735         60.7916 
            745         80.0125 
            755         104.488 
            765         135.365 
            775         174.307 
            785         222.826 
            795         282.435 
            805         356.648 
            815          447.17 
            825         557.158 
            835         687.406 
            845         850.514 
            855         1041.77 
            865         1271.28 
            875         1541.17 
            885         1862.81 
            895         2238.77 
            905         2667.11 
            915         19707.5 
            925          108670 
            935          173958 
            945          362545 
            955      2.10703e+6 
            965      3.59826e+6 
            975          743890 
            985      2.84133e+7 
            995      6.32586e+7 
           1005      6.52474e+7 
           1015       1.7042e+7 
           1025          708227 
           1035       1.0331e+7 
           1045      8.12986e+7 
           1055      1.43398e+8 
           1065      1.41412e+8 
           1075      1.74754e+8 
           1085      1.81084e+8 
           1095      1.88946e+8 
           1105      2.15494e+8 
           1115      3.18209e+8 
           1125      3.47432e+8 
           1135      3.79795e+8 
           1145      3.48907e+8 
           1155      3.69353e+8 
           1165      3.94377e+8 
           1175      3.56504e+8 
           1185      2.75205e+8 
           1195      3.88621e+7 
           1205      1.31916e+7 
           1215      1.64577e+6 
           1225      7.92286e+6 
           1235      9.92988e+7 
           1245      2.94696e+8 
           1255      4.03539e+8 
           1265      3.32866e+8 
           1275      4.66318e+8 
           1285      5.43845e+8 
           1295      4.70581e+8 
           1305      3.31618e+8 
           1315      5.03954e+8 
           1325      5.29296e+8 
           1335      4.91843e+8 
           1345      5.65669e+8 
           1355      5.29919e+8 
           1365      4.74625e+8 
           1375      5.16309e+8 
           1385      5.24769e+8 
           1395      5.28906e+8 
           1405      5.32779e+8 
           1415      4.97203e+8 
           1425      5.10822e+8 
           1435      4.78445e+8 
           1442      5.20263e+8 
           1447      5.40316e+8 
           1455      5.34284e+8 
           1465      5.05777e+8 
           1475      4.82597e+8 
           1485       4.9064e+8 
           1495      5.07812e+8 
           1505      5.04299e+8 
           1512       4.8194e+8 
           1517      5.07761e+8 
           1525      4.77857e+8 
           1535      4.58781e+8 
           1545       4.9279e+8 
           1555      4.51448e+8 
           1565       4.2075e+8 
           1575      4.34177e+8 
           1585      4.61662e+8 
           1595      4.73588e+8 
           1605      4.45624e+8 
           1615      4.47602e+8 
           1625      4.14832e+8 
           1635      4.25151e+8 
           1645      4.30325e+8 
           1655      3.84966e+8 
           1665      4.23963e+8 
           1672      3.70723e+8 
           1677      4.04255e+8 
           1685      4.28673e+8 
           1695      4.06297e+8 
           1705      3.90567e+8 
           1715      3.79136e+8 
           1725      3.73386e+8 
           1735      3.87665e+8 
           1745      3.79795e+8 
           1755      4.00346e+8 
           1765      3.60728e+8 
           1775      3.89188e+8 
           1785      3.85476e+8 
           1795      4.00172e+8 
           1805      3.88117e+8 
           1815      3.82035e+8 
           1825       3.7165e+8 
           1835      3.60761e+8 
           1845       3.4522e+8 
           1855      3.47112e+8 
           1865       3.4692e+8 
           1875      3.62755e+8 
           1885      3.54601e+8 
           1895      3.46146e+8 
           1905      3.46239e+8 
           1915      3.42417e+8 
           1925      3.41461e+8 
           1935      3.39962e+8 
           1945      3.47142e+8 
           1955      3.37851e+8 
           1967      3.46488e+8 
           1976       3.4495e+8 
           1984      3.36718e+8 
           1995      3.24705e+8 
           2005      3.26564e+8 
           2015      3.09949e+8 
           2025      3.19372e+8 
           2035      3.15622e+8 
           2045      3.18859e+8 
           2055      3.05318e+8 
           2065       3.0431e+8 
           2074      3.08849e+8 
           2078      3.11158e+8 
           2085      3.13199e+8 
           2095      3.01975e+8 
           2105      3.00686e+8 
           2115      2.98303e+8 
           2125      2.98055e+8 
           2135      2.74715e+8 
           2145      2.90861e+8 
           2155      2.90886e+8 
           2165      2.78978e+8 
           2175      2.74881e+8 
           2185      2.71535e+8 
           2195      2.82304e+8 
           2205      2.72218e+8 
           2215       2.5834e+8 
           2225      2.50346e+8 
           2235      2.68405e+8 
           2245      2.49822e+8 
           2255      2.45744e+8 
           2265      2.47015e+8 
           2275      2.56299e+8 
           2285      2.59024e+8 
           2295      2.48024e+8 
           2305      2.41672e+8 
           2315      2.35174e+8 
           2325      2.35713e+8 
           2335      2.27051e+8 
           2345      2.15315e+8 
           2355       2.2762e+8 
           2365      2.13596e+8 
           2375      2.19508e+8 
           2385      2.02683e+8 
           2395      2.16573e+8 
           2405      2.07044e+8 
           2415      2.10036e+8 
           2425      2.15187e+8 
           2435      2.05558e+8 
           2445      2.15935e+8 
           2455       2.0896e+8 
           2465      2.08093e+8 
           2475      2.01003e+8 
           2485      2.11602e+8 
           2495      2.05013e+8 
           2505      2.14895e+8 
           2513      2.04043e+8 
           2518      2.07173e+8 
           2525      1.95443e+8 
           2535      1.94924e+8 
           2545      1.92663e+8 
           2555      1.99883e+8 
           2565      1.97435e+8 
           2575         2.06e+8 
           2585      2.05052e+8 
           2595      2.04102e+8 
           2605      1.96709e+8 
           2615      1.95538e+8 
           2625      1.97675e+8 
           2635      1.98435e+8 
           2645       2.0845e+8 
           2655      2.05349e+8 
           2665      1.96204e+8 
           2675      2.00531e+8 
           2685       1.9948e+8 
           2695      1.94086e+8 
           2705      1.95326e+8 
           2715      1.89295e+8 
           2725      1.89308e+8 
           2735       1.9611e+8 
           2745       1.7984e+8 
           2755      1.78631e+8 
           2765      1.82757e+8 
           2775      1.88277e+8 
           2785      1.87189e+8 
           2795      1.70401e+8 
           2805      1.79004e+8 
           2815      1.87566e+8 
           2825      1.86047e+8 
           2835       1.8056e+8 
           2845      1.75328e+8 
           2855      1.74189e+8 
           2865      1.78258e+8 
           2875      1.74755e+8 
           2885      1.77121e+8 
           2895      1.74569e+8 
           2910      1.80524e+8 
           2930      1.74536e+8 
           2950      1.73147e+8 
           2970      1.72099e+8 
           2990      1.70584e+8 
           3010      1.71344e+8 
           3030      1.69582e+8 
           3050      1.66843e+8 
           3070        1.646e+8 
           3090      1.63959e+8 
           3110      1.60829e+8 
           3130      1.58804e+8 
           3150      1.57917e+8 
           3170      1.56025e+8 
           3190      1.51923e+8 
           3210      1.52325e+8 
           3230      1.50195e+8 
           3250      1.49112e+8 
           3270      1.48185e+8 
           3290      1.46876e+8 
           3310       1.4578e+8 
           3330      1.43566e+8 
           3350      1.41236e+8 
           3370      1.39999e+8 
           3390      1.38319e+8 
           3410      1.37751e+8 
           3430       1.3621e+8 
           3450      1.35091e+8 
           3470      1.33323e+8 
           3490      1.31994e+8 
           3510      1.31102e+8 
           3530      1.29966e+8 
           3550      1.28664e+8 
           3570      1.27182e+8 
           3590      1.25853e+8 
           3610      1.24584e+8 
           3630      1.23227e+8 
           3640      1.22693e+8 
           3650      1.23992e+8 
           3670      1.22902e+8 
           3690      1.18616e+8 
           3710      1.19543e+8 
           3730       1.2117e+8 
           3750      1.50478e+8 
           3770      1.58367e+8 
           3790      1.86232e+8 
           3810      2.09848e+8 
           3830      1.71316e+8 
           3850      2.23214e+8 
           3870      2.42694e+8 
           3890      1.51468e+8 
           3910      2.38459e+8 
           3930       2.4356e+8 
           3950      2.33854e+8 
           3970      1.43527e+8 
           3990      2.23199e+8 
           4010      2.33838e+8 
           4030        2.289e+8 
           4050      2.28856e+8 
           4070      2.22178e+8 
           4090      1.85513e+8 
           4110      1.46858e+8 
           4130      2.08598e+8 
           4150       2.1215e+8 
           4170      2.09975e+8 
           4190      2.07606e+8 
           4210      2.04886e+8 
           4230       2.0169e+8 
           4250       1.9868e+8 
           4270       1.9524e+8 
           4290      1.92262e+8 
           4310      1.86097e+8 
           4330      1.50261e+8 
           4350      1.29883e+8 
           4370      1.77552e+8 
           4390      1.77441e+8 
           4410       1.7717e+8 
           4430       1.7481e+8 
           4450      1.72922e+8 
           4470      1.68861e+8 
           4490      1.66323e+8 
           4510      1.65555e+8 
           4530      1.63261e+8 
           4550      1.60324e+8 
           4570      1.59279e+8 
           4590      1.56515e+8 
           4610      1.55233e+8 
           4630      1.52389e+8 
           4650      1.51105e+8 
           4670       1.4895e+8 
           4690      1.46956e+8 
           4710      1.44087e+8 
           4730      1.43154e+8 
           4750      1.41206e+8 
           4770      1.39459e+8 
           4790      1.37324e+8 
           4810      1.34902e+8 
           4830      1.30875e+8 
           4850      1.09243e+8 
           4870      9.08797e+7 
           4890      1.24408e+8 
           4910      1.26236e+8 
           4930      1.24573e+8 
           4950      1.24022e+8 
           4970      1.22681e+8 
           4990      1.21066e+8 
           5010      1.18644e+8 
           5030      1.17845e+8 
           5050      1.15629e+8 
           5070       1.1508e+8 
           5090      1.13662e+8 
           5110      1.12154e+8 
           5130      1.10944e+8 
           5150      1.09396e+8 
           5170      1.07726e+8 
           5190      1.06679e+8 
           5210      1.05399e+8 
           5230      1.03998e+8 
           5250      1.03009e+8 
           5270       1.0142e+8 
           5290      1.00652e+8 
           5310      9.91645e+7 
           5330       9.8215e+7 
           5350       9.7116e+7 
           5370      9.59642e+7 
           5390      9.48333e+7 
           5410      9.36429e+7 
           5430      9.25801e+7 
           5450      9.15605e+7 
           5470      9.04528e+7 
           5490      8.94314e+7 
           5510      8.83812e+7 
           5530      8.74129e+7 
           5550      8.64233e+7 
           5570      8.54334e+7 
           5590      8.44626e+7 
           5610      8.35408e+7 
           5630      8.25952e+7 
           5650      8.15783e+7 
           5670      8.06804e+7 
           5690      7.98245e+7 
           5710      7.89417e+7 
           5730      7.80612e+7 
           5750       7.7184e+7 
           5770      7.63296e+7 
           5790      7.54527e+7 
           5810      7.46372e+7 
           5830      7.38212e+7 
           5850      7.30124e+7 
           5870      7.18204e+7 
           5890      7.13563e+7 
           5910       7.0641e+7 
           5930      6.98912e+7 
           5950      6.90347e+7 
           5970      6.83542e+7 
           5990       6.7554e+7 
           6010      6.69173e+7 
           6030       6.6208e+7 
           6050      6.54921e+7 
           6070      6.47953e+7 
           6090      6.41094e+7 
           6110        6.344e+7 
           6130       6.2766e+7 
           6150      6.19452e+7 
           6170      6.14494e+7 
           6190       6.0818e+7 
           6210      6.01854e+7 
           6230      5.95415e+7 
           6250      5.88244e+7 
           6270      5.83318e+7 
           6290      5.77271e+7 
           6310      5.71102e+7 
           6330      5.65451e+7 
           6350      5.56343e+7 
           6370      5.51807e+7 
           6390      5.48236e+7 
           6410      5.42537e+7 
           6430      5.37219e+7 
           6450      5.31031e+7 
           6470      5.26241e+7 
           6490      5.19444e+7 
           6510      5.12648e+7 
           6530      5.01559e+7 
           6550      4.52207e+7 
           6570      3.75388e+7 
           6590      4.78112e+7 
           6610      4.86362e+7 
           6630      4.84111e+7 
           6650      4.80546e+7 
           6670      4.75909e+7 
           6690      4.71376e+7 
           6710      4.67298e+7 
           6730      4.62637e+7 
           6750      4.58236e+7 
           6770      4.53841e+7 
           6790      4.49413e+7 
           6810      4.45081e+7 
           6830       4.4074e+7 
           6850      4.36534e+7 
           6870      4.32391e+7 
           6890      4.28304e+7 
           6910      4.24203e+7 
           6930      4.20063e+7 
           6950      4.16214e+7 
           6970      4.12317e+7 
           6990      4.08464e+7 
           7010      4.04444e+7 
           7030      4.00829e+7 
           7050       3.9679e+7 
           7070      3.92929e+7 
           7090      3.89739e+7 
           7110      3.85896e+7 
           7130      3.82475e+7 
           7150      3.78944e+7 
           7170      3.75523e+7 
           7190      3.72081e+7 
           7210      3.68679e+7 
           7230      3.65201e+7 
           7250      3.61891e+7 
           7270      3.58675e+7 
           7290      3.55314e+7 
           7310      3.52166e+7 
           7330      3.49021e+7 
           7350      3.45904e+7 
           7370      3.42795e+7 
           7390      3.39719e+7 
           7410      3.36655e+7 
           7430      3.33444e+7 
           7450      3.30578e+7 
           7470      3.27481e+7 
           7490      3.24732e+7 
           7510      3.21842e+7 
           7530      3.19126e+7 
           7550       3.1632e+7 
           7570      3.13547e+7 
           7590      3.10792e+7 
           7610        3.081e+7 
           7630      3.05393e+7 
           7650      3.02697e+7 
           7670      3.00089e+7 
           7690      2.97493e+7 
           7710      2.94886e+7 
           7730      2.92385e+7 
           7750      2.89868e+7 
           7770      2.84322e+7 
           7790      2.84913e+7 
           7810       2.8251e+7 
           7830      2.80086e+7 
           7850      2.77523e+7 
           7870      2.74728e+7 
           7890      2.72017e+7 
           7910      2.70668e+7 
           7930      2.68441e+7 
           7950      2.65817e+7 
           7970      2.63945e+7 
           7990      2.60819e+7 
           8010      2.59548e+7 
           8030      2.57386e+7 
           8050      2.55231e+7 
           8070      2.53111e+7 
           8090      2.51009e+7 
           8110      2.48925e+7 
           8130      2.46898e+7 
           8150       2.4486e+7 
           8170      2.42861e+7 
           8190      2.40727e+7 
           8210      2.39623e+7 
           8230      2.37559e+7 
           8250      2.36275e+7 
           8270      2.34644e+7 
           8290       2.3268e+7 
           8310      2.31064e+7 
           8330      2.29158e+7 
           8350      2.27429e+7 
           8370        2.255e+7 
           8390      2.23495e+7 
           8410      2.21176e+7 
           8430      2.19083e+7 
           8450      2.16233e+7 
           8470      2.12566e+7 
           8490      2.14832e+7 
           8510      2.06468e+7 
           8530       2.1379e+7 
           8550      1.96584e+7 
           8570      2.14631e+7 
           8590      2.00031e+7 
           8610      1.95424e+7 
           8630      2.15197e+7 
           8650      2.06137e+7 
           8670      1.75723e+7 
           8690      2.10246e+7 
           8710      2.16372e+7 
           8730      2.07834e+7 
           8750      1.67201e+7 
           8770      1.97297e+7 
           8790      2.12837e+7 
           8810      2.13585e+7 
           8830      2.08715e+7 
           8850      1.86945e+7 
           8870      1.60481e+7 
           8890      1.98099e+7 
           8910      2.05282e+7 
           8930      2.05262e+7 
           8950      2.04115e+7 
           8970      2.01033e+7 
           8990      1.92425e+7 
           9010       1.5614e+7 
           9030      1.68695e+7 
           9050      1.91078e+7 
           9070      1.93497e+7 
           9090      1.92851e+7 
           9110      1.92409e+7 
           9130      1.91003e+7 
           9150      1.89547e+7 
           9170      1.87252e+7 
           9190      1.83271e+7 
           9210      1.71479e+7 
           9230      1.36713e+7 
           9250      1.64848e+7 
           9270      1.75299e+7 
           9290      1.78709e+7 
           9310       1.7829e+7 
           9330      1.77202e+7 
           9350      1.76229e+7 
           9370      1.75061e+7 
           9390      1.73535e+7 
           9410      1.71479e+7 
           9430      1.70858e+7 
           9450      1.69385e+7 
           9470      1.67746e+7 
           9490      1.65693e+7 
           9510      1.61847e+7 
           9530      1.49011e+7 
           9550      1.22566e+7 
           9570      1.49837e+7 
           9590      1.57786e+7 
           9610      1.58615e+7 
           9630      1.57368e+7 
           9650      1.57266e+7 
           9670      1.56205e+7 
           9690      1.55284e+7 
           9710      1.54206e+7 
           9730      1.53075e+7 
           9750      1.51941e+7 
           9770      1.50857e+7 
           9790       1.4975e+7 
           9810      1.48643e+7 
           9830      1.47516e+7 
           9850      1.46475e+7 
           9870       1.4541e+7 
           9890      1.44226e+7 
           9910      1.43334e+7 
           9930      1.42226e+7 
           9950      1.40928e+7 
           9970      1.39673e+7 
           9990       1.3808e+7 
          10025      1.26712e+7 
          10075      1.20703e+7 
          10125      1.31652e+7 
          10175      1.30263e+7 
          10225      1.28156e+7 
          10275      1.25931e+7 
          10325      1.23731e+7 
          10375      1.21621e+7 
          10425      1.19549e+7 
          10475      1.17477e+7 
          10525      1.15458e+7 
          10575      1.13541e+7 
          10625      1.11647e+7 
          10675      1.09456e+7 
          10725      1.07862e+7 
          10775       1.0612e+7 
          10825      1.04007e+7 
          10875      1.01559e+7 
          10925      8.77313e+6 
          10975      9.41366e+6 
          11025      9.71651e+6 
          11075      9.60658e+6 
          11125      9.45893e+6 
          11175      9.30691e+6 
          11225      9.15839e+6 
          11275       8.9834e+6 
          11325       8.8508e+6 
          11375      8.72804e+6 
          11425      8.59031e+6 
          11475       8.4567e+6 
          11525      8.32476e+6 
          11575      8.19534e+6 
          11625      8.06283e+6 
          11675      7.93644e+6 
          11725      7.82093e+6 
          11775      7.68593e+6 
          11825      7.58145e+6 
          11875      7.46483e+6 
          11925      7.35601e+6 
          11975      7.24245e+6 
          12025      7.13569e+6 
          12075      7.02866e+6 
          12125      6.92368e+6 
          12175      6.82142e+6 
          12225      6.72036e+6 
          12275      6.62047e+6 
          12325      6.52345e+6 
          12375       6.4283e+6 
          12425      6.33518e+6 
          12475      6.23874e+6 
          12525      6.15255e+6 
          12575      6.06105e+6 
          12625      5.97558e+6 
          12675      5.88771e+6 
          12725      5.78174e+6 
          12775      5.57776e+6 
          12825      4.90266e+6 
          12875      5.46144e+6 
          12925      5.46618e+6 
          12975      5.40802e+6 
          13025      5.33373e+6 
          13075       5.2595e+6 
          13125      5.18671e+6 
          13175      5.11182e+6 
          13225      5.04458e+6 
          13275      4.97545e+6 
          13325      4.90742e+6 
          13375      4.84069e+6 
          13425      4.77479e+6 
          13475      4.70998e+6 
          13525      4.64597e+6 
          13575      4.58401e+6 
          13625      4.52261e+6 
          13675      4.46181e+6 
          13725      4.40236e+6 
          13775      4.34504e+6 
          13825      4.28766e+6 
          13875      4.23136e+6 
          13925      4.17557e+6 
          13975      4.12107e+6 
          14025       4.0674e+6 
          14075      4.01461e+6 
          14125      3.96263e+6 
          14175      3.91148e+6 
          14225      3.86112e+6 
          14275      3.81174e+6 
          14325      3.76296e+6 
          14375      3.71497e+6 
          14425      3.66499e+6 
          14475      3.62137e+6 
          14525       3.5747e+6 
          14570      3.53527e+6 
          14620      3.49738e+6 
          14675      3.45076e+6 
          14725      3.40843e+6 
          14775      3.36589e+6 
          14825       3.3259e+6 
          14875      3.28504e+6 
          14925      3.24615e+6 
          14975      3.20637e+6 
          15025       3.1677e+6 
          15075      3.12848e+6 
          15125      3.09005e+6 
          15175      3.05189e+6 
          15225      3.01546e+6 
          15275      2.97428e+6 
          15325      2.93549e+6 
          15375      2.90655e+6 
          15425      2.85354e+6 
          15475      2.83686e+6 
          15525       2.8011e+6 
          15575      2.72895e+6 
          15625      2.76259e+6 
          15675      2.68106e+6 
          15725      2.61604e+6 
          15775      2.67866e+6 
          15825      2.64115e+6 
          15875      2.45861e+6 
          15925      2.54837e+6 
          15975       2.5754e+6 
          16050      2.49684e+6 
          16150      2.36361e+6 
          16250      2.43832e+6 
          16350      2.32685e+6 
          16450      2.19855e+6 
          16550      2.28429e+6 
          16650      2.23519e+6 
          16750      2.12318e+6 
          16850      2.00531e+6 
          16950      2.08963e+6 
          17050      2.04977e+6 
          17150      2.00532e+6 
          17250      1.95137e+6 
          17350      1.76537e+6 
          17450      1.85221e+6 
          17550      1.83716e+6 
          17650      1.79971e+6 
          17750      1.76191e+6 
          17850       1.7252e+6 
          17950      1.68943e+6 
          18050      1.64613e+6 
          18150      1.50201e+6 
          18250        1.552e+6 
          18350      1.55258e+6 
          18450      1.52318e+6 
          18550      1.49158e+6 
          18650      1.45332e+6 
          18750      1.32706e+6 
          18850      1.39338e+6 
          18950       1.3764e+6 
          19050      1.34985e+6 
          19150      1.32346e+6 
          19250      1.29683e+6 
          19350      1.26143e+6 
          19450       1.1493e+6 
          19550      1.21308e+6 
          19650      1.20008e+6 
          19750      1.17772e+6 
          19850      1.15546e+6 
          19950      1.13369e+6 
          20050      1.11247e+6 
          20150      1.09162e+6 
          20250       1.0714e+6 
          20350      1.05153e+6 
          20450      1.03226e+6 
          20550      1.01332e+6 
          20650          994873 
          20750          976820 
          20850          959153 
          20950          941864 
          21050          925028 
          21150          908386 
          21250          892347 
          21350          876488 
          21450          860638 
          21550          839851 
          21650          770029 
          21750          806478 
          21850          801876 
          21950          789033 
          22050          775539 
          22150          762264 
          22250          749355 
          22350          736683 
          22450          724284 
          22550          712133 
          22650          700246 
          22750          688602 
          22850          677726 
          22950          666619 
          23050          655754 
          23150          645102 
          23250          634667 
          23350          624441 
          23450          614413 
          23550          604594 
          23650          594950 
          23750          585492 
          23850          576219 
          23950          567090 
          24050          558046 
          24150          549196 
          24250          540724 
          24350          532144 
          24450          523570 
          24550          515874 
          24650          507252 
          24750          499532 
          24850          493051 
          24950          481982 
          25050          478358 
          25150          471298 
          25250          458161 
          25350          456674 
          25450          451574 
          25550          442934 
          25650          427753 
          25750          430670 
          25850          426002 
          25950          419488 
          26050          408623 
          26150          391691 
          26250          373215 
          26350          390989 
          26450          390255 
          26550          385035 
          26650          376659 
          26750          355290 
          26850          365882 
          26950          364134 
          27050          360021 
          27150          354978 
          27250          349993 
          27350          344704 
          27450          337887 
          27550          317558 
          27650          321944 
          27750          325077 
          27850          321857 
          27950          317450 
          28050          313118 
          28150          308858 
          28250          304670 
          28350          300551 
          28450          296478 
          28550          291530 
          28650          282545 
          28750          267100 
          28850          278437 
          28950          276858 
          29050          273590 
          29150          269978 
          29250          266453 
          29350          262970 
          29450          259545 
          29550          256173 
          29650          252858 
          29750          249595 
          29850          246387 
          29950          243228 
          30050          240114 
          30150          236853 
          30250          232569 
          30350          219239 
          30450          220248 
          30550          224209 
          30650          222391 
          30750          219696 
          30850          216917 
          30950          214266 
          31050          211615 
          31150          209000 
          31250          206430 
          31350          203901 
          31450          201402 
          31550          198950 
          31650          196533 
          31750          194150 
          31850          191807 
          31950          189498 
          32100          186096 
          32300          181683 
          32500          177396 
          32700          172988 
          32900          162281 
          33100          163045 
          33300          161089 
          33500          157517 
          33700          153958 
          33900          150497 
          34100          147127 
          34300          143847 
          34500          140659 
          34700          137553 
          34900          134533 
          35100          131598 
          35300          128738 
          35500          125949 
          35700          123224 
          35900          120624 
          36100          117996 
          36300          115565 
          36500          113009 
          36700          110796 
          36900          108196 
          37100          106113 
          37300          101983 
          37500         98886.2 
          37700         99753.5 
          37900         97887.9 
          38100         95427.5 
          38300         93586.2 
          38500         92174.2 
          38700         90363.4 
          38900         88353.6 
          39100         85668.1 
          39300         85047.2 
          39500         83507.2 
          39700           81903 
          39900         80265.2 
          40100         77899.3 
          40300         76047.2 
          40500         73145.8 
          40700         74129.7 
          40900         73075.6 
          41100         71705.9 
          41300         70361.6 
          41500         68742.1 
          41700         65703.4 
          41900         66163.6 
          42100         65289.7 
          42300         64094.7 
          42500         62927.6 
          42700           61786 
          42900         60668.7 
          43100         59577.8 
          43300         58510.2 
          43500         57338.3 
          43700         54737.3 
          43900         54767.6 
          44100         54440.5 
          44300         53521.9 
          44500           52589 
          44700         51736.7 
          44900         50781.8 
          45100         49908.2 
          45300         49053.5 
          45500         48215.6 
          45700         47392.4 
          45900         46583.3 
          46100         45772.3 
          46300         44869.6 
          46500         42500.1 
          46700         41834.5 
          46900         42487.2 
          47100         42074.7 
          47300         41423.2 
          47500         40756.2 
          47700         40098.7 
          47900         39451.2 
          48100         38815.9 
          48300         38191.5 
          48500         37579.3 
          48700         36980.6 
          48900         36392.1 
          49100         35816.5 
          49300           35249 
          49500         34698.6 
          49700         34148.5 
          49900         33621.1 
          50100           33095 
          50300         32573.4 
          50500         32081.1 
          50700         31579.2 
          50900         31052.5 
          51100         30418.7 
          51300         28993.9 
          51500         29558.9 
          51700         29202.4 
          51900         28815.5 
          52100         28439.3 
          52300         28008.7 
          52500         27531.9 
          52700         27098.2 
          52900         26775.2 
          53100         26410.8 
          53300         26023.4 
          53500         25622.5 
          53700         25157.7 
          53900         24796.3 
          54100         24530.9 
          54300         24193.4 
          54500         23846.2 
          54700         23505.9 
          54900         23163.7 
          55100         22748.9 
          55300         22340.7 
          55500         22164.1 
          55700         21892.3 
          55900         21586.5 
          56100         21285.6 
          56300         20990.8 
          56500         20699.7 
          56700         20414.5 
          56900           20071 
          57100         19603.7 
          57300         19504.9 
          57500         19321.6 
          57700         19060.1 
          57900         18802.7 
          58100         18549.6 
          58300         18290.7 
          58500         18038.2 
          58700           17781 
          58900         17429.1 
          59100         16635.1 
          59300           16988 
          59500         16596.2 
          59700         16512.7 
          59900         16420.5 
          60100         16225.8 
          60300         16033.4 
          60500         15845.3 
          60700         15640.8 
          60900         15439.7 
          61100         15240.9 
          61300         15046.4 
          61500         14855.1 
          61700         14666.9 
          61900         14480.8 
          62100         14297.8 
          62300           14113 
          62500         13905.2 
          62700         13675.7 
          62900           13208 
          63100           13307 
          63300         13222.1 
          63500         13089.4 
          63700         12935.9 
          63900         12776.6 
          64200         12543.2 
          64600         12240.3 
          65000         11946.6 
          65400         11660.8 
          65800         11384.6 
          66200         11115.1 
          66600         10854.6 
          67000         10597.8 
          67400           10304 
          67800         9900.08 
          68200         9863.65 
          68600         9660.09 
          69000         9440.82 
          69400         9227.49 
          69800          9021.5 
          70200         8820.37 
          70600         8624.73 
          71000         8427.68 
          71400         8249.99 
          71800          8069.9 
          72200         7894.73 
          72600         7710.06 
          73000         7554.41 
          73400         7397.47 
          73800         7235.19 
          74200         7062.27 
          74600         6747.25 
          75000         6538.35 
          75400         6606.68 
          75800         6505.26 
          76200         6381.86 
          76600         6251.39 
          77000         6124.28 
          77400         5993.15 
          77800         5844.12 
          78200         5754.67 
          78600         5646.71 
          79000         5534.71 
          79400          5425.4 
          79800          5318.8 
          80200          5214.8 
          80600         5113.35 
          81000         5012.32 
          81400         4880.65 
          81800         4802.68 
          82200         4731.23 
          82600         4641.42 
          83000         4553.64 
          83400         4467.93 
          83800         4384.22 
          84200          4302.5 
          84600         4222.64 
          85000          4144.6 
          85400         4068.36 
          85800          3993.9 
          86200         3914.57 
          86600         3796.51 
          87000          3765.3 
          87400         3653.15 
          87800         3588.13 
          88200         3578.86 
          88600         3517.52 
          89000         3455.41 
          89400         3394.67 
          89800         3335.19 
          90200         3277.06 
          90600         3220.16 
          91000         3164.52 
          91400         3110.05 
          91800         3056.77 
          92200         3004.55 
          92600         2952.99 
          93000         2903.51 
          93400          2849.2 
          93800         2756.18 
          94200         2740.89 
          94600         2712.25 
          95000         2666.71 
          95400         2622.66 
          95800         2581.72 
          96200         2539.45 
          96600         2498.04 
          97000         2457.49 
          97400         2417.74 
          97800         2378.78 
          98200         2339.12 
          98600         2299.14 
          99000         2266.53 
          99400          2230.6 
          99800         2195.39 
         100200         2160.86 
         200000          137.77 
         400000         8.55014 
         600000         1.67258 
         800000        0.524586 
         1.0e+6        0.213229 
         1.2e+6        0.102146 
         1.4e+6       0.0548144 
         1.6e+6       0.0319648 
