# Kurucz ODFNEW /NOVER models
# teff = 11000 K (value for the effective temperature for the model. Temperatures are given in K)
# logg = 3.00 log(cm/s2) (value for Log(G) for the model.)
# meta = -0.5  (value for the Metallicity for the model.)
# lh = 1.25  (l/Hp where l is the  mixing length of the convective element and Hp is the pressure scale height)
# vtur = 2.0 km/s (Microturbulence velocity)
#
# column 1: WAVELENGTH (ANGSTROM), Wavelength in Angstrom
# column 2: FLUX (ERG/CM2/S/A), Flux in erg/cm2/s/A
              0               0 
           90.9               0 
           93.5               0 
           96.1               0 
           97.7               0 
           99.6               0 
            102               0 
          103.8               0 
          105.6               0 
          107.7               0 
          110.4               0 
            114               0 
          117.8               0 
          121.3               0 
          124.8               0 
          127.1               0 
          128.4               0 
          130.5               0 
          132.4               0 
          133.9               0 
          136.6               0 
          139.8               0 
          143.3               0 
          147.2               0 
            151               0 
          155.2               0 
          158.8               0 
            162               0 
            166               0 
          170.3               0 
          173.4               0 
          176.8               0 
          180.2               0 
          181.7               0 
          186.1               0 
            191               0 
          193.9               0 
          198.4               0 
          201.8               0 
            205               0 
          210.5               0 
          216.2               0 
          219.8               0 
            223               0 
          226.8               0 
            230               0 
            234               0 
            240               0 
          246.5     6.70537e-23 
          252.4     4.40143e-22 
          256.8     1.61475e-21 
            260     4.03206e-21 
            264     1.22717e-20 
          268.5     4.11897e-20 
          273.5     1.51277e-19 
          278.5     5.33945e-19 
            284       2.032e-18 
            290      8.2567e-18 
            296     3.16653e-17 
            301     9.36702e-17 
            308     4.03203e-16 
            318     2.90848e-15 
            328     1.86625e-14 
            338     1.07297e-13 
            348     5.59104e-13 
            357     2.28624e-12 
            366     8.71743e-12 
            375     3.11056e-11 
            385      1.1928e-10 
            395     4.26506e-10 
            405      1.43218e-9 
            414      4.04897e-9 
            422      9.81344e-9 
            430      2.29665e-8 
            441       7.0468e-8 
            451      1.85697e-7 
            460      4.27936e-7 
            470      1.04071e-6 
            480      2.43583e-6 
            490      5.50158e-6 
            500      1.20019e-5 
            506      5.00965e-5 
            512      9.89525e-5 
            520     0.000167815 
            530     0.000320577 
            540     0.000584682 
            550      0.00107664 
            560      0.00190756 
            570      0.00331475 
            580      0.00552095 
            590      0.00940593 
            600       0.0154491 
            610       0.0250033 
            620       0.0397204 
            630       0.0622075 
            640       0.0957186 
            650        0.146127 
            658        0.202616 
            665        0.267649 
            675        0.394239 
            685        0.574498 
            695        0.828764 
            705         1.18023 
            716           1.722 
            726         2.40251 
            735         3.21342 
            745         4.40353 
            755          5.9805 
            765         8.04991 
            775          10.757 
            785         14.2561 
            795          18.719 
            805         24.4598 
            815         31.7099 
            825         40.8194 
            835         51.9957 
            845         66.3636 
            855         83.8004 
            865         105.312 
            875         131.394 
            885         163.328 
            895          201.74 
            905         246.795 
            915         4611.35 
            925         29554.6 
            935         48104.7 
            945          109223 
            955       1.0979e+6 
            965      1.79682e+6 
            975          281447 
            985      8.28381e+6 
            995      1.28142e+7 
           1005      1.37264e+7 
           1015      5.46432e+6 
           1025          231426 
           1035      2.99499e+6 
           1045       1.9069e+7 
           1055       2.8595e+7 
           1065      2.70535e+7 
           1075      3.42753e+7 
           1085      3.47633e+7 
           1095      3.78041e+7 
           1105      5.86094e+7 
           1115      1.14695e+8 
           1125      1.29948e+8 
           1135      1.46203e+8 
           1145      1.35543e+8 
           1155      1.47546e+8 
           1165      1.58456e+8 
           1175      1.42694e+8 
           1185      1.08671e+8 
           1195      6.15051e+6 
           1205      2.70349e+6 
           1215          379046 
           1225      1.84774e+6 
           1235      2.88422e+7 
           1245      1.32099e+8 
           1255      1.87762e+8 
           1265      1.41384e+8 
           1275      2.26239e+8 
           1285      2.69721e+8 
           1295      2.24628e+8 
           1305      1.45246e+8 
           1315      2.47817e+8 
           1325      2.70055e+8 
           1335      2.37826e+8 
           1345      2.97611e+8 
           1355      2.81272e+8 
           1365       2.4249e+8 
           1375      2.71913e+8 
           1385      2.79961e+8 
           1395      2.84325e+8 
           1405      2.86533e+8 
           1415      2.62176e+8 
           1425      2.74261e+8 
           1435      2.55761e+8 
           1442       2.8104e+8 
           1447      2.98245e+8 
           1455       2.9485e+8 
           1465      2.74637e+8 
           1475      2.60917e+8 
           1485      2.72568e+8 
           1495      2.84188e+8 
           1505      2.83751e+8 
           1512      2.67122e+8 
           1517      2.84157e+8 
           1525      2.65843e+8 
           1535      2.51535e+8 
           1545      2.77976e+8 
           1555      2.51307e+8 
           1565        2.364e+8 
           1575      2.42231e+8 
           1585      2.63178e+8 
           1595      2.72401e+8 
           1605      2.55124e+8 
           1615      2.56423e+8 
           1625      2.36314e+8 
           1635      2.44382e+8 
           1645      2.49494e+8 
           1655      2.21112e+8 
           1665      2.45575e+8 
           1672       1.9687e+8 
           1677       2.3362e+8 
           1685      2.52611e+8 
           1695      2.39267e+8 
           1705      2.27073e+8 
           1715      2.19501e+8 
           1725      2.17103e+8 
           1735       2.2701e+8 
           1745        2.235e+8 
           1755      2.40494e+8 
           1765      2.13106e+8 
           1775      2.31075e+8 
           1785      2.29806e+8 
           1795      2.43517e+8 
           1805      2.35252e+8 
           1815      2.31547e+8 
           1825      2.24525e+8 
           1835      2.16927e+8 
           1845      2.05662e+8 
           1855      2.07195e+8 
           1865      2.07524e+8 
           1875      2.21379e+8 
           1885      2.15612e+8 
           1895      2.09409e+8 
           1905      2.08576e+8 
           1915      2.08437e+8 
           1925       2.0827e+8 
           1935       2.0897e+8 
           1945      2.14256e+8 
           1955      2.08048e+8 
           1967      2.15994e+8 
           1976      2.15874e+8 
           1984       2.0938e+8 
           1995      2.01114e+8 
           2005      2.03574e+8 
           2015       1.9214e+8 
           2025      1.98966e+8 
           2035      1.95751e+8 
           2045        2.003e+8 
           2055      1.90835e+8 
           2065      1.89671e+8 
           2074      1.95614e+8 
           2078       1.9713e+8 
           2085      1.98087e+8 
           2095      1.90484e+8 
           2105      1.88755e+8 
           2115      1.87665e+8 
           2125      1.88589e+8 
           2135       1.6852e+8 
           2145      1.81822e+8 
           2155      1.84357e+8 
           2165      1.76115e+8 
           2175      1.72835e+8 
           2185      1.70736e+8 
           2195      1.79786e+8 
           2205      1.73022e+8 
           2215      1.61743e+8 
           2225         1.56e+8 
           2235      1.70302e+8 
           2245      1.55535e+8 
           2255      1.53351e+8 
           2265      1.55326e+8 
           2275      1.62677e+8 
           2285      1.65766e+8 
           2295      1.57658e+8 
           2305      1.52762e+8 
           2315      1.47705e+8 
           2325       1.4804e+8 
           2335      1.40805e+8 
           2345      1.32948e+8 
           2355      1.44489e+8 
           2365       1.3246e+8 
           2375      1.37812e+8 
           2385      1.24512e+8 
           2395       1.3527e+8 
           2405      1.28501e+8 
           2415      1.31347e+8 
           2425      1.36819e+8 
           2435      1.30685e+8 
           2445      1.38995e+8 
           2455       1.3374e+8 
           2465      1.33612e+8 
           2475       1.2842e+8 
           2485      1.36338e+8 
           2495      1.31901e+8 
           2505      1.40629e+8 
           2513      1.30423e+8 
           2518      1.33899e+8 
           2525      1.25316e+8 
           2535      1.24998e+8 
           2545      1.23698e+8 
           2555      1.29247e+8 
           2565      1.27651e+8 
           2575      1.35184e+8 
           2585       1.3392e+8 
           2595      1.32834e+8 
           2605      1.27331e+8 
           2615      1.26645e+8 
           2625      1.30078e+8 
           2635      1.30747e+8 
           2645      1.39793e+8 
           2655      1.37389e+8 
           2665      1.29353e+8 
           2675      1.33495e+8 
           2685      1.32507e+8 
           2695      1.28196e+8 
           2705      1.30375e+8 
           2715      1.25302e+8 
           2725      1.25997e+8 
           2735      1.32627e+8 
           2745      1.18083e+8 
           2755       1.1766e+8 
           2765      1.20915e+8 
           2775      1.26532e+8 
           2785      1.25873e+8 
           2795      1.11017e+8 
           2805      1.18415e+8 
           2815      1.27245e+8 
           2825      1.26832e+8 
           2835      1.22208e+8 
           2845      1.18288e+8 
           2855      1.17165e+8 
           2865      1.21167e+8 
           2875      1.18165e+8 
           2885      1.20525e+8 
           2895      1.17505e+8 
           2910      1.24433e+8 
           2930      1.19976e+8 
           2950      1.19355e+8 
           2970        1.192e+8 
           2990      1.18643e+8 
           3010      1.19995e+8 
           3030       1.1865e+8 
           3050      1.16836e+8 
           3070      1.15227e+8 
           3090      1.15421e+8 
           3110      1.12928e+8 
           3130      1.11648e+8 
           3150      1.11696e+8 
           3170      1.10295e+8 
           3190      1.07165e+8 
           3210      1.08097e+8 
           3230      1.06484e+8 
           3250      1.05991e+8 
           3270      1.05611e+8 
           3290      1.05037e+8 
           3310       1.0457e+8 
           3330      1.02832e+8 
           3350      1.01154e+8 
           3370      1.00594e+8 
           3390       9.9309e+7 
           3410      9.95209e+7 
           3430      9.85721e+7 
           3450      9.79008e+7 
           3470      9.65691e+7 
           3490      9.57498e+7 
           3510      9.54845e+7 
           3530      9.49557e+7 
           3550      9.41609e+7 
           3570      9.31029e+7 
           3590      9.22614e+7 
           3610      9.14442e+7 
           3630       9.0525e+7 
           3640      9.02276e+7 
           3650      9.12185e+7 
           3670      8.99275e+7 
           3690      8.66478e+7 
           3710      9.73732e+7 
           3730      1.09562e+8 
           3750      1.48482e+8 
           3770      1.52668e+8 
           3790      1.73624e+8 
           3810      1.91032e+8 
           3830      1.57704e+8 
           3850      1.98159e+8 
           3870      2.07237e+8 
           3890      1.44589e+8 
           3910      2.02523e+8 
           3930      2.01228e+8 
           3950      1.98587e+8 
           3970       1.3611e+8 
           3990      1.91596e+8 
           4010      1.93108e+8 
           4030      1.89083e+8 
           4050      1.88623e+8 
           4070      1.84523e+8 
           4090      1.66323e+8 
           4110      1.34297e+8 
           4130      1.74816e+8 
           4150      1.75552e+8 
           4170      1.73094e+8 
           4190      1.71128e+8 
           4210      1.69013e+8 
           4230      1.66328e+8 
           4250      1.63959e+8 
           4270      1.61514e+8 
           4290      1.59508e+8 
           4310      1.55786e+8 
           4330      1.35936e+8 
           4350      1.18025e+8 
           4370      1.49914e+8 
           4390      1.47698e+8 
           4410      1.47174e+8 
           4430      1.45133e+8 
           4450      1.43524e+8 
           4470      1.40681e+8 
           4490      1.38141e+8 
           4510      1.37337e+8 
           4530      1.35481e+8 
           4550      1.32802e+8 
           4570       1.3251e+8 
           4590      1.29949e+8 
           4610      1.29465e+8 
           4630      1.26692e+8 
           4650      1.26138e+8 
           4670      1.24322e+8 
           4690      1.22803e+8 
           4710      1.20414e+8 
           4730      1.19704e+8 
           4750      1.18149e+8 
           4770      1.16866e+8 
           4790      1.15376e+8 
           4810      1.13571e+8 
           4830      1.11358e+8 
           4850      9.90718e+7 
           4870      8.29217e+7 
           4890      1.06844e+8 
           4910      1.06623e+8 
           4930      1.04919e+8 
           4950      1.04344e+8 
           4970      1.03159e+8 
           4990      1.01792e+8 
           5010      9.96186e+7 
           5030      9.91003e+7 
           5050       9.7274e+7 
           5070      9.68833e+7 
           5090      9.57309e+7 
           5110      9.44592e+7 
           5130      9.35194e+7 
           5150      9.21937e+7 
           5170      9.06896e+7 
           5190      8.99192e+7 
           5210      8.89262e+7 
           5230      8.76344e+7 
           5250       8.6986e+7 
           5270      8.55077e+7 
           5290      8.50805e+7 
           5310      8.36766e+7 
           5330      8.30656e+7 
           5350        8.221e+7 
           5370      8.12345e+7 
           5390      8.03123e+7 
           5410      7.93194e+7 
           5430      7.84242e+7 
           5450      7.76343e+7 
           5470      7.67073e+7 
           5490      7.58745e+7 
           5510      7.49886e+7 
           5530      7.42007e+7 
           5550      7.34075e+7 
           5570      7.25852e+7 
           5590      7.17868e+7 
           5610      7.10388e+7 
           5630      7.02534e+7 
           5650      6.93816e+7 
           5670      6.86552e+7 
           5690      6.79606e+7 
           5710      6.72288e+7 
           5730      6.64964e+7 
           5750      6.57703e+7 
           5770      6.50637e+7 
           5790      6.43217e+7 
           5810      6.36474e+7 
           5830      6.29723e+7 
           5850      6.23056e+7 
           5870      6.13384e+7 
           5890      6.09031e+7 
           5910      6.03308e+7 
           5930      5.97124e+7 
           5950      5.89596e+7 
           5970      5.84203e+7 
           5990      5.77283e+7 
           6010      5.72313e+7 
           6030      5.66377e+7 
           6050      5.60375e+7 
           6070       5.5455e+7 
           6090      5.48821e+7 
           6110      5.43245e+7 
           6130      5.37612e+7 
           6150      5.30186e+7 
           6170      5.26585e+7 
           6190      5.21312e+7 
           6210      5.16045e+7 
           6230      5.10583e+7 
           6250      5.03963e+7 
           6270      5.00533e+7 
           6290      4.95413e+7 
           6310      4.90092e+7 
           6330      4.85484e+7 
           6350      4.77443e+7 
           6370      4.73651e+7 
           6390      4.71013e+7 
           6410      4.66171e+7 
           6430      4.61782e+7 
           6450      4.56278e+7 
           6470      4.52822e+7 
           6490      4.47827e+7 
           6510      4.42422e+7 
           6530      4.35775e+7 
           6550      4.05616e+7 
           6570      3.36856e+7 
           6590      4.19374e+7 
           6610      4.21023e+7 
           6630      4.18228e+7 
           6650       4.1473e+7 
           6670       4.1029e+7 
           6690      4.06459e+7 
           6710      4.02978e+7 
           6730      3.99015e+7 
           6750      3.95321e+7 
           6770       3.9161e+7 
           6790      3.87859e+7 
           6810      3.84196e+7 
           6830      3.80479e+7 
           6850       3.7695e+7 
           6870      3.73451e+7 
           6890      3.70016e+7 
           6910      3.66505e+7 
           6930      3.62995e+7 
           6950      3.59772e+7 
           6970      3.56453e+7 
           6990      3.53227e+7 
           7010      3.49783e+7 
           7030      3.46758e+7 
           7050      3.43247e+7 
           7070      3.40043e+7 
           7090      3.37353e+7 
           7110       3.3405e+7 
           7130      3.31157e+7 
           7150       3.2818e+7 
           7170       3.2526e+7 
           7190      3.22343e+7 
           7210      3.19471e+7 
           7230      3.16452e+7 
           7250      3.13691e+7 
           7270      3.10963e+7 
           7290      3.08097e+7 
           7310      3.05369e+7 
           7330      3.02736e+7 
           7350      3.00107e+7 
           7370      2.97476e+7 
           7390       2.9484e+7 
           7410      2.92235e+7 
           7430      2.89463e+7 
           7450      2.87028e+7 
           7470      2.84339e+7 
           7490       2.8205e+7 
           7510      2.79541e+7 
           7530      2.77308e+7 
           7550      2.74922e+7 
           7570      2.72551e+7 
           7590      2.70188e+7 
           7610      2.67917e+7 
           7630      2.65602e+7 
           7650      2.63262e+7 
           7670      2.61071e+7 
           7690      2.58836e+7 
           7710      2.56576e+7 
           7730      2.54494e+7 
           7750      2.52335e+7 
           7770      2.47187e+7 
           7790      2.48099e+7 
           7810      2.46058e+7 
           7830      2.43973e+7 
           7850      2.41729e+7 
           7870      2.39303e+7 
           7890       2.3696e+7 
           7910      2.35914e+7 
           7930      2.34006e+7 
           7950      2.31734e+7 
           7970      2.30163e+7 
           7990      2.27342e+7 
           8010       2.2639e+7 
           8030      2.24533e+7 
           8050      2.22698e+7 
           8070      2.20873e+7 
           8090      2.19074e+7 
           8110      2.17267e+7 
           8130      2.15544e+7 
           8150      2.13796e+7 
           8170       2.1209e+7 
           8190      2.10202e+7 
           8210      2.09067e+7 
           8230      2.07312e+7 
           8250      2.06297e+7 
           8270      2.04943e+7 
           8290      2.03177e+7 
           8310       2.0178e+7 
           8330      1.99884e+7 
           8350      1.98165e+7 
           8370      1.95805e+7 
           8390      1.93711e+7 
           8410      1.91289e+7 
           8430      1.90987e+7 
           8450       1.8895e+7 
           8470      1.82198e+7 
           8490      1.92332e+7 
           8510      1.77628e+7 
           8530      1.93722e+7 
           8550      1.69956e+7 
           8570      1.95621e+7 
           8590      1.80916e+7 
           8610      1.75655e+7 
           8630      1.97422e+7 
           8650      1.91445e+7 
           8670      1.58448e+7 
           8690      1.94905e+7 
           8710      1.98321e+7 
           8730      1.92787e+7 
           8750      1.53561e+7 
           8770      1.84572e+7 
           8790       1.9306e+7 
           8810      1.92306e+7 
           8830      1.89397e+7 
           8850      1.75733e+7 
           8870      1.48682e+7 
           8890      1.82635e+7 
           8910      1.84702e+7 
           8930      1.83587e+7 
           8950       1.8265e+7 
           8970      1.80764e+7 
           8990      1.76567e+7 
           9010       1.4561e+7 
           9030      1.58933e+7 
           9050      1.73857e+7 
           9070       1.7337e+7 
           9090      1.72225e+7 
           9110       1.7181e+7 
           9130      1.70538e+7 
           9150      1.69506e+7 
           9170       1.6762e+7 
           9190      1.65308e+7 
           9210      1.59208e+7 
           9230      1.27108e+7 
           9250      1.53968e+7 
           9270      1.58254e+7 
           9290      1.60109e+7 
           9310      1.59466e+7 
           9330       1.5825e+7 
           9350      1.57173e+7 
           9370       1.5601e+7 
           9390      1.54649e+7 
           9410      1.52767e+7 
           9430      1.52484e+7 
           9450      1.51426e+7 
           9470      1.50191e+7 
           9490      1.48693e+7 
           9510      1.46664e+7 
           9530       1.3942e+7 
           9550      1.14189e+7 
           9570      1.39376e+7 
           9590      1.42708e+7 
           9610      1.42273e+7 
           9630      1.40813e+7 
           9650      1.40659e+7 
           9670      1.39429e+7 
           9690      1.38622e+7 
           9710      1.37652e+7 
           9730      1.36653e+7 
           9750      1.35661e+7 
           9770      1.34699e+7 
           9790      1.33721e+7 
           9810      1.32742e+7 
           9830      1.31742e+7 
           9850      1.30819e+7 
           9870      1.29891e+7 
           9890      1.28847e+7 
           9910       1.2807e+7 
           9930       1.2715e+7 
           9950      1.26247e+7 
           9970      1.25336e+7 
           9990      1.24121e+7 
          10025      1.16786e+7 
          10075      1.11213e+7 
          10125      1.18228e+7 
          10175      1.16606e+7 
          10225      1.14658e+7 
          10275      1.12688e+7 
          10325      1.10741e+7 
          10375      1.08871e+7 
          10425      1.07042e+7 
          10475      1.05199e+7 
          10525      1.03396e+7 
          10575       1.0172e+7 
          10625      1.00044e+7 
          10675      9.80474e+6 
          10725      9.66738e+6 
          10775      9.51424e+6 
          10825      9.34522e+6 
          10875      9.17284e+6 
          10925      8.12387e+6 
          10975      8.66241e+6 
          11025      8.75727e+6 
          11075      8.62893e+6 
          11125      8.49096e+6 
          11175      8.35603e+6 
          11225      8.22406e+6 
          11275      8.06415e+6 
          11325      7.94786e+6 
          11375      7.84173e+6 
          11425        7.719e+6 
          11475      7.60037e+6 
          11525      7.48324e+6 
          11575      7.36782e+6 
          11625       7.2491e+6 
          11675      7.13629e+6 
          11725      7.03445e+6 
          11775      6.91207e+6 
          11825      6.82034e+6 
          11875      6.71655e+6 
          11925      6.62035e+6 
          11975      6.51842e+6 
          12025      6.42392e+6 
          12075       6.3282e+6 
          12125      6.23487e+6 
          12175      6.14362e+6 
          12225      6.05338e+6 
          12275      5.96416e+6 
          12325      5.87767e+6 
          12375      5.79262e+6 
          12425      5.70976e+6 
          12475      5.62291e+6 
          12525       5.5464e+6 
          12575      5.46426e+6 
          12625      5.38823e+6 
          12675      5.31295e+6 
          12725       5.2336e+6 
          12775      5.10592e+6 
          12825      4.56389e+6 
          12875      4.98306e+6 
          12925      4.94885e+6 
          12975       4.8817e+6 
          13025      4.81455e+6 
          13075      4.74802e+6 
          13125      4.68285e+6 
          13175      4.61524e+6 
          13225      4.55586e+6 
          13275       4.4938e+6 
          13325        4.433e+6 
          13375      4.37316e+6 
          13425      4.31389e+6 
          13475      4.25579e+6 
          13525      4.19844e+6 
          13575      4.14304e+6 
          13625      4.08794e+6 
          13675      4.03311e+6 
          13725      3.97977e+6 
          13775      3.92869e+6 
          13825      3.87728e+6 
          13875      3.82667e+6 
          13925      3.77673e+6 
          13975      3.72795e+6 
          14025      3.67977e+6 
          14075      3.63238e+6 
          14125      3.58555e+6 
          14175      3.53968e+6 
          14225      3.49453e+6 
          14275      3.45013e+6 
          14325      3.40627e+6 
          14375      3.36328e+6 
          14425      3.31792e+6 
          14475      3.27904e+6 
          14525      3.23686e+6 
          14570      3.20181e+6 
          14620      3.16725e+6 
          14675      3.12537e+6 
          14725       3.0875e+6 
          14775      3.04922e+6 
          14825      3.01342e+6 
          14875      2.97634e+6 
          14925      2.94104e+6 
          14975      2.90413e+6 
          15025      2.86781e+6 
          15075      2.83092e+6 
          15125      2.79428e+6 
          15175      2.75938e+6 
          15225      2.73429e+6 
          15275      2.68235e+6 
          15325      2.64948e+6 
          15375      2.64009e+6 
          15425      2.56615e+6 
          15475      2.58342e+6 
          15525       2.5593e+6 
          15575       2.4463e+6 
          15625      2.53267e+6 
          15675      2.44877e+6 
          15725      2.35933e+6 
          15775      2.45854e+6 
          15825      2.42919e+6 
          15875      2.22033e+6 
          15925      2.35199e+6 
          15975      2.36548e+6 
          16050      2.30467e+6 
          16150      2.17165e+6 
          16250      2.23745e+6 
          16350      2.15224e+6 
          16450      2.02981e+6 
          16550      2.09105e+6 
          16650      2.04535e+6 
          16750      1.96541e+6 
          16850       1.8559e+6 
          16950      1.91248e+6 
          17050      1.87171e+6 
          17150      1.83138e+6 
          17250      1.78919e+6 
          17350      1.64497e+6 
          17450      1.70647e+6 
          17550      1.67962e+6 
          17650      1.64443e+6 
          17750      1.61005e+6 
          17850      1.57669e+6 
          17950      1.54421e+6 
          18050      1.50922e+6 
          18150      1.39783e+6 
          18250      1.43549e+6 
          18350      1.42157e+6 
          18450      1.39303e+6 
          18550      1.36458e+6 
          18650      1.33472e+6 
          18750      1.23619e+6 
          18850      1.28121e+6 
          18950      1.25975e+6 
          19050      1.23524e+6 
          19150      1.21117e+6 
          19250      1.18764e+6 
          19350      1.16132e+6 
          19450      1.07432e+6 
          19550      1.11717e+6 
          19650      1.09929e+6 
          19750      1.07843e+6 
          19850      1.05813e+6 
          19950      1.03827e+6 
          20050      1.01895e+6 
          20150          999949 
          20250          981464 
          20350          963470 
          20450          945785 
          20550          928484 
          20650          911651 
          20750          895183 
          20850          879078 
          20950          863411 
          21050          847975 
          21150          832832 
          21250          818131 
          21350          803690 
          21450          789671 
          21550          774160 
          21650          719178 
          21750          745317 
          21850          736437 
          21950          723831 
          22050          711482 
          22150          699362 
          22250          687571 
          22350          675996 
          22450          664658 
          22550          653551 
          22650          642689 
          22750          632043 
          22850          622108 
          22950          611963 
          23050          602043 
          23150          592312 
          23250          582773 
          23350          573419 
          23450          564242 
          23550          555243 
          23650          546369 
          23750          537669 
          23850          529104 
          23950          520689 
          24050          512225 
          24150          503825 
          24250          496822 
          24350          488239 
          24450          480061 
          24550          474215 
          24650          465434 
          24750          458434 
          24850          454476 
          24950          439784 
          25050          441082 
          25150          434801 
          25250          417524 
          25350          421448 
          25450          416607 
          25550          409202 
          25650          389961 
          25750          397971 
          25850          393175 
          25950          387413 
          26050          378584 
          26150          359556 
          26250          349282 
          26350          363594 
          26450          360806 
          26550          356210 
          26650          349246 
          26750          327292 
          26850          339356 
          26950          336571 
          27050          331828 
          27150          327176 
          27250          322592 
          27350          318092 
          27450          313001 
          27550          294345 
          27650          299774 
          27750          300665 
          27850          296737 
          27950          292683 
          28050          288700 
          28150          284779 
          28250          280925 
          28350          277142 
          28450          273415 
          28550          269654 
          28650          263204 
          28750          248436 
          28850          258286 
          28950          255655 
          29050          252354 
          29150          249025 
          29250          245784 
          29350          242577 
          29450          239429 
          29550          236327 
          29650          233279 
          29750          230274 
          29850          227322 
          29950          224417 
          30050          221553 
          30150          218738 
          30250          215565 
          30350          204344 
          30450          205608 
          30550          207691 
          30650          205320 
          30750          202760 
          30850          200200 
          30950          197760 
          31050          195320 
          31150          192915 
          31250          190544 
          31350          188219 
          31450          185919 
          31550          183660 
          31650          181433 
          31750          179242 
          31850          177082 
          31950          174957 
          32100          171823 
          32300          167759 
          32500          163810 
          32700          159967 
          32900          151175 
          33100          151440 
          33300          148845 
          33500          145492 
          33700          142205 
          33900          139011 
          34100          135904 
          34300          132880 
          34500          129941 
          34700          127078 
          34900          124289 
          35100          121580 
          35300          118949 
          35500          116351 
          35700          113809 
          35900          111539 
          36100          108945 
          36300          106902 
          36500          104303 
          36700          102548 
          36900         99795.8 
          37100           98293 
          37300         95053.7 
          37500         91781.5 
          37700         92448.5 
          37900         90662.3 
          38100         88088.3 
          38300         86508.1 
          38500           85365 
          38700         83687.7 
          38900         81900.6 
          39100           78894 
          39300         78854.1 
          39500         77468.5 
          39700         75972.8 
          39900         74488.8 
          40100           72199 
          40300         70354.7 
          40500         68315.5 
          40700         68860.2 
          40900         67668.3 
          41100         66395.6 
          41300         65153.6 
          41500         63846.8 
          41700         60880.7 
          41900         61481.1 
          42100         60466.9 
          42300         59361.6 
          42500           58283 
          42700         57225.9 
          42900           56194 
          43100         55184.9 
          43300         54200.1 
          43500           53215 
          43700         50872.7 
          43900         51010.3 
          44100         50467.4 
          44300         49584.8 
          44500         48723.5 
          44700         47945.2 
          44900         47053.6 
          45100         46246.6 
          45300         45455.4 
          45500         44681.7 
          45700         43923.5 
          45900         43178.5 
          46100         42444.9 
          46300         41681.9 
          46500         39764.8 
          46700         39030.9 
          46900         39553.4 
          47100           39033 
          47300         38407.3 
          47500           37784 
          47700         37171.6 
          47900         36571.1 
          48100         35981.1 
          48300         35404.3 
          48500         34834.4 
          48700         34281.9 
          48900         33734.1 
          49100         33203.5 
          49300         32672.9 
          49500           32174 
          49700         31644.3 
          49900         31179.3 
          50100         30690.7 
          50300         30181.9 
          50500         29761.7 
          50700         29298.7 
          50900         28779.6 
          51100         28325.4 
          51300         27097.1 
          51500         27502.1 
          51700         27045.9 
          51900         26749.8 
          52100         26400.4 
          52300         26006.1 
          52500         25530.9 
          52700         25074.3 
          52900         24855.4 
          53100         24505.5 
          53300         24146.9 
          53500         23794.3 
          53700         23292.1 
          53900         22965.3 
          54100         22777.8 
          54300         22450.6 
          54500         22130.1 
          54700         21814.9 
          54900         21503.8 
          55100         21122.1 
          55300         20628.4 
          55500         20588.8 
          55700         20318.6 
          55900         20034.8 
          56100           19757 
          56300         19482.6 
          56500         19213.9 
          56700         18948.5 
          56900         18656.1 
          57100         18085.4 
          57300         18133.8 
          57500         17934.9 
          57700         17693.1 
          57900         17454.2 
          58100         17219.3 
          58300         16980.6 
          58500         16753.5 
          58700         16524.7 
          58900           16252 
          59100         15574.8 
          59300         15834.2 
          59500         15351.2 
          59700         15353.2 
          59900         15262.4 
          60100         15073.4 
          60300         14908.3 
          60500         14715.2 
          60700         14526.3 
          60900         14339.6 
          61100         14156.1 
          61300         13974.6 
          61500         13797.3 
          61700         13621.8 
          61900         13450.4 
          62100         13280.9 
          62300         13113.2 
          62500           12933 
          62700         12732.8 
          62900           12251 
          63100         12397.7 
          63300         12298.8 
          63500         12165.4 
          63700         12015.8 
          63900         11868.8 
          64200         11652.1 
          64600           11371 
          65000         11097.7 
          65400         10833.8 
          65800         10576.3 
          66200         10325.1 
          66600         10085.1 
          67000         9846.68 
          67400         9592.49 
          67800         9225.57 
          68200         9167.89 
          68600         8975.64 
          69000         8772.98 
          69400         8558.71 
          69800         8383.58 
          70200         8196.57 
          70600         8014.02 
          71000         7817.84 
          71400         7666.95 
          71800         7499.91 
          72200         7337.54 
          72600         7155.42 
          73000         7020.66 
          73400         6876.04 
          73800          6730.1 
          74200         6574.93 
          74600         6315.22 
          75000         6109.26 
          75400         6159.18 
          75800         6056.71 
          76200         5932.83 
          76600         5811.63 
          77000         5693.54 
          77400          5574.7 
          77800         5418.15 
          78200         5353.12 
          78600         5250.06 
          79000            5146 
          79400         5044.52 
          79800          4945.5 
          80200          4848.9 
          80600         4754.62 
          81000         4662.64 
          81400         4526.66 
          81800         4469.55 
          82200         4399.78 
          82600         4316.29 
          83000         4234.75 
          83400         4155.12 
          83800         4077.36 
          84200         4001.42 
          84600         3927.22 
          85000         3854.73 
          85400         3783.95 
          85800         3714.73 
          86200         3644.79 
          86600         3524.03 
          87000         3509.19 
          87400         3412.27 
          87800         3352.37 
          88200         3331.08 
          88600         3271.99 
          89000         3214.31 
          89400         3157.86 
          89800         3102.64 
          90200          3048.5 
          90600         2994.52 
          91000         2943.96 
          91400         2893.32 
          91800         2843.79 
          92200         2795.28 
          92600         2742.06 
          93000         2701.36 
          93400          2654.3 
          93800         2565.56 
          94200         2556.98 
          94600         2525.05 
          95000         2479.78 
          95400          2437.8 
          95800         2402.21 
          96200         2362.94 
          96600         2324.44 
          97000         2286.73 
          97400         2249.76 
          97800         2213.55 
          98200         2175.67 
          98600         2136.08 
          99000          2109.2 
          99400         2075.79 
          99800         2043.03 
         100200         2010.92 
         200000         128.437 
         400000          7.9761 
         600000         1.56071 
         800000        0.489573 
         1.0e+6        0.199049 
         1.2e+6       0.0953781 
         1.4e+6        0.051195 
         1.6e+6       0.0298603 
