# Kurucz ODFNEW /NOVER models
# teff = 9000 K (value for the effective temperature for the model. Temperatures are given in K)
# logg = 4.50 log(cm/s2) (value for Log(G) for the model.)
# meta = -0.5  (value for the Metallicity for the model.)
# lh = 1.25  (l/Hp where l is the  mixing length of the convective element and Hp is the pressure scale height)
# vtur = 2.0 km/s (Microturbulence velocity)
#
# column 1: WAVELENGTH (ANGSTROM), Wavelength in Angstrom
# column 2: FLUX (ERG/CM2/S/A), Flux in erg/cm2/s/A
              0               0 
           90.9               0 
           93.5               0 
           96.1               0 
           97.7               0 
           99.6               0 
            102               0 
          103.8               0 
          105.6               0 
          107.7               0 
          110.4               0 
            114               0 
          117.8               0 
          121.3               0 
          124.8               0 
          127.1               0 
          128.4               0 
          130.5               0 
          132.4               0 
          133.9               0 
          136.6               0 
          139.8               0 
          143.3               0 
          147.2               0 
            151               0 
          155.2               0 
          158.8               0 
            162               0 
            166               0 
          170.3               0 
          173.4               0 
          176.8               0 
          180.2               0 
          181.7               0 
          186.1               0 
            191               0 
          193.9               0 
          198.4               0 
          201.8               0 
            205               0 
          210.5               0 
          216.2               0 
          219.8               0 
            223               0 
          226.8               0 
            230               0 
            234               0 
            240               0 
          246.5               0 
          252.4               0 
          256.8               0 
            260               0 
            264               0 
          268.5               0 
          273.5               0 
          278.5               0 
            284               0 
            290               0 
            296     3.11562e-23 
            301     1.51905e-22 
            308     9.52111e-22 
            318     1.10228e-20 
            328     1.09404e-19 
            338     9.45189e-19 
            348     7.19715e-18 
            357     4.04756e-17 
            366     2.08668e-16 
            375     9.91567e-16 
            385     5.13074e-15 
            395     2.43532e-14 
            405     1.06741e-13 
            414     3.78782e-13 
            422     1.11375e-12 
            430     3.14099e-12 
            441     1.22563e-11 
            451     3.97861e-11 
            460      1.0967e-10 
            470     3.22601e-10 
            480     9.05214e-10 
            490      2.43015e-9 
            500      6.25871e-9 
            506      1.03235e-8 
            512      1.82211e-8 
            520      3.70253e-8 
            530      8.53713e-8 
            540      1.90523e-7 
            550      4.12275e-7 
            560      8.66457e-7 
            570      1.77141e-6 
            580      3.52799e-6 
            590      6.85442e-6 
            600      1.30077e-5 
            610      2.41367e-5 
            620      4.38473e-5 
            630      7.80597e-5 
            640     0.000136317 
            650     0.000233716 
            658     0.000355227 
            665     0.000507866 
            675     0.000834697 
            685      0.00135068 
            695      0.00215326 
            705      0.00338412 
            716      0.00547778 
            726      0.00837191 
            735       0.0121326 
            745       0.0181168 
            755       0.0267421 
            765       0.0390399 
            775       0.0563925 
            785       0.0806313 
            795        0.112341 
            805        0.160133 
            815        0.222576 
            825        0.306688 
            835        0.419041 
            845        0.567924 
            855        0.763742 
            865         1.01938 
            875         1.32904 
            885         1.77734 
            895       0.0805452 
            905        0.100072 
            915         21.1133 
            925         144.488 
            935         235.314 
            945          366.94 
            955         509.398 
            965           662.7 
            975         618.106 
            985         940.404 
            995         1063.99 
           1005          1337.1 
           1015         1536.18 
           1025         1291.78 
           1035         2062.54 
           1045         2493.47 
           1055         2900.32 
           1065         3280.18 
           1075         3885.88 
           1085          4491.1 
           1095         5025.27 
           1105         9146.85 
           1115         20378.8 
           1125         26822.5 
           1135         35572.5 
           1145         39589.1 
           1155           40245 
           1165         47048.8 
           1175           49493 
           1185         50654.7 
           1195         28982.4 
           1205         22217.1 
           1215         5125.67 
           1225         23741.2 
           1235         52801.2 
           1245           82544 
           1255          139101 
           1265          185186 
           1275          429911 
           1285       1.6526e+6 
           1295      2.84689e+6 
           1305      2.67335e+6 
           1315      5.55198e+6 
           1325      7.49673e+6 
           1335      8.79033e+6 
           1345      1.20621e+7 
           1355      1.15205e+7 
           1365      1.17714e+7 
           1375      1.14893e+7 
           1385      8.59367e+6 
           1395      8.83407e+6 
           1405      1.36448e+7 
           1415      1.85813e+7 
           1425      2.14819e+7 
           1435      1.90577e+7 
           1442      2.35945e+7 
           1447      2.40831e+7 
           1455      2.63601e+7 
           1465      2.37178e+7 
           1475      2.43358e+7 
           1485      2.54989e+7 
           1495      2.80648e+7 
           1505      2.93181e+7 
           1512      2.67683e+7 
           1517      2.82177e+7 
           1525      2.71869e+7 
           1535      3.12932e+7 
           1545       3.7013e+7 
           1555      2.85334e+7 
           1565      2.25817e+7 
           1575      3.32821e+7 
           1585      3.81105e+7 
           1595      4.08104e+7 
           1605      4.02085e+7 
           1615      4.30025e+7 
           1625      4.07556e+7 
           1635      4.62721e+7 
           1645      6.08207e+7 
           1655      4.37382e+7 
           1665      6.27562e+7 
           1672      4.40461e+7 
           1677      5.99672e+7 
           1685      6.84006e+7 
           1695      5.72013e+7 
           1705      5.84595e+7 
           1715      6.30748e+7 
           1725      6.21266e+7 
           1735       6.7471e+7 
           1745      6.44914e+7 
           1755      7.12945e+7 
           1765      5.82359e+7 
           1775       6.8067e+7 
           1785      6.77381e+7 
           1795       7.4189e+7 
           1805      6.86471e+7 
           1815      6.86669e+7 
           1825      6.45966e+7 
           1835      6.38822e+7 
           1845      5.78006e+7 
           1855      6.14937e+7 
           1865      6.32481e+7 
           1875      6.44956e+7 
           1885      6.44854e+7 
           1895      6.50025e+7 
           1905        6.097e+7 
           1915      6.48487e+7 
           1925      6.54924e+7 
           1935      6.02721e+7 
           1945      6.69446e+7 
           1955      6.61453e+7 
           1967      6.81323e+7 
           1976      6.59759e+7 
           1984      6.44584e+7 
           1995      6.26968e+7 
           2005      6.04172e+7 
           2015      5.97417e+7 
           2025      5.69189e+7 
           2035      6.07895e+7 
           2045      6.35284e+7 
           2055      6.08261e+7 
           2065      5.96905e+7 
           2074      6.32244e+7 
           2078      6.45996e+7 
           2085      6.33962e+7 
           2095      6.10713e+7 
           2105      5.90471e+7 
           2115      5.94611e+7 
           2125      6.04579e+7 
           2135      5.17769e+7 
           2145      5.80143e+7 
           2155      5.77202e+7 
           2165      5.45625e+7 
           2175      5.38733e+7 
           2185       5.5205e+7 
           2195      5.82437e+7 
           2205      5.59584e+7 
           2215      5.12939e+7 
           2225      5.15058e+7 
           2235      5.71902e+7 
           2245      5.16881e+7 
           2255      5.02251e+7 
           2265      4.97167e+7 
           2275       5.2952e+7 
           2285      5.46255e+7 
           2295      5.08751e+7 
           2305      5.10807e+7 
           2315      5.02995e+7 
           2325      4.99853e+7 
           2335      4.81485e+7 
           2345      4.36771e+7 
           2355      5.01586e+7 
           2365      4.46211e+7 
           2375      4.74847e+7 
           2385      4.15141e+7 
           2395      4.52303e+7 
           2405      4.34834e+7 
           2415      4.41537e+7 
           2425      4.72002e+7 
           2435      4.51341e+7 
           2445      4.78271e+7 
           2455      4.63452e+7 
           2465      4.62769e+7 
           2475      4.41372e+7 
           2485      4.57903e+7 
           2495      4.42053e+7 
           2505       4.9049e+7 
           2513      4.43171e+7 
           2518      4.47063e+7 
           2525      4.18795e+7 
           2535      4.10296e+7 
           2545      4.06288e+7 
           2555      4.35997e+7 
           2565       4.3773e+7 
           2575      4.68755e+7 
           2585      4.72599e+7 
           2595      4.67203e+7 
           2605        4.481e+7 
           2615      4.40752e+7 
           2625      4.68917e+7 
           2635      4.69865e+7 
           2645      5.16974e+7 
           2655      5.12648e+7 
           2665      4.74871e+7 
           2675      4.92154e+7 
           2685      4.95635e+7 
           2695      4.69451e+7 
           2705      4.77644e+7 
           2715      4.54542e+7 
           2725      4.57339e+7 
           2735      4.87594e+7 
           2745      4.22785e+7 
           2755      4.31413e+7 
           2765      4.47299e+7 
           2775      4.73111e+7 
           2785      4.60811e+7 
           2795      3.50694e+7 
           2805      3.93699e+7 
           2815      4.85781e+7 
           2825      4.87397e+7 
           2835      4.71777e+7 
           2845       4.5578e+7 
           2855      4.39646e+7 
           2865      4.66999e+7 
           2875      4.56647e+7 
           2885      4.66249e+7 
           2895      4.52471e+7 
           2910      4.89816e+7 
           2930      4.71565e+7 
           2950      4.69046e+7 
           2970      4.73342e+7 
           2990      4.73942e+7 
           3010      4.77518e+7 
           3030      4.74233e+7 
           3050      4.71355e+7 
           3070      4.67871e+7 
           3090      4.70434e+7 
           3110      4.62223e+7 
           3130      4.60409e+7 
           3150      4.64756e+7 
           3170      4.61686e+7 
           3190      4.45549e+7 
           3210      4.51751e+7 
           3230        4.422e+7 
           3250      4.47548e+7 
           3270      4.49875e+7 
           3290      4.51835e+7 
           3310      4.52066e+7 
           3330      4.43831e+7 
           3350      4.37139e+7 
           3370      4.36477e+7 
           3390       4.3308e+7 
           3410      4.37181e+7 
           3430      4.35814e+7 
           3450      4.32358e+7 
           3470      4.28044e+7 
           3490       4.2665e+7 
           3510      4.29108e+7 
           3530      4.27768e+7 
           3550      4.27624e+7 
           3570      4.19623e+7 
           3590      4.17329e+7 
           3610      4.15782e+7 
           3630      4.15186e+7 
           3640      4.13024e+7 
           3650      4.17692e+7 
           3670      4.17038e+7 
           3690      4.03898e+7 
           3710      4.01389e+7 
           3730      3.94794e+7 
           3750      4.72221e+7 
           3770      4.96858e+7 
           3790      6.03434e+7 
           3810      7.10427e+7 
           3830       5.6501e+7 
           3850      7.98626e+7 
           3870      9.20666e+7 
           3890      5.00114e+7 
           3910      9.31026e+7 
           3930      9.96627e+7 
           3950      9.33827e+7 
           3970      4.80948e+7 
           3990      8.87961e+7 
           4010      1.07288e+8 
           4030      1.09461e+8 
           4050      1.07324e+8 
           4070      9.86146e+7 
           4090      7.03415e+7 
           4110      5.33088e+7 
           4130      9.16618e+7 
           4150      1.00755e+8 
           4170      1.01953e+8 
           4190      1.01109e+8 
           4210      1.00216e+8 
           4230      9.80498e+7 
           4250       9.7148e+7 
           4270      9.44589e+7 
           4290      9.23664e+7 
           4310      8.32164e+7 
           4330      5.84017e+7 
           4350       4.9705e+7 
           4370      8.01303e+7 
           4390      8.61127e+7 
           4410      8.69548e+7 
           4430      8.67683e+7 
           4450      8.68331e+7 
           4470      8.59409e+7 
           4490      8.42968e+7 
           4510      8.42213e+7 
           4530      8.28824e+7 
           4550      8.13274e+7 
           4570      8.14758e+7 
           4590      8.00449e+7 
           4610      7.99936e+7 
           4630      7.83076e+7 
           4650       7.8024e+7 
           4670      7.70703e+7 
           4690      7.52122e+7 
           4710      7.28205e+7 
           4730      7.41189e+7 
           4750      7.32054e+7 
           4770      7.19802e+7 
           4790      7.05349e+7 
           4810      6.80931e+7 
           4830      6.26374e+7 
           4850      4.63623e+7 
           4870      3.76557e+7 
           4890      5.81555e+7 
           4910      6.36663e+7 
           4930      6.41832e+7 
           4950      6.46604e+7 
           4970      6.45603e+7 
           4990       6.3708e+7 
           5010      6.24591e+7 
           5030      6.24872e+7 
           5050      6.15843e+7 
           5070      6.13792e+7 
           5090      6.06987e+7 
           5110      6.00859e+7 
           5130       5.9322e+7 
           5150      5.85426e+7 
           5170      5.70997e+7 
           5190      5.66716e+7 
           5210      5.66272e+7 
           5230      5.56676e+7 
           5250      5.56856e+7 
           5270      5.43035e+7 
           5290      5.44441e+7 
           5310       5.3626e+7 
           5330      5.28597e+7 
           5350      5.27653e+7 
           5370      5.20413e+7 
           5390      5.15637e+7 
           5410      5.08109e+7 
           5430       5.0477e+7 
           5450      5.00324e+7 
           5470      4.95287e+7 
           5490      4.90772e+7 
           5510      4.85976e+7 
           5530      4.79782e+7 
           5550      4.76232e+7 
           5570      4.70692e+7 
           5590      4.65536e+7 
           5610      4.61492e+7 
           5630      4.57468e+7 
           5650      4.52642e+7 
           5670      4.47743e+7 
           5690      4.43636e+7 
           5710      4.39253e+7 
           5730      4.35422e+7 
           5750      4.30667e+7 
           5770      4.26566e+7 
           5790      4.22288e+7 
           5810      4.18222e+7 
           5830      4.14229e+7 
           5850      4.10002e+7 
           5870      4.05847e+7 
           5890      3.98805e+7 
           5910      3.98172e+7 
           5930      3.94365e+7 
           5950      3.90345e+7 
           5970      3.86753e+7 
           5990      3.82715e+7 
           6010      3.78806e+7 
           6030       3.7555e+7 
           6050      3.72021e+7 
           6070      3.68706e+7 
           6090      3.65099e+7 
           6110      3.61532e+7 
           6130      3.57661e+7 
           6150      3.52901e+7 
           6170      3.50655e+7 
           6190      3.48305e+7 
           6210      3.45028e+7 
           6230      3.41566e+7 
           6250      3.37234e+7 
           6270      3.35582e+7 
           6290      3.32482e+7 
           6310      3.29004e+7 
           6330      3.26156e+7 
           6350       3.2162e+7 
           6370      3.19141e+7 
           6390      3.16815e+7 
           6410      3.13181e+7 
           6430      3.10369e+7 
           6450      3.05794e+7 
           6470       3.0324e+7 
           6490      2.98244e+7 
           6510      2.91703e+7 
           6530      2.77312e+7 
           6550      2.34174e+7 
           6570        1.896e+7 
           6590      2.58188e+7 
           6610      2.75701e+7 
           6630      2.79517e+7 
           6650      2.79431e+7 
           6670      2.78003e+7 
           6690      2.76285e+7 
           6710      2.74205e+7 
           6730       2.7202e+7 
           6750      2.69849e+7 
           6770      2.67854e+7 
           6790      2.65518e+7 
           6810      2.63254e+7 
           6830      2.60851e+7 
           6850      2.58623e+7 
           6870      2.56489e+7 
           6890      2.54296e+7 
           6910      2.52108e+7 
           6930      2.49917e+7 
           6950       2.4781e+7 
           6970      2.45677e+7 
           6990       2.4364e+7 
           7010      2.41248e+7 
           7030      2.39367e+7 
           7050      2.37427e+7 
           7070      2.35497e+7 
           7090      2.33549e+7 
           7110       2.3006e+7 
           7130       2.2935e+7 
           7150      2.27494e+7 
           7170      2.25684e+7 
           7190       2.2376e+7 
           7210      2.21977e+7 
           7230      2.20123e+7 
           7250      2.18172e+7 
           7270      2.16596e+7 
           7290      2.14636e+7 
           7310      2.12963e+7 
           7330       2.1122e+7 
           7350      2.09598e+7 
           7370      2.07914e+7 
           7390      2.06114e+7 
           7410      2.04276e+7 
           7430      2.02461e+7 
           7450      2.00995e+7 
           7470      1.98989e+7 
           7490      1.97572e+7 
           7510      1.96267e+7 
           7530       1.9476e+7 
           7550      1.93314e+7 
           7570      1.91735e+7 
           7590      1.90235e+7 
           7610      1.88723e+7 
           7630      1.87204e+7 
           7650      1.85679e+7 
           7670      1.84078e+7 
           7690      1.82701e+7 
           7710      1.81241e+7 
           7730      1.79952e+7 
           7750      1.78491e+7 
           7770      1.74422e+7 
           7790      1.75781e+7 
           7810      1.74394e+7 
           7830      1.72896e+7 
           7850      1.71441e+7 
           7870      1.69866e+7 
           7890        1.684e+7 
           7910      1.67478e+7 
           7930      1.66227e+7 
           7950      1.64741e+7 
           7970       1.6391e+7 
           7990      1.61916e+7 
           8010      1.61349e+7 
           8030      1.60067e+7 
           8050      1.58918e+7 
           8070      1.57675e+7 
           8090      1.56493e+7 
           8110      1.55367e+7 
           8130      1.54222e+7 
           8150      1.53063e+7 
           8170      1.51908e+7 
           8190      1.50083e+7 
           8210      1.49448e+7 
           8230      1.48305e+7 
           8250      1.47244e+7 
           8270      1.46885e+7 
           8290      1.45826e+7 
           8310       1.4482e+7 
           8330      1.43131e+7 
           8350       1.4283e+7 
           8370      1.41847e+7 
           8390      1.40669e+7 
           8410      1.39612e+7 
           8430      1.38425e+7 
           8450      1.36262e+7 
           8470      1.35351e+7 
           8490      1.35451e+7 
           8510      1.31034e+7 
           8530      1.33972e+7 
           8550       1.2476e+7 
           8570      1.33611e+7 
           8590      1.26317e+7 
           8610      1.23957e+7 
           8630      1.32893e+7 
           8650      1.27415e+7 
           8670      1.10019e+7 
           8690      1.28725e+7 
           8710      1.32901e+7 
           8730      1.26964e+7 
           8750      1.02913e+7 
           8770      1.20553e+7 
           8790      1.31268e+7 
           8810      1.32377e+7 
           8830      1.28212e+7 
           8850      1.12996e+7 
           8870      9.71933e+6 
           8890      1.20872e+7 
           8910      1.28108e+7 
           8930      1.29873e+7 
           8950      1.29862e+7 
           8970      1.26371e+7 
           8990      1.17881e+7 
           9010      9.41453e+6 
           9030      1.02165e+7 
           9050      1.18356e+7 
           9070       1.2191e+7 
           9090      1.22314e+7 
           9110      1.24183e+7 
           9130      1.24137e+7 
           9150      1.22866e+7 
           9170      1.20341e+7 
           9190      1.15531e+7 
           9210      1.04735e+7 
           9230      8.26267e+6 
           9250      1.00595e+7 
           9270      1.10218e+7 
           9290      1.15236e+7 
           9310      1.16314e+7 
           9330      1.16314e+7 
           9350      1.15959e+7 
           9370      1.15353e+7 
           9390      1.14311e+7 
           9410      1.11996e+7 
           9430      1.12466e+7 
           9450      1.11426e+7 
           9470      1.09888e+7 
           9490       1.0738e+7 
           9510      1.02626e+7 
           9530      9.18669e+6 
           9550       7.4621e+6 
           9570      9.27789e+6 
           9590      1.00728e+7 
           9610      1.03092e+7 
           9630      1.03322e+7 
           9650      1.04169e+7 
           9670      1.03178e+7 
           9690      1.03214e+7 
           9710      1.02933e+7 
           9730      1.02275e+7 
           9750      1.01536e+7 
           9770      1.01002e+7 
           9790       1.0033e+7 
           9810      9.96396e+6 
           9830      9.89069e+6 
           9850      9.80825e+6 
           9870      9.73876e+6 
           9890       9.6293e+6 
           9910      9.58781e+6 
           9930      9.50069e+6 
           9950      9.41004e+6 
           9970      9.28781e+6 
           9990      9.09324e+6 
          10025      8.04397e+6 
          10075      7.63736e+6 
          10125      8.73146e+6 
          10175      8.77358e+6 
          10225      8.67536e+6 
          10275      8.55725e+6 
          10325      8.42015e+6 
          10375      8.28668e+6 
          10425      8.15471e+6 
          10475      7.99121e+6 
          10525       7.8852e+6 
          10575      7.76465e+6 
          10625      7.64201e+6 
          10675      7.43275e+6 
          10725      7.35541e+6 
          10775      7.24901e+6 
          10825      7.08994e+6 
          10875      6.80637e+6 
          10925      5.62591e+6 
          10975      6.15213e+6 
          11025      6.60785e+6 
          11075      6.60761e+6 
          11125      6.53101e+6 
          11175      6.44884e+6 
          11225      6.36043e+6 
          11275      6.21614e+6 
          11325      6.12317e+6 
          11375      6.06948e+6 
          11425      5.97315e+6 
          11475      5.90204e+6 
          11525       5.8172e+6 
          11575      5.73077e+6 
          11625      5.62333e+6 
          11675       5.5175e+6 
          11725      5.48563e+6 
          11775      5.34701e+6 
          11825      5.30216e+6 
          11875      5.21699e+6 
          11925      5.17838e+6 
          11975      5.08112e+6 
          12025      5.02566e+6 
          12075      4.94744e+6 
          12125      4.88161e+6 
          12175      4.82024e+6 
          12225       4.7509e+6 
          12275      4.67976e+6 
          12325      4.61683e+6 
          12375      4.55598e+6 
          12425      4.49644e+6 
          12475      4.42901e+6 
          12525      4.36968e+6 
          12575      4.29261e+6 
          12625      4.22959e+6 
          12675      4.16724e+6 
          12725      4.06728e+6 
          12775      3.82247e+6 
          12825      3.24576e+6 
          12875      3.76968e+6 
          12925      3.86346e+6 
          12975      3.84652e+6 
          13025      3.80769e+6 
          13075      3.76629e+6 
          13125      3.71797e+6 
          13175      3.66418e+6 
          13225      3.62254e+6 
          13275       3.5752e+6 
          13325      3.52892e+6 
          13375      3.48299e+6 
          13425      3.43787e+6 
          13475      3.39311e+6 
          13525      3.34601e+6 
          13575      3.30404e+6 
          13625      3.26402e+6 
          13675      3.22145e+6 
          13725      3.17022e+6 
          13775       3.1391e+6 
          13825      3.09988e+6 
          13875      3.06331e+6 
          13925      3.02152e+6 
          13975      2.98586e+6 
          14025      2.94891e+6 
          14075      2.91278e+6 
          14125      2.87577e+6 
          14175      2.84052e+6 
          14225      2.80513e+6 
          14275      2.77035e+6 
          14325      2.73691e+6 
          14375      2.70423e+6 
          14425      2.64822e+6 
          14475      2.63805e+6 
          14525      2.59545e+6 
          14570      2.57732e+6 
          14620      2.54438e+6 
          14675      2.51555e+6 
          14725      2.48494e+6 
          14775      2.45141e+6 
          14825      2.42599e+6 
          14875      2.39183e+6 
          14925       2.3738e+6 
          14975      2.34471e+6 
          15025      2.31228e+6 
          15075      2.28851e+6 
          15125      2.26517e+6 
          15175      2.23849e+6 
          15225      2.21259e+6 
          15275      2.18521e+6 
          15325      2.15863e+6 
          15375      2.13585e+6 
          15425      2.10112e+6 
          15475      2.08442e+6 
          15525      2.05867e+6 
          15575      2.01798e+6 
          15625      2.02515e+6 
          15675      1.97315e+6 
          15725      1.93396e+6 
          15775      1.95911e+6 
          15825      1.93321e+6 
          15875      1.81716e+6 
          15925      1.86668e+6 
          15975      1.88852e+6 
          16050      1.82367e+6 
          16150      1.72822e+6 
          16250      1.79532e+6 
          16350      1.69366e+6 
          16450      1.59197e+6 
          16550      1.69039e+6 
          16650      1.65819e+6 
          16750      1.54083e+6 
          16850      1.44232e+6 
          16950      1.55084e+6 
          17050      1.52894e+6 
          17150       1.4963e+6 
          17250       1.4409e+6 
          17350      1.25864e+6 
          17450      1.35498e+6 
          17550      1.36943e+6 
          17650      1.34646e+6 
          17750      1.32272e+6 
          17850      1.29351e+6 
          17950      1.26535e+6 
          18050      1.22292e+6 
          18150      1.07712e+6 
          18250      1.13416e+6 
          18350       1.1601e+6 
          18450      1.14225e+6 
          18550      1.11661e+6 
          18650      1.07762e+6 
          18750          944916 
          18850      1.02913e+6 
          18950      1.03011e+6 
          19050      1.01556e+6 
          19150          995845 
          19250          973468 
          19350          935421 
          19450          824141 
          19550          900037 
          19650          902129 
          19750          888399 
          19850          873514 
          19950          857293 
          20050          841526 
          20150          826051 
          20250          810783 
          20350          795820 
          20450          781625 
          20550          767472 
          20650          753289 
          20750          739939 
          20850          726835 
          20950          713809 
          21050          701092 
          21150          688087 
          21250          675834 
          21350          663354 
          21450          649773 
          21550          627906 
          21650          557482 
          21750          599744 
          21850          605266 
          21950          598050 
          22050          588747 
          22150          578590 
          22250          569498 
          22350          559970 
          22450          550644 
          22550          541149 
          22650          532503 
          22750          523734 
          22850          515271 
          22950          506856 
          23050          498873 
          23150          490832 
          23250          483059 
          23350          475342 
          23450          467838 
          23550          460463 
          23650          453229 
          23750          446094 
          23850          439097 
          23950          432280 
          24050          425507 
          24150          418909 
          24250          412457 
          24350          406033 
          24450          399698 
          24550          393642 
          24650          387374 
          24750          381507 
          24850          375955 
          24950          368778 
          25050          365015 
          25150          359505 
          25250          351078 
          25350          348497 
          25450          344513 
          25550          337728 
          25650          327892 
          25750          328300 
          25850          324789 
          25950          319660 
          26050          310231 
          26150          296394 
          26250          274124 
          26350          293491 
          26450          296844 
          26550          293564 
          26650          286236 
          26750          270296 
          26850          278288 
          26950          278369 
          27050          275321 
          27150          271794 
          27250          267971 
          27350          263683 
          27450          257351 
          27550          239608 
          27650          243397 
          27750          248314 
          27850          246558 
          27950          243779 
          28050          240905 
          28150          237646 
          28250          234451 
          28350          230968 
          28450          227271 
          28550          222894 
          28650          213566 
          28750          200333 
          28850          211761 
          28950          212094 
          29050          210158 
          29150          207797 
          29250          205234 
          29350          202609 
          29450          199980 
          29550          197412 
          29650          194878 
          29750          192379 
          29850          189925 
          29950          187466 
          30050          184685 
          30150          181758 
          30250          177500 
          30350          164606 
          30450          165871 
          30550          171472 
          30650          170828 
          30750          169209 
          30850          167294 
          30950          165294 
          31050          163255 
          31150          161195 
          31250          159266 
          31350          157343 
          31450          155400 
          31550          153579 
          31650          151746 
          31750          149876 
          31850          148119 
          31950          146341 
          32100          143726 
          32300          140352 
          32500          137039 
          32700          133088 
          32900          122499 
          33100          124348 
          33300          124167 
          33500          121625 
          33700          118855 
          33900          116257 
          34100          113689 
          34300          111201 
          34500          108779 
          34700          106393 
          34900          104083 
          35100          101826 
          35300         99629.7 
          35500           97488 
          35700         95396.7 
          35900         93380.9 
          36100         91380.6 
          36300         89484.5 
          36500         87553.5 
          36700         85773.9 
          36900         83795.3 
          37100         81977.3 
          37300         77748.5 
          37500         75396.9 
          37700         77074.8 
          37900         75794.1 
          38100         73998.7 
          38300         72580.7 
          38500         71452.2 
          38700         70033.9 
          38900         68461.8 
          39100         66538.6 
          39300         65933.7 
          39500           64792 
          39700         63557.8 
          39900         62216.8 
          40100         60332.6 
          40300         58826.2 
          40500           55589 
          40700         57243.3 
          40900         56619.7 
          41100         55634.9 
          41300         54571.8 
          41500         53261.7 
          41700           50837 
          41900         51251.9 
          42100         50674.5 
          42300           49887 
          42500         48984.9 
          42700         48101.4 
          42900         47236.5 
          43100         46391.4 
          43300         45521.7 
          43500         44475.1 
          43700         42196.7 
          43900         42299.8 
          44100         42275.5 
          44300         41689.1 
          44500         40970.8 
          44700           40311 
          44900         39554.6 
          45100         38882.2 
          45300         38216.6 
          45500         37566.7 
          45700         36919.1 
          45900         36274.6 
          46100         35614.7 
          46300         34777.1 
          46500         32417.5 
          46700         32078.1 
          46900         32858.5 
          47100           32731 
          47300         32276.3 
          47500         31771.4 
          47700         31268.7 
          47900         30771.9 
          48100         30280.2 
          48300         29797.5 
          48500         29323.2 
          48700         28858.9 
          48900         28402.8 
          49100         27953.1 
          49300         27514.4 
          49500         27084.9 
          49700         26659.9 
          49900         26246.9 
          50100         25839.7 
          50300         25435.1 
          50500         25043.5 
          50700         24645.5 
          50900         24212.3 
          51100         23581.6 
          51300         22264.4 
          51500         22951.1 
          51700           22788 
          51900           22498 
          52100         22181.3 
          52300         21854.9 
          52500         21516.5 
          52700         21189.4 
          52900         20904.3 
          53100         20608.1 
          53300         20309.2 
          53500           20005 
          53700         19678.6 
          53900         19395.3 
          54100         19153.1 
          54300         18911.3 
          54500         18654.8 
          54700         18387.7 
          54900         18087.7 
          55100         17790.4 
          55300         17496.9 
          55500         17320.8 
          55700         17115.3 
          55900         16890.6 
          56100           16659 
          56300         16429.2 
          56500         16204.5 
          56700         15955.6 
          56900         15688.9 
          57100         15365.4 
          57300         15251.5 
          57500         15096.6 
          57700         14924.2 
          57900         14723.5 
          58100         14526.3 
          58300         14317.1 
          58500         14109.3 
          58700         13889.8 
          58900         13537.2 
          59100         12799.6 
          59300         13211.6 
          59500         12982.5 
          59700           12903 
          59900         12841.1 
          60100         12700.5 
          60300           12546 
          60500           12388 
          60700         12230.9 
          60900         12075.5 
          61100         11920.9 
          61300         11771.1 
          61500         11621.9 
          61700         11474.4 
          61900         11329.6 
          62100         11185.4 
          62300           11039 
          62500         10885.5 
          62700         10683.9 
          62900         10326.6 
          63100         10390.9 
          63300         10349.8 
          63500         10242.6 
          63700         10124.6 
          63900         10010.6 
          64200         9839.55 
          64600          9602.5 
          65000         9373.22 
          65400          9150.6 
          65800         8933.52 
          66200         8722.73 
          66600          8518.9 
          67000         8302.99 
          67400         8058.72 
          67800         7719.69 
          68200         7727.48 
          68600         7576.53 
          69000         7411.89 
          69400         7243.92 
          69800         7083.59 
          70200         6926.94 
          70600         6773.09 
          71000         6621.73 
          71400         6480.28 
          71800         6339.53 
          72200         6201.18 
          72600          6057.4 
          73000         5933.31 
          73400         5812.89 
          73800            5679 
          74200         5531.92 
          74600         5230.54 
          75000          5072.1 
          75400         5163.54 
          75800         5102.65 
          76200         5005.42 
          76600         4908.26 
          77000         4810.83 
          77400         4705.51 
          77800         4597.56 
          78200         4519.16 
          78600         4441.22 
          79000         4353.38 
          79400         4267.67 
          79800         4184.05 
          80200         4102.54 
          80600         4022.71 
          81000          3938.7 
          81400          3841.3 
          81800         3776.25 
          82200         3720.12 
          82600         3652.76 
          83000          3583.9 
          83400         3516.33 
          83800         3450.55 
          84200         3386.49 
          84600         3324.13 
          85000         3262.88 
          85400         3203.04 
          85800         3143.35 
          86200         3076.32 
          86600         2988.75 
          87000          2957.6 
          87400         2855.53 
          87800         2805.08 
          88200         2811.86 
          88600          2770.3 
          89000         2721.67 
          89400            2674 
          89800         2627.29 
          90200         2581.63 
          90600         2536.94 
          91000         2493.22 
          91400         2450.38 
          91800         2408.51 
          92200         2367.54 
          92600          2325.6 
          93000         2284.64 
          93400          2240.8 
          93800         2167.61 
          94200         2153.78 
          94600         2133.17 
          95000          2100.5 
          95400         2067.32 
          95800          2035.2 
          96200         2001.94 
          96600         1969.41 
          97000         1937.54 
          97400         1906.25 
          97800         1875.65 
          98200          1844.5 
          98600         1813.79 
          99000         1787.37 
          99400         1759.13 
          99800          1731.4 
         100200         1704.25 
         200000         109.346 
         400000          6.8141 
         600000         1.33551 
         800000        0.419467 
         1.0e+6        0.170712 
         1.2e+6       0.0818682 
         1.4e+6       0.0439757 
         1.6e+6       0.0256662 
