# Kurucz ODFNEW /NOVER models
# teff = 12750 K (value for the effective temperature for the model. Temperatures are given in K)
# logg = 2.50 log(cm/s2) (value for Log(G) for the model.)
# meta = -0.5  (value for the Metallicity for the model.)
# lh = 1.25  (l/Hp where l is the  mixing length of the convective element and Hp is the pressure scale height)
# vtur = 2.0 km/s (Microturbulence velocity)
#
# column 1: WAVELENGTH (ANGSTROM), Wavelength in Angstrom
# column 2: FLUX (ERG/CM2/S/A), Flux in erg/cm2/s/A
              0               0 
           90.9               0 
           93.5               0 
           96.1               0 
           97.7               0 
           99.6               0 
            102               0 
          103.8               0 
          105.6               0 
          107.7               0 
          110.4               0 
            114               0 
          117.8               0 
          121.3               0 
          124.8               0 
          127.1               0 
          128.4               0 
          130.5               0 
          132.4               0 
          133.9               0 
          136.6               0 
          139.8               0 
          143.3               0 
          147.2               0 
            151               0 
          155.2               0 
          158.8               0 
            162               0 
            166               0 
          170.3               0 
          173.4               0 
          176.8               0 
          180.2               0 
          181.7               0 
          186.1               0 
            191               0 
          193.9               0 
          198.4               0 
          201.8               0 
            205               0 
          210.5               0 
          216.2     1.77539e-22 
          219.8     6.87928e-22 
            223     2.14997e-21 
          226.8     7.93476e-21 
            230     2.29577e-20 
            234       8.325e-20 
            240     5.29418e-19 
          246.5     3.55563e-18 
          252.4      1.8318e-17 
          256.8     5.91547e-17 
            260     1.35394e-16 
            264     3.70816e-16 
          268.5     1.10941e-15 
          273.5     3.58756e-15 
          278.5     1.11136e-14 
            284     3.67225e-14 
            290      1.2846e-13 
            296     4.26746e-13 
            301     1.11795e-12 
            308     4.06896e-12 
            318     2.32865e-11 
            328     1.19598e-10 
            338     5.55051e-10 
            348      2.34806e-9 
            357      8.01825e-9 
            366      2.57062e-8 
            375      7.76687e-8 
            385      2.48852e-7 
            395      7.50057e-7 
            405      2.13711e-6 
            414      5.23653e-6 
            422      1.12208e-5 
            430      2.33332e-5 
            441      6.10827e-5 
            451      0.00014034 
            460     0.000286981 
            470     0.000613837 
            480      0.00126955 
            490      0.00254595 
            500      0.00495446 
            506       0.0455999 
            512        0.111215 
            520         0.16755 
            530        0.284378 
            540         0.42709 
            550        0.727692 
            560         1.12637 
            570         1.73511 
            580         2.38626 
            590         3.81882 
            600          5.6703 
            610         8.29415 
            620         11.7224 
            630         16.6211 
            640         22.8825 
            650          31.879 
            658         41.1192 
            665         50.5618 
            675         67.8616 
            685         90.8377 
            695         121.351 
            705          159.25 
            716         212.382 
            726         275.288 
            735         342.765 
            745         439.757 
            755         558.546 
            765         700.963 
            775         881.447 
            785         1098.42 
            795         1354.92 
            805         1669.82 
            815         2035.41 
            825         2482.64 
            835         2981.91 
            845         3612.47 
            855         4328.73 
            865         5185.54 
            875         6161.03 
            885         7332.35 
            895         8644.31 
            905         10033.4 
            915          124846 
            925          824900 
            935      2.88999e+6 
            945      2.60131e+7 
            955      8.25976e+7 
            965      1.25225e+8 
            975      2.45768e+7 
            985       1.8537e+8 
            995      1.83185e+8 
           1005       2.1544e+8 
           1015      2.03584e+8 
           1025      2.20525e+7 
           1035      9.71486e+7 
           1045      2.85574e+8 
           1055      3.15678e+8 
           1065      2.70069e+8 
           1075      3.30431e+8 
           1085       2.9565e+8 
           1095      3.48257e+8 
           1105      3.32479e+8 
           1115      3.69027e+8 
           1125      3.74222e+8 
           1135      4.53373e+8 
           1145      4.27471e+8 
           1155      4.60682e+8 
           1165      5.12873e+8 
           1175      4.78832e+8 
           1185      4.65686e+8 
           1195        1.221e+8 
           1205      9.76967e+7 
           1215      7.18051e+6 
           1225      1.21257e+8 
           1235      4.26272e+8 
           1245      6.16322e+8 
           1255      6.25481e+8 
           1265      4.59288e+8 
           1275      6.25664e+8 
           1285      6.84798e+8 
           1295      5.05108e+8 
           1305      3.80443e+8 
           1315      6.32754e+8 
           1325      6.47959e+8 
           1335      5.26678e+8 
           1345      6.96244e+8 
           1355      6.68564e+8 
           1365      5.82455e+8 
           1375      6.35107e+8 
           1385      6.56453e+8 
           1395      6.47036e+8 
           1405      6.66427e+8 
           1415      6.14311e+8 
           1425      6.34975e+8 
           1435       6.1584e+8 
           1442      6.59244e+8 
           1447      6.78283e+8 
           1455      6.69832e+8 
           1465      6.37074e+8 
           1475       6.1333e+8 
           1485      6.29477e+8 
           1495      6.39574e+8 
           1505      6.28941e+8 
           1512       5.9108e+8 
           1517      6.26791e+8 
           1525      5.99738e+8 
           1535      5.60468e+8 
           1545      6.09565e+8 
           1555      5.65822e+8 
           1565      5.52014e+8 
           1575      5.61158e+8 
           1585      5.95547e+8 
           1595       6.1175e+8 
           1605      5.75431e+8 
           1615      5.80299e+8 
           1625      5.42663e+8 
           1635      5.63808e+8 
           1645      5.68655e+8 
           1655      5.13814e+8 
           1665      5.64806e+8 
           1672      4.81952e+8 
           1677      5.44681e+8 
           1685      5.74339e+8 
           1695      5.47046e+8 
           1705      5.20913e+8 
           1715      4.94349e+8 
           1725      4.91483e+8 
           1735      5.16246e+8 
           1745      5.05954e+8 
           1755      5.38256e+8 
           1765      4.83775e+8 
           1775       5.1463e+8 
           1785      5.16201e+8 
           1795      5.39743e+8 
           1805      5.30576e+8 
           1815      5.07006e+8 
           1825      5.03774e+8 
           1835      4.86539e+8 
           1845      4.61513e+8 
           1855      4.38015e+8 
           1865      4.48744e+8 
           1875      4.93659e+8 
           1885      4.65281e+8 
           1895      4.44613e+8 
           1905      4.67916e+8 
           1915      4.49994e+8 
           1925       4.4598e+8 
           1935      4.56869e+8 
           1945      4.65497e+8 
           1955      4.41124e+8 
           1967      4.70371e+8 
           1976      4.77452e+8 
           1984      4.55933e+8 
           1995      4.36531e+8 
           2005      4.48316e+8 
           2015      4.28595e+8 
           2025      4.49224e+8 
           2035      4.29009e+8 
           2045      4.39625e+8 
           2055      4.15347e+8 
           2065      4.21298e+8 
           2074      4.35814e+8 
           2078      4.24194e+8 
           2085      4.33587e+8 
           2095       4.1264e+8 
           2105      4.13959e+8 
           2115      4.13456e+8 
           2125      4.17791e+8 
           2135       3.8482e+8 
           2145      4.00826e+8 
           2155      4.10419e+8 
           2165      3.93406e+8 
           2175      3.87949e+8 
           2185      3.78284e+8 
           2195      3.95399e+8 
           2205      3.83462e+8 
           2215      3.64119e+8 
           2225      3.47825e+8 
           2235      3.76977e+8 
           2245      3.51396e+8 
           2255      3.42819e+8 
           2265      3.48317e+8 
           2275      3.60563e+8 
           2285      3.66373e+8 
           2295      3.49798e+8 
           2305      3.38637e+8 
           2315      3.27199e+8 
           2325      3.27179e+8 
           2335      3.12573e+8 
           2345      3.00164e+8 
           2355      3.18296e+8 
           2365      2.97735e+8 
           2375      3.05312e+8 
           2385      2.82477e+8 
           2395       3.0363e+8 
           2405      2.87757e+8 
           2415      2.92071e+8 
           2425      3.02557e+8 
           2435      2.87928e+8 
           2445      3.04175e+8 
           2455       2.9452e+8 
           2465      2.94249e+8 
           2475      2.83057e+8 
           2485      3.00152e+8 
           2495      2.90605e+8 
           2505      3.04523e+8 
           2513      2.85013e+8 
           2518      2.95124e+8 
           2525      2.76407e+8 
           2535       2.7725e+8 
           2545       2.7055e+8 
           2555      2.82056e+8 
           2565      2.77462e+8 
           2575      2.92981e+8 
           2585        2.894e+8 
           2595      2.90771e+8 
           2605      2.78972e+8 
           2615      2.76352e+8 
           2625      2.80363e+8 
           2635      2.81266e+8 
           2645      2.95336e+8 
           2655      2.91095e+8 
           2665      2.77669e+8 
           2675      2.85211e+8 
           2685      2.82317e+8 
           2695      2.75184e+8 
           2705      2.77617e+8 
           2715      2.68405e+8 
           2725      2.68453e+8 
           2735      2.77664e+8 
           2745      2.54006e+8 
           2755       2.5225e+8 
           2765      2.58544e+8 
           2775      2.65935e+8 
           2785      2.65928e+8 
           2795      2.48713e+8 
           2805       2.5796e+8 
           2815      2.65139e+8 
           2825      2.62123e+8 
           2835      2.52914e+8 
           2845      2.45516e+8 
           2855       2.4679e+8 
           2865      2.51803e+8 
           2875      2.46828e+8 
           2885      2.49799e+8 
           2895      2.46706e+8 
           2910      2.53841e+8 
           2930      2.46381e+8 
           2950      2.43224e+8 
           2970      2.41412e+8 
           2990      2.38867e+8 
           3010      2.40236e+8 
           3030      2.37813e+8 
           3050      2.33591e+8 
           3070      2.30342e+8 
           3090       2.2922e+8 
           3110       2.2447e+8 
           3130      2.21561e+8 
           3150      2.20036e+8 
           3170      2.16811e+8 
           3190      2.10676e+8 
           3210      2.11262e+8 
           3230      2.08632e+8 
           3250      2.06404e+8 
           3270       2.0476e+8 
           3290      2.02592e+8 
           3310      2.01055e+8 
           3330      1.98059e+8 
           3350      1.94732e+8 
           3370      1.92606e+8 
           3390      1.90121e+8 
           3410      1.88746e+8 
           3430      1.86513e+8 
           3450      1.84594e+8 
           3470      1.81887e+8 
           3490      1.80022e+8 
           3510      1.78606e+8 
           3530      1.76896e+8 
           3550      1.74932e+8 
           3570      1.72753e+8 
           3590      1.70618e+8 
           3610      1.68796e+8 
           3630      1.66724e+8 
           3640      1.66065e+8 
           3650      1.65306e+8 
           3670      1.62491e+8 
           3690      1.58037e+8 
           3710      1.77147e+8 
           3730      1.96996e+8 
           3750      2.42254e+8 
           3770      2.43197e+8 
           3790      2.56817e+8 
           3810       2.7284e+8 
           3830      2.37558e+8 
           3850      2.75841e+8 
           3870      2.77726e+8 
           3890      2.25671e+8 
           3910      2.72615e+8 
           3930       2.6653e+8 
           3950       2.6577e+8 
           3970      2.11452e+8 
           3990       2.5732e+8 
           4010      2.54901e+8 
           4030      2.47621e+8 
           4050      2.49132e+8 
           4070      2.44552e+8 
           4090      2.32505e+8 
           4110      1.99714e+8 
           4130      2.31402e+8 
           4150       2.3073e+8 
           4170      2.27981e+8 
           4190      2.25509e+8 
           4210      2.22691e+8 
           4230      2.19348e+8 
           4250      2.16329e+8 
           4270      2.12489e+8 
           4290      2.10594e+8 
           4310      2.07144e+8 
           4330      1.92552e+8 
           4350       1.7254e+8 
           4370      1.98812e+8 
           4390      1.94696e+8 
           4410      1.94137e+8 
           4430      1.90923e+8 
           4450        1.891e+8 
           4470      1.83933e+8 
           4490      1.82271e+8 
           4510      1.81315e+8 
           4530      1.78719e+8 
           4550      1.75768e+8 
           4570      1.74644e+8 
           4590      1.71724e+8 
           4610      1.70235e+8 
           4630      1.67214e+8 
           4650      1.65777e+8 
           4670      1.63517e+8 
           4690      1.61598e+8 
           4710      1.58113e+8 
           4730      1.57095e+8 
           4750      1.54983e+8 
           4770      1.53666e+8 
           4790      1.51657e+8 
           4810      1.49469e+8 
           4830      1.47266e+8 
           4850      1.38796e+8 
           4870      1.21564e+8 
           4890      1.41732e+8 
           4910      1.40443e+8 
           4930       1.3737e+8 
           4950      1.37074e+8 
           4970      1.35492e+8 
           4990      1.33671e+8 
           5010       1.3048e+8 
           5030      1.30066e+8 
           5050      1.27318e+8 
           5070      1.27173e+8 
           5090      1.25615e+8 
           5110       1.2392e+8 
           5130      1.22655e+8 
           5150      1.20933e+8 
           5170      1.19379e+8 
           5190      1.18208e+8 
           5210      1.16372e+8 
           5230      1.15205e+8 
           5250      1.14106e+8 
           5270      1.12401e+8 
           5290      1.11603e+8 
           5310      1.09966e+8 
           5330       1.0895e+8 
           5350      1.07617e+8 
           5370       1.0649e+8 
           5390      1.05251e+8 
           5410      1.03973e+8 
           5430      1.02647e+8 
           5450      1.01602e+8 
           5470      1.00378e+8 
           5490      9.93521e+7 
           5510      9.81518e+7 
           5530      9.71241e+7 
           5550      9.60622e+7 
           5570      9.49656e+7 
           5590      9.39025e+7 
           5610      9.28643e+7 
           5630       9.1905e+7 
           5650      9.05499e+7 
           5670      8.96649e+7 
           5690      8.88228e+7 
           5710      8.78839e+7 
           5730      8.69158e+7 
           5750      8.59601e+7 
           5770      8.50244e+7 
           5790      8.40459e+7 
           5810      8.31468e+7 
           5830      8.22517e+7 
           5850      8.13622e+7 
           5870      7.95262e+7 
           5890      7.95179e+7 
           5910       7.8751e+7 
           5930      7.79409e+7 
           5950      7.68839e+7 
           5970      7.62267e+7 
           5990      7.52914e+7 
           6010      7.46636e+7 
           6030      7.38638e+7 
           6050      7.30807e+7 
           6070      7.23033e+7 
           6090      7.15377e+7 
           6110      7.08188e+7 
           6130      7.00717e+7 
           6150      6.91774e+7 
           6170       6.8609e+7 
           6190      6.79138e+7 
           6210      6.72114e+7 
           6230      6.64775e+7 
           6250      6.56315e+7 
           6270      6.51578e+7 
           6290      6.44755e+7 
           6310      6.37677e+7 
           6330      6.31678e+7 
           6350      6.21014e+7 
           6370      6.15756e+7 
           6390      6.12491e+7 
           6410      6.06033e+7 
           6430      6.00538e+7 
           6450      5.93787e+7 
           6470      5.88556e+7 
           6490      5.82329e+7 
           6510       5.7609e+7 
           6530      5.68928e+7 
           6550      5.46992e+7 
           6570      4.75231e+7 
           6590      5.49732e+7 
           6610       5.4847e+7 
           6630      5.43503e+7 
           6650        5.384e+7 
           6670      5.31442e+7 
           6690      5.26451e+7 
           6710      5.22772e+7 
           6730      5.17715e+7 
           6750      5.12759e+7 
           6770      5.07866e+7 
           6790      5.02812e+7 
           6810      4.98045e+7 
           6830      4.93039e+7 
           6850      4.88512e+7 
           6870      4.83907e+7 
           6890      4.79356e+7 
           6910      4.74754e+7 
           6930      4.69931e+7 
           6950      4.65865e+7 
           6970      4.61545e+7 
           6990       4.5724e+7 
           7010      4.52849e+7 
           7030      4.48714e+7 
           7050      4.43717e+7 
           7070      4.38156e+7 
           7090      4.36369e+7 
           7110      4.32145e+7 
           7130      4.28212e+7 
           7150      4.24317e+7 
           7170      4.20444e+7 
           7190      4.16622e+7 
           7210       4.1285e+7 
           7230      4.08326e+7 
           7250      4.05244e+7 
           7270      4.01671e+7 
           7290      3.97381e+7 
           7310      3.94383e+7 
           7330      3.90851e+7 
           7350       3.8741e+7 
           7370      3.83929e+7 
           7390      3.80482e+7 
           7410      3.77067e+7 
           7430      3.73523e+7 
           7450      3.70286e+7 
           7470       3.6676e+7 
           7490      3.63702e+7 
           7510       3.6041e+7 
           7530      3.57443e+7 
           7550      3.54295e+7 
           7570      3.51198e+7 
           7590      3.48074e+7 
           7610      3.45121e+7 
           7630      3.42084e+7 
           7650      3.39035e+7 
           7670      3.36142e+7 
           7690      3.33207e+7 
           7710      3.30293e+7 
           7730      3.27502e+7 
           7750      3.24666e+7 
           7770      3.19228e+7 
           7790      3.19126e+7 
           7810      3.16449e+7 
           7830      3.13748e+7 
           7850      3.10573e+7 
           7870      3.07797e+7 
           7890      3.04793e+7 
           7910      3.03213e+7 
           7930      3.00707e+7 
           7950       2.9782e+7 
           7970      2.95645e+7 
           7990      2.92396e+7 
           8010      2.90727e+7 
           8030      2.88299e+7 
           8050      2.85862e+7 
           8070       2.8351e+7 
           8090      2.81102e+7 
           8110      2.78761e+7 
           8130      2.76502e+7 
           8150        2.742e+7 
           8170      2.72012e+7 
           8190      2.69663e+7 
           8210      2.67054e+7 
           8230      2.64796e+7 
           8250      2.63331e+7 
           8270      2.61287e+7 
           8290      2.58959e+7 
           8310      2.57032e+7 
           8330      2.54556e+7 
           8350      2.52166e+7 
           8370       2.4894e+7 
           8390      2.46781e+7 
           8410      2.43962e+7 
           8430      2.44275e+7 
           8450      2.41758e+7 
           8470      2.34185e+7 
           8490      2.45523e+7 
           8510      2.29653e+7 
           8530      2.45819e+7 
           8550      2.22444e+7 
           8570       2.4632e+7 
           8590      2.32686e+7 
           8610      2.27109e+7 
           8630      2.45927e+7 
           8650      2.41055e+7 
           8670      2.10289e+7 
           8690      2.42019e+7 
           8710      2.42681e+7 
           8730      2.38081e+7 
           8750      2.03888e+7 
           8770      2.31173e+7 
           8790      2.35281e+7 
           8810      2.33728e+7 
           8830      2.31153e+7 
           8850      2.21514e+7 
           8870      1.96307e+7 
           8890      2.24764e+7 
           8910      2.24696e+7 
           8930      2.22968e+7 
           8950      2.21718e+7 
           8970      2.19757e+7 
           8990      2.16328e+7 
           9010      1.89915e+7 
           9030      2.02792e+7 
           9050       2.1225e+7 
           9070      2.10651e+7 
           9090      2.09156e+7 
           9110      2.08156e+7 
           9130      2.06468e+7 
           9150      2.05188e+7 
           9170      2.03336e+7 
           9190      2.01118e+7 
           9210      1.96719e+7 
           9230      1.68658e+7 
           9250      1.92243e+7 
           9270      1.93497e+7 
           9290      1.94249e+7 
           9310      1.92916e+7 
           9330      1.91488e+7 
           9350      1.90161e+7 
           9370      1.88736e+7 
           9390       1.8725e+7 
           9410      1.84961e+7 
           9430      1.84517e+7 
           9450      1.83213e+7 
           9470      1.81659e+7 
           9490      1.80442e+7 
           9510      1.78247e+7 
           9530      1.73414e+7 
           9550      1.50783e+7 
           9570      1.72473e+7 
           9590      1.73516e+7 
           9610      1.72521e+7 
           9630      1.70534e+7 
           9650      1.70143e+7 
           9670      1.68771e+7 
           9690      1.67646e+7 
           9710      1.66413e+7 
           9730      1.65256e+7 
           9750      1.64035e+7 
           9770      1.62883e+7 
           9790      1.61695e+7 
           9810      1.60524e+7 
           9830      1.59329e+7 
           9850      1.58202e+7 
           9870      1.57074e+7 
           9890      1.55877e+7 
           9910      1.54815e+7 
           9930      1.53741e+7 
           9950      1.52652e+7 
           9970      1.51574e+7 
           9990      1.50481e+7 
          10025      1.44517e+7 
          10075      1.38637e+7 
          10125       1.4315e+7 
          10175       1.4095e+7 
          10225      1.38551e+7 
          10275      1.36168e+7 
          10325      1.33739e+7 
          10375      1.31543e+7 
          10425      1.29318e+7 
          10475      1.27104e+7 
          10525      1.24933e+7 
          10575      1.22879e+7 
          10625      1.20831e+7 
          10675      1.18587e+7 
          10725      1.16806e+7 
          10775      1.14907e+7 
          10825      1.12507e+7 
          10875      1.11093e+7 
          10925       1.0202e+7 
          10975      1.06216e+7 
          11025      1.05769e+7 
          11075      1.04147e+7 
          11125      1.02476e+7 
          11175      1.00834e+7 
          11225      9.92322e+6 
          11275      9.74352e+6 
          11325      9.59807e+6 
          11375      9.46058e+6 
          11425      9.31215e+6 
          11475      9.16765e+6 
          11525      9.02531e+6 
          11575      8.88537e+6 
          11625       8.7436e+6 
          11675      8.60917e+6 
          11725       8.4808e+6 
          11775      8.33966e+6 
          11825      8.22457e+6 
          11875       8.0988e+6 
          11925      7.97937e+6 
          11975      7.85246e+6 
          12025      7.74196e+6 
          12075      7.62657e+6 
          12125       7.5128e+6 
          12175      7.40191e+6 
          12225      7.29284e+6 
          12275      7.18555e+6 
          12325      7.08023e+6 
          12375      6.97737e+6 
          12425      6.87643e+6 
          12475      6.77348e+6 
          12525      6.67797e+6 
          12575      6.58113e+6 
          12625      6.48823e+6 
          12675      6.39634e+6 
          12725      6.30544e+6 
          12775      6.18256e+6 
          12825      5.72241e+6 
          12875      6.02781e+6 
          12925      5.95757e+6 
          12975      5.87236e+6 
          13025      5.79271e+6 
          13075      5.71258e+6 
          13125      5.63349e+6 
          13175      5.55372e+6 
          13225       5.4797e+6 
          13275      5.40493e+6 
          13325      5.33112e+6 
          13375      5.25893e+6 
          13425      5.18722e+6 
          13475      5.11725e+6 
          13525      5.04839e+6 
          13575      4.98102e+6 
          13625      4.91429e+6 
          13675      4.84818e+6 
          13725      4.78394e+6 
          13775      4.72167e+6 
          13825       4.6594e+6 
          13875      4.59828e+6 
          13925      4.53793e+6 
          13975      4.47869e+6 
          14025      4.42059e+6 
          14075      4.36318e+6 
          14125      4.30667e+6 
          14175      4.25139e+6 
          14225      4.19679e+6 
          14275      4.14322e+6 
          14325      4.09031e+6 
          14375       4.0382e+6 
          14425      3.98529e+6 
          14475      3.93639e+6 
          14525      3.88648e+6 
          14570      3.84316e+6 
          14620      3.79561e+6 
          14675      3.74465e+6 
          14725      3.69857e+6 
          14775      3.65288e+6 
          14825       3.6089e+6 
          14875      3.56441e+6 
          14925      3.52046e+6 
          14975      3.47633e+6 
          15025      3.43103e+6 
          15075      3.38709e+6 
          15125      3.34365e+6 
          15175      3.30284e+6 
          15225      3.27583e+6 
          15275      3.21099e+6 
          15325      3.17336e+6 
          15375      3.16314e+6 
          15425      3.07854e+6 
          15475      3.09626e+6 
          15525      3.06745e+6 
          15575      2.94668e+6 
          15625      3.01981e+6 
          15675      2.94416e+6 
          15725      2.84762e+6 
          15775      2.92573e+6 
          15825      2.89238e+6 
          15875      2.70541e+6 
          15925      2.81472e+6 
          15975      2.80658e+6 
          16050      2.74721e+6 
          16150      2.61493e+6 
          16250      2.64319e+6 
          16350      2.56431e+6 
          16450      2.44316e+6 
          16550      2.46874e+6 
          16650      2.41376e+6 
          16750      2.34165e+6 
          16850      2.23367e+6 
          16950      2.25695e+6 
          17050      2.20723e+6 
          17150      2.16056e+6 
          17250      2.11368e+6 
          17350      1.99014e+6 
          17450       2.0206e+6 
          17550      1.98161e+6 
          17650      1.93987e+6 
          17750      1.89906e+6 
          17850      1.85963e+6 
          17950       1.8212e+6 
          18050      1.78211e+6 
          18150      1.68533e+6 
          18250      1.70368e+6 
          18350      1.67632e+6 
          18450      1.64259e+6 
          18550      1.60917e+6 
          18650      1.57506e+6 
          18750      1.49026e+6 
          18850      1.51404e+6 
          18950       1.4852e+6 
          19050      1.45584e+6 
          19150      1.42773e+6 
          19250      1.39992e+6 
          19350       1.3718e+6 
          19450      1.29689e+6 
          19550      1.31953e+6 
          19650       1.2955e+6 
          19750      1.27092e+6 
          19850      1.24687e+6 
          19950      1.22351e+6 
          20050      1.20056e+6 
          20150      1.17819e+6 
          20250      1.15639e+6 
          20350      1.13504e+6 
          20450      1.11424e+6 
          20550      1.09352e+6 
          20650      1.07394e+6 
          20750      1.05452e+6 
          20850       1.0355e+6 
          20950      1.01688e+6 
          21050          998657 
          21150          980645 
          21250          963512 
          21350          946490 
          21450          929908 
          21550          913267 
          21650          865546 
          21750          880700 
          21850          867054 
          21950          852058 
          22050          837605 
          22150          823302 
          22250          809374 
          22350          795661 
          22450          782308 
          22550          769237 
          22650          756364 
          22750          743833 
          22850          731638 
          22950          719625 
          23050          707900 
          23150          696397 
          23250          685131 
          23350          674080 
          23450          663225 
          23550          652570 
          23650          642072 
          23750          631828 
          23850          621728 
          23950          611795 
          24050          601821 
          24150          591925 
          24250          584011 
          24350          573587 
          24450          564072 
          24550          557374 
          24650          547151 
          24750          538862 
          24850          533753 
          24950          517942 
          25050          517909 
          25150          510358 
          25250          492757 
          25350          494972 
          25450          488428 
          25550          480555 
          25650          461761 
          25750          466966 
          25850          460658 
          25950          454135 
          26050          445552 
          26150          427210 
          26250          418025 
          26350          427564 
          26450          422785 
          26550          416706 
          26650          410020 
          26750          390159 
          26850          398373 
          26950          393472 
          27050          387916 
          27150          382463 
          27250          377100 
          27350          371830 
          27450          366508 
          27550          349882 
          27650          353647 
          27750          351651 
          27850          346830 
          27950          342084 
          28050          337419 
          28150          332830 
          28250          328321 
          28350          323881 
          28450          319531 
          28550          315250 
          28650          309653 
          28750          295933 
          28850          302599 
          28950          298781 
          29050          294879 
          29150          290997 
          29250          287192 
          29350          283437 
          29450          279752 
          29550          276127 
          29650          272554 
          29750          269043 
          29850          265586 
          29950          262186 
          30050          258838 
          30150          255545 
          30250          252281 
          30350          242176 
          30450          242826 
          30550          242854 
          30650          239844 
          30750          236848 
          30850          233855 
          30950          230997 
          31050          228140 
          31150          225330 
          31250          222556 
          31350          219831 
          31450          217144 
          31550          214498 
          31650          211892 
          31750          209326 
          31850          206803 
          31950          204312 
          32100          200648 
          32300          195892 
          32500          191274 
          32700          186788 
          32900          178486 
          33100          177470 
          33300          173853 
          33500          169904 
          33700          166045 
          33900          162302 
          34100          158661 
          34300          155119 
          34500          151676 
          34700          148325 
          34900          145055 
          35100          141890 
          35300          138812 
          35500          135766 
          35700          132792 
          35900          130159 
          36100          127114 
          36300          124733 
          36500          121699 
          36700          119613 
          36900          116488 
          37100          114674 
          37300          111496 
          37500          107815 
          37700          107817 
          37900          105675 
          38100          102850 
          38300          101031 
          38500           99621 
          38700           97628 
          38900           95566 
          39100         92363.4 
          39300         91945.1 
          39500         90152.1 
          39700         88409.4 
          39900         86694.9 
          40100         84442.8 
          40300         82340.1 
          40500           80252 
          40700         80229.3 
          40900         78728.2 
          41100         77245.7 
          41300         75799.2 
          41500         74370.4 
          41700         71524.8 
          41900         71622.5 
          42100         70337.9 
          42300         69051.2 
          42500         67791.8 
          42700         66560.8 
          42900         65358.4 
          43100         64185.3 
          43300         63035.3 
          43500         61911.3 
          43700         59671.3 
          43900         59560.7 
          44100         58688.6 
          44300         57660.6 
          44500         56656.6 
          44700         55722.7 
          44900         54706.1 
          45100         53766.3 
          45300         52844.7 
          45500         51944.4 
          45700         51063.1 
          45900         50198.7 
          46100         49349.4 
          46300         48497.1 
          46500         46692.1 
          46700         45869.7 
          46900         46073.6 
          47100         45379.3 
          47300         44639.4 
          47500         43908.5 
          47700           43195 
          47900         42493.5 
          48100         41813.6 
          48300         41169.3 
          48500         40476.5 
          48700         39876.3 
          48900         39210.5 
          49100         38618.4 
          49300         37972.3 
          49500         37441.7 
          49700         36753.7 
          49900         36277.9 
          50100         35693.3 
          50300         35058.6 
          50500         34620.3 
          50700         34085.5 
          50900         33429.9 
          51100           32961 
          51300         31786.7 
          51500         31996.2 
          51700         31415.3 
          51900         31095.4 
          52100         30634.9 
          52300           30178 
          52500         29680.5 
          52700         29123.4 
          52900         28856.4 
          53100         28433.7 
          53300         28016.5 
          53500         27607.4 
          53700         27070.3 
          53900         26692.1 
          54100         26425.6 
          54300           26046 
          54500         25672.6 
          54700         25306.4 
          54900         24946.1 
          55100         24549.4 
          55300           23978 
          55500         23903.3 
          55700           23568 
          55900         23238.1 
          56100         22914.7 
          56300         22596.5 
          56500         22284.6 
          56700         21976.5 
          56900         21666.4 
          57100         21051.5 
          57300         21068.9 
          57500         20799.5 
          57700         20517.5 
          57900           20240 
          58100         19968.1 
          58300         19699.5 
          58500         19461.5 
          58700         19202.3 
          58900         18887.5 
          59100         18231.4 
          59300         18396.8 
          59500         17877.5 
          59700         17861.5 
          59900         17730.8 
          60100         17501.4 
          60300         17274.7 
          60500         17050.5 
          60700           16831 
          60900           16614 
          61100         16401.4 
          61300         16191.3 
          61500         15985.6 
          61700         15782.2 
          61900           15582 
          62100         15386.1 
          62300         15192.3 
          62500         15001.7 
          62700         14789.2 
          62900         14295.4 
          63100         14406.5 
          63300         14268.6 
          63500           14092 
          63700         13919.1 
          63900         13748.2 
          64200         13496.6 
          64600         13170.2 
          65000         12853.4 
          65400           12546 
          65800         12248.7 
          66200         11956.7 
          66600         11678.4 
          67000           11406 
          67400         11128.4 
          67800         10739.3 
          68200         10621.8 
          68600         10391.8 
          69000         10156.1 
          69400         9911.89 
          69800         9704.28 
          70200         9488.52 
          70600         9277.74 
          71000         9053.19 
          71400         8873.71 
          71800         8680.85 
          72200          8492.4 
          72600          8283.3 
          73000         8127.73 
          73400         7956.88 
          73800         7787.86 
          74200         7620.63 
          74600         7348.24 
          75000         7113.33 
          75400         7144.08 
          75800         7007.26 
          76200         6863.15 
          76600         6722.97 
          77000         6585.96 
          77400         6452.64 
          77800         6274.45 
          78200         6195.63 
          78600         6071.94 
          79000         5951.33 
          79400         5833.66 
          79800         5718.96 
          80200         5606.99 
          80600         5497.77 
          81000         5391.14 
          81400         5242.86 
          81800         5174.99 
          82200         5086.52 
          82600         4989.84 
          83000         4895.31 
          83400         4803.12 
          83800         4713.01 
          84200         4625.05 
          84600          4539.1 
          85000         4455.13 
          85400         4373.13 
          85800         4292.91 
          86200         4214.57 
          86600         4084.49 
          87000         4060.42 
          87400         3957.26 
          87800         3886.87 
          88200         3848.71 
          88600         3779.99 
          89000         3713.47 
          89400         3648.11 
          89800         3584.14 
          90200         3521.54 
          90600         3458.17 
          91000         3400.49 
          91400         3341.94 
          91800         3284.59 
          92200         3228.44 
          92600            3168 
          93000         3119.73 
          93400         3067.12 
          93800         2973.14 
          94200         2959.03 
          94600         2915.75 
          95000         2864.11 
          95400         2815.14 
          95800         2773.58 
          96200         2728.13 
          96600         2683.58 
          97000         2639.95 
          97400         2597.19 
          97800         2555.31 
          98200         2512.38 
          98600         2465.81 
          99000         2434.58 
          99400         2395.96 
          99800         2358.07 
         100200         2320.93 
         200000         147.386 
         400000         9.10862 
         600000         1.77754 
         800000        0.556661 
         1.0e+6        0.226038 
         1.2e+6        0.108203 
         1.4e+6       0.0580338 
         1.6e+6       0.0338277 
