# Kurucz ODFNEW /NOVER models
# teff = 18000 K (value for the effective temperature for the model. Temperatures are given in K)
# logg = 2.50 log(cm/s2) (value for Log(G) for the model.)
# meta = -0.5  (value for the Metallicity for the model.)
# lh = 1.25  (l/Hp where l is the  mixing length of the convective element and Hp is the pressure scale height)
# vtur = 2.0 km/s (Microturbulence velocity)
#
# column 1: WAVELENGTH (ANGSTROM), Wavelength in Angstrom
# column 2: FLUX (ERG/CM2/S/A), Flux in erg/cm2/s/A
              0               0 
           90.9               0 
           93.5               0 
           96.1               0 
           97.7               0 
           99.6               0 
            102               0 
          103.8               0 
          105.6               0 
          107.7               0 
          110.4               0 
            114               0 
          117.8               0 
          121.3               0 
          124.8               0 
          127.1               0 
          128.4               0 
          130.5               0 
          132.4               0 
          133.9               0 
          136.6               0 
          139.8               0 
          143.3               0 
          147.2               0 
            151     2.40106e-22 
          155.2      2.1676e-21 
          158.8     1.24895e-20 
            162     5.54043e-20 
            166     3.29742e-19 
          170.3     2.04862e-18 
          173.4     7.23525e-18 
          176.8     2.74573e-17 
          180.2     9.91908e-17 
          181.7     1.72191e-16 
          186.1     8.25401e-16 
            191     4.34663e-15 
          193.9     1.11695e-14 
          198.4     4.57264e-14 
          201.8      1.2721e-13 
            205     3.22987e-13 
          210.5     1.49833e-12 
          216.2     6.76299e-12 
          219.8       1.682e-11 
            223     3.68646e-11 
          226.8     9.09268e-11 
            230     8.40699e-10 
            234      2.34896e-9 
            240      8.08073e-9 
          246.5      2.86406e-8 
          252.4      8.59838e-8 
          256.8      1.83851e-7 
            260       3.2663e-7 
            264      6.38153e-7 
          268.5      1.32126e-6 
          273.5      2.87973e-6 
          278.5      6.11756e-6 
            284      1.36028e-5 
            290      3.12708e-5 
            296      6.93684e-5 
            301     0.000131509 
            308     0.000305788 
            318     0.000995734 
            328      0.00293319 
            338       0.0081843 
            348       0.0213413 
            357       0.0488941 
            366        0.106512 
            375        0.220284 
            385        0.476934 
            395        0.988299 
            405          1.9734 
            414         3.57068 
            422         5.88648 
            430         9.50912 
            441         17.9843 
            451         31.0978 
            460         49.6765 
            470         81.9938 
            480         131.896 
            490         208.339 
            500         322.151 
            506         2534.48 
            512         15415.9 
            520         20658.9 
            530           32252 
            540         36755.8 
            550         60912.1 
            560         77435.2 
            570          103512 
            580          101451 
            590          146569 
            600          201760 
            610          260309 
            620          313724 
            630          382853 
            640          436027 
            650          506628 
            658          637946 
            665          704332 
            675          799358 
            685          920177 
            695      1.14487e+6 
            705      1.30007e+6 
            716       1.5363e+6 
            726      1.73292e+6 
            735      1.93259e+6 
            745      2.28064e+6 
            755      2.60283e+6 
            765       2.9579e+6 
            775       3.3634e+6 
            785      3.79306e+6 
            795      4.18714e+6 
            805      4.63698e+6 
            815      5.07138e+6 
            825      5.72768e+6 
            835      5.97927e+6 
            845      6.73553e+6 
            855      7.37253e+6 
            865      8.14914e+6 
            875      9.05925e+6 
            885      1.00644e+7 
            895      1.09517e+7 
            905      1.13968e+7 
            915      2.87017e+7 
            925      6.33677e+8 
            935      1.51304e+9 
            945      2.52702e+9 
            955      3.13772e+9 
            965      3.25751e+9 
            975      6.97683e+8 
            985      2.71323e+9 
            995       2.9552e+9 
           1005      3.66844e+9 
           1015      3.70469e+9 
           1025      2.31788e+9 
           1035      2.49828e+9 
           1045      4.49512e+9 
           1055      4.19808e+9 
           1065      3.49186e+9 
           1075      4.20732e+9 
           1085       3.5717e+9 
           1095      4.33404e+9 
           1105      3.81783e+9 
           1115       3.6551e+9 
           1125      3.21357e+9 
           1135      4.26116e+9 
           1145      3.93648e+9 
           1155      4.12559e+9 
           1165      4.23993e+9 
           1175       3.0032e+9 
           1185      4.31132e+9 
           1195      3.47705e+9 
           1205      1.72372e+9 
           1215      1.66563e+9 
           1225      3.64874e+9 
           1235      4.26842e+9 
           1245      4.34837e+9 
           1255      4.24659e+9 
           1265       4.0481e+9 
           1275      4.31278e+9 
           1285      4.25456e+9 
           1295      2.85116e+9 
           1305       3.0494e+9 
           1315      4.17071e+9 
           1325      3.94149e+9 
           1335      3.43643e+9 
           1345       3.9909e+9 
           1355      3.94413e+9 
           1365      3.61823e+9 
           1375      3.62359e+9 
           1385        3.639e+9 
           1395      2.99677e+9 
           1405      3.24205e+9 
           1415      3.38097e+9 
           1425      3.42681e+9 
           1435      3.50161e+9 
           1442      3.58873e+9 
           1447      3.51018e+9 
           1455      3.44623e+9 
           1465      3.25787e+9 
           1475      3.27083e+9 
           1485      3.24091e+9 
           1495       3.1945e+9 
           1505      3.01315e+9 
           1512      2.70434e+9 
           1517      2.82291e+9 
           1525      2.90126e+9 
           1535      2.58905e+9 
           1545      2.65713e+9 
           1555      2.53675e+9 
           1565      2.65917e+9 
           1575      2.78786e+9 
           1585      2.78893e+9 
           1595      2.81138e+9 
           1605        2.775e+9 
           1615      2.76168e+9 
           1625      2.69027e+9 
           1635       2.8201e+9 
           1645      2.80443e+9 
           1655      2.70957e+9 
           1665      2.83164e+9 
           1672      2.72537e+9 
           1677      2.82488e+9 
           1685      2.81842e+9 
           1695      2.67158e+9 
           1705      2.57903e+9 
           1715      2.44683e+9 
           1725      2.44652e+9 
           1735      2.55156e+9 
           1745      2.47477e+9 
           1755      2.53288e+9 
           1765       2.4242e+9 
           1775      2.36731e+9 
           1785      2.39478e+9 
           1795      2.47819e+9 
           1805      2.49301e+9 
           1815      2.23667e+9 
           1825      2.34309e+9 
           1835      2.27265e+9 
           1845      2.10044e+9 
           1855      2.00505e+9 
           1865      2.06322e+9 
           1875      2.24069e+9 
           1885      2.00801e+9 
           1895      1.86696e+9 
           1905      2.04901e+9 
           1915      1.91816e+9 
           1925      1.85283e+9 
           1935      1.95709e+9 
           1945      1.98502e+9 
           1955      1.81918e+9 
           1967      1.98185e+9 
           1976      2.05212e+9 
           1984      1.91808e+9 
           1995      1.87105e+9 
           2005      1.94502e+9 
           2015      1.91472e+9 
           2025      1.99021e+9 
           2035      1.82232e+9 
           2045       1.8622e+9 
           2055      1.80924e+9 
           2065      1.81553e+9 
           2074      1.93696e+9 
           2078      1.73408e+9 
           2085       1.8352e+9 
           2095      1.73592e+9 
           2105      1.77805e+9 
           2115      1.78654e+9 
           2125      1.81164e+9 
           2135      1.77868e+9 
           2145      1.68672e+9 
           2155      1.76772e+9 
           2165      1.75641e+9 
           2175      1.73862e+9 
           2185        1.684e+9 
           2195      1.71748e+9 
           2205       1.6959e+9 
           2215      1.66234e+9 
           2225      1.62057e+9 
           2235      1.63069e+9 
           2245       1.6363e+9 
           2255      1.57907e+9 
           2265      1.60717e+9 
           2275      1.59307e+9 
           2285      1.60051e+9 
           2295      1.52244e+9 
           2305      1.55038e+9 
           2315      1.50517e+9 
           2325      1.48744e+9 
           2335      1.43452e+9 
           2345      1.42765e+9 
           2355      1.44809e+9 
           2365      1.41741e+9 
           2375      1.40938e+9 
           2385      1.38248e+9 
           2395      1.39618e+9 
           2405      1.36173e+9 
           2415      1.35494e+9 
           2425      1.36531e+9 
           2435       1.3221e+9 
           2445      1.33443e+9 
           2455      1.33677e+9 
           2465      1.30437e+9 
           2475      1.28875e+9 
           2485      1.28883e+9 
           2495       1.2226e+9 
           2505      1.26809e+9 
           2513      1.21272e+9 
           2518      1.24826e+9 
           2525       1.2196e+9 
           2535      1.20138e+9 
           2545      1.17352e+9 
           2555      1.20227e+9 
           2565      1.18123e+9 
           2575      1.19389e+9 
           2585      1.18321e+9 
           2595      1.17365e+9 
           2605      1.16699e+9 
           2615      1.15346e+9 
           2625      1.14223e+9 
           2635      1.13385e+9 
           2645      1.14446e+9 
           2655      1.13911e+9 
           2665      1.10995e+9 
           2675      1.11351e+9 
           2685       1.1068e+9 
           2695      1.07998e+9 
           2705      1.07623e+9 
           2715      1.06499e+9 
           2725      1.04968e+9 
           2735        1.053e+9 
           2745      1.01539e+9 
           2755      1.01335e+9 
           2765      1.01076e+9 
           2775      1.01856e+9 
           2785       1.0046e+9 
           2795      9.72155e+8 
           2805      9.84821e+8 
           2815       9.8373e+8 
           2825      9.70074e+8 
           2835      9.39666e+8 
           2845      9.45593e+8 
           2855      9.39535e+8 
           2865      9.41204e+8 
           2875      9.29471e+8 
           2885      9.23538e+8 
           2895      9.13258e+8 
           2910      9.01998e+8 
           2930      8.83231e+8 
           2950      8.62725e+8 
           2970      8.54349e+8 
           2990      8.36931e+8 
           3010       8.2073e+8 
           3030      8.14077e+8 
           3050       7.9975e+8 
           3070      7.86245e+8 
           3090      7.68368e+8 
           3110      7.58088e+8 
           3130      7.45893e+8 
           3150      7.33262e+8 
           3170      7.18752e+8 
           3190       7.0218e+8 
           3210      6.95797e+8 
           3230      6.84138e+8 
           3250      6.73283e+8 
           3270      6.62005e+8 
           3290      6.50433e+8 
           3310      6.41115e+8 
           3330       6.3038e+8 
           3350       6.1885e+8 
           3370      6.09766e+8 
           3390      6.00134e+8 
           3410      5.90684e+8 
           3430      5.78246e+8 
           3450      5.67159e+8 
           3470      5.59734e+8 
           3490      5.51978e+8 
           3510      5.45367e+8 
           3530      5.37573e+8 
           3550      5.29113e+8 
           3570       5.2246e+8 
           3590      5.11161e+8 
           3610      5.02563e+8 
           3630      4.95956e+8 
           3640      4.94882e+8 
           3650       4.8567e+8 
           3670      4.78574e+8 
           3690      4.61863e+8 
           3710       4.7986e+8 
           3730      4.95197e+8 
           3750      5.45092e+8 
           3770      5.41443e+8 
           3790      5.44948e+8 
           3810      5.61613e+8 
           3830      5.10511e+8 
           3850      5.58876e+8 
           3870      5.46498e+8 
           3890      4.93291e+8 
           3910      5.38676e+8 
           3930      5.21036e+8 
           3950      5.21567e+8 
           3970      4.59318e+8 
           3990      5.04845e+8 
           4010      4.96471e+8 
           4030      4.80235e+8 
           4050      4.83934e+8 
           4070      4.73162e+8 
           4090      4.60664e+8 
           4110      4.20687e+8 
           4130      4.48756e+8 
           4150      4.44179e+8 
           4170      4.40059e+8 
           4190      4.35503e+8 
           4210      4.30016e+8 
           4230      4.22863e+8 
           4250       4.1589e+8 
           4270      4.06342e+8 
           4290      4.03668e+8 
           4310      3.96949e+8 
           4330      3.82136e+8 
           4350      3.53764e+8 
           4370      3.79414e+8 
           4390      3.71548e+8 
           4410      3.69773e+8 
           4430      3.63564e+8 
           4450      3.60171e+8 
           4470      3.48149e+8 
           4490      3.48587e+8 
           4510      3.45688e+8 
           4530      3.40145e+8 
           4550      3.35486e+8 
           4570      3.30752e+8 
           4590      3.26411e+8 
           4610      3.21297e+8 
           4630      3.16752e+8 
           4650      3.11089e+8 
           4670      3.08429e+8 
           4690      3.05036e+8 
           4710      2.96455e+8 
           4730      2.94626e+8 
           4750      2.90448e+8 
           4770       2.8906e+8 
           4790      2.84862e+8 
           4810      2.80299e+8 
           4830      2.76756e+8 
           4850      2.68856e+8 
           4870      2.45844e+8 
           4890      2.66209e+8 
           4910      2.62779e+8 
           4930       2.5566e+8 
           4950      2.55751e+8 
           4970      2.52827e+8 
           4990      2.49292e+8 
           5010      2.41917e+8 
           5030      2.42603e+8 
           5050      2.37213e+8 
           5070      2.36533e+8 
           5090      2.33485e+8 
           5110      2.30319e+8 
           5130      2.26637e+8 
           5150      2.23915e+8 
           5170      2.21861e+8 
           5190       2.1905e+8 
           5210      2.15401e+8 
           5230      2.13508e+8 
           5250      2.10873e+8 
           5270      2.08123e+8 
           5290      2.05704e+8 
           5310      2.03035e+8 
           5330       2.0048e+8 
           5350       1.9772e+8 
           5370      1.95714e+8 
           5390      1.93266e+8 
           5410      1.90926e+8 
           5430      1.88181e+8 
           5450      1.86066e+8 
           5470      1.83814e+8 
           5490      1.81727e+8 
           5510      1.79542e+8 
           5530      1.77334e+8 
           5550      1.75324e+8 
           5570      1.73133e+8 
           5590      1.71149e+8 
           5610      1.68949e+8 
           5630      1.67156e+8 
           5650      1.64453e+8 
           5670      1.62486e+8 
           5690      1.60613e+8 
           5710      1.59247e+8 
           5730      1.57391e+8 
           5750      1.55455e+8 
           5770      1.53847e+8 
           5790      1.52045e+8 
           5810      1.50285e+8 
           5830      1.48447e+8 
           5850      1.46828e+8 
           5870      1.42079e+8 
           5890      1.42864e+8 
           5910      1.41748e+8 
           5930      1.40054e+8 
           5950      1.38327e+8 
           5970      1.37074e+8 
           5990      1.35341e+8 
           6010      1.33983e+8 
           6030      1.32412e+8 
           6050      1.30972e+8 
           6070      1.29538e+8 
           6090      1.28068e+8 
           6110      1.26676e+8 
           6130       1.2529e+8 
           6150      1.23659e+8 
           6170      1.22463e+8 
           6190      1.21172e+8 
           6210      1.19855e+8 
           6230      1.18533e+8 
           6250       1.1714e+8 
           6270      1.15943e+8 
           6290      1.14683e+8 
           6310       1.1338e+8 
           6330      1.12232e+8 
           6350      1.10667e+8 
           6370       1.0963e+8 
           6390      1.08612e+8 
           6410      1.07459e+8 
           6430      1.06363e+8 
           6450      1.05206e+8 
           6470      1.03999e+8 
           6490       1.0293e+8 
           6510      1.01881e+8 
           6530      1.00789e+8 
           6550      9.85939e+7 
           6570       8.9328e+7 
           6590       9.6967e+7 
           6610      9.66396e+7 
           6630       9.5689e+7 
           6650      9.47395e+7 
           6670      9.31731e+7 
           6690      9.22297e+7 
           6710      9.18561e+7 
           6730      9.08785e+7 
           6750      8.99935e+7 
           6770      8.90764e+7 
           6790       8.7915e+7 
           6810      8.72288e+7 
           6830      8.63633e+7 
           6850      8.55065e+7 
           6870      8.46503e+7 
           6890      8.37866e+7 
           6910      8.29472e+7 
           6930      8.20925e+7 
           6950      8.13088e+7 
           6970      8.05015e+7 
           6990      7.96791e+7 
           7010      7.89033e+7 
           7030      7.81271e+7 
           7050      7.73282e+7 
           7070      7.54895e+7 
           7090      7.58511e+7 
           7110      7.49703e+7 
           7130       7.4276e+7 
           7150       7.3638e+7 
           7170       7.2914e+7 
           7190      7.22269e+7 
           7210       7.1529e+7 
           7230      7.01616e+7 
           7250      7.01284e+7 
           7270      6.94778e+7 
           7290      6.83257e+7 
           7310      6.81455e+7 
           7330      6.75043e+7 
           7350      6.68684e+7 
           7370       6.6234e+7 
           7390      6.56063e+7 
           7410      6.49869e+7 
           7430      6.43597e+7 
           7450      6.37719e+7 
           7470      6.31357e+7 
           7490      6.25769e+7 
           7510      6.19695e+7 
           7530      6.14113e+7 
           7550      6.08537e+7 
           7570      6.02901e+7 
           7590       5.9725e+7 
           7610      5.91745e+7 
           7630      5.86313e+7 
           7650       5.8092e+7 
           7670      5.75635e+7 
           7690      5.70313e+7 
           7710       5.6507e+7 
           7730      5.59967e+7 
           7750      5.54829e+7 
           7770      5.47907e+7 
           7790      5.44924e+7 
           7810      5.39587e+7 
           7830      5.35151e+7 
           7850      5.30465e+7 
           7870      5.25692e+7 
           7890      5.20209e+7 
           7910      5.15955e+7 
           7930       5.1087e+7 
           7950      5.05942e+7 
           7970      5.01439e+7 
           7990      4.97272e+7 
           8010      4.92874e+7 
           8030      4.88908e+7 
           8050      4.84899e+7 
           8070      4.80867e+7 
           8090      4.75747e+7 
           8110      4.71741e+7 
           8130      4.68588e+7 
           8150      4.63557e+7 
           8170      4.60589e+7 
           8190      4.56242e+7 
           8210      4.50237e+7 
           8230      4.47323e+7 
           8250       4.4384e+7 
           8270      4.37922e+7 
           8290      4.35631e+7 
           8310      4.32004e+7 
           8330      4.28152e+7 
           8350      4.22854e+7 
           8370      4.18585e+7 
           8390      4.15749e+7 
           8410      4.11687e+7 
           8430      4.09115e+7 
           8450      4.03722e+7 
           8470        3.973e+7 
           8490       4.0421e+7 
           8510      3.89152e+7 
           8530       4.0043e+7 
           8550      3.78185e+7 
           8570      3.99932e+7 
           8590       3.8082e+7 
           8610      3.76776e+7 
           8630      3.94146e+7 
           8650      3.85857e+7 
           8670      3.55446e+7 
           8690      3.86411e+7 
           8710      3.85197e+7 
           8730      3.76015e+7 
           8750      3.43415e+7 
           8770      3.69212e+7 
           8790      3.72828e+7 
           8810      3.69353e+7 
           8830      3.66433e+7 
           8850      3.53045e+7 
           8870      3.28567e+7 
           8890       3.5687e+7 
           8910      3.54729e+7 
           8930      3.51453e+7 
           8950      3.49573e+7 
           8970      3.46905e+7 
           8990      3.40945e+7 
           9010      3.12926e+7 
           9030      3.28252e+7 
           9050      3.35408e+7 
           9070      3.30917e+7 
           9090      3.29421e+7 
           9110      3.27733e+7 
           9130      3.25326e+7 
           9150      3.22796e+7 
           9170       3.1948e+7 
           9190      3.17564e+7 
           9210      3.09458e+7 
           9230       2.8216e+7 
           9250      3.06535e+7 
           9270      3.06385e+7 
           9290      3.05411e+7 
           9310      3.02053e+7 
           9330      3.00506e+7 
           9350      2.98204e+7 
           9370      2.96109e+7 
           9390       2.9381e+7 
           9410      2.91022e+7 
           9430      2.89315e+7 
           9450      2.87096e+7 
           9470      2.83582e+7 
           9490      2.82694e+7 
           9510      2.78428e+7 
           9530      2.72444e+7 
           9550      2.50197e+7 
           9570      2.72261e+7 
           9590      2.72081e+7 
           9610      2.69359e+7 
           9630      2.66588e+7 
           9650      2.66014e+7 
           9670       2.6398e+7 
           9690      2.61788e+7 
           9710       2.5936e+7 
           9730      2.58116e+7 
           9750      2.56163e+7 
           9770      2.54278e+7 
           9790      2.52384e+7 
           9810      2.50486e+7 
           9830       2.4863e+7 
           9850       2.4681e+7 
           9870       2.4496e+7 
           9890        2.431e+7 
           9910      2.40792e+7 
           9930      2.39609e+7 
           9950      2.37855e+7 
           9970      2.36087e+7 
           9990      2.34388e+7 
          10025      2.26929e+7 
          10075      2.20028e+7 
          10125       2.2266e+7 
          10175       2.1913e+7 
          10225      2.15144e+7 
          10275      2.11417e+7 
          10325      2.07078e+7 
          10375      2.04029e+7 
          10425      2.00458e+7 
          10475      1.96959e+7 
          10525      1.93521e+7 
          10575      1.90193e+7 
          10625      1.86922e+7 
          10675      1.83367e+7 
          10725      1.80574e+7 
          10775      1.77504e+7 
          10825      1.72695e+7 
          10875      1.71563e+7 
          10925      1.60618e+7 
          10975      1.64863e+7 
          11025      1.62425e+7 
          11075      1.60391e+7 
          11125      1.57753e+7 
          11175      1.55159e+7 
          11225      1.52536e+7 
          11275      1.50013e+7 
          11325      1.47625e+7 
          11375      1.45302e+7 
          11425      1.42942e+7 
          11475      1.40669e+7 
          11525      1.38422e+7 
          11575      1.36199e+7 
          11625      1.34038e+7 
          11675       1.3193e+7 
          11725      1.29859e+7 
          11775      1.27781e+7 
          11825      1.25835e+7 
          11875      1.23875e+7 
          11925      1.21964e+7 
          11975      1.19479e+7 
          12025      1.18235e+7 
          12075      1.16425e+7 
          12125       1.1465e+7 
          12175      1.12907e+7 
          12225      1.11199e+7 
          12275      1.09522e+7 
          12325      1.07876e+7 
          12375      1.06261e+7 
          12425      1.04678e+7 
          12475      1.03097e+7 
          12525      1.01423e+7 
          12575      1.00082e+7 
          12625      9.86197e+6 
          12675      9.71819e+6 
          12725      9.57636e+6 
          12775      9.35334e+6 
          12825      8.88477e+6 
          12875      9.15773e+6 
          12925      9.03446e+6 
          12975      8.86807e+6 
          13025      8.77789e+6 
          13075      8.65294e+6 
          13125       8.5305e+6 
          13175      8.40879e+6 
          13225      8.29148e+6 
          13275      8.17528e+6 
          13325      8.06079e+6 
          13375      7.94861e+6 
          13425       7.8316e+6 
          13475      7.72982e+6 
          13525      7.62315e+6 
          13575      7.51844e+6 
          13625      7.41546e+6 
          13675      7.31398e+6 
          13725       7.2146e+6 
          13775      7.11725e+6 
          13825      7.02111e+6 
          13875      6.92658e+6 
          13925      6.83263e+6 
          13975      6.74176e+6 
          14025      6.65242e+6 
          14075      6.56417e+6 
          14125      6.47717e+6 
          14175      6.39182e+6 
          14225      6.30787e+6 
          14275       6.2251e+6 
          14325      6.14374e+6 
          14375      6.06369e+6 
          14425      5.98461e+6 
          14475      5.90738e+6 
          14525      5.83123e+6 
          14570      5.76405e+6 
          14620      5.68838e+6 
          14675      5.60927e+6 
          14725       5.5384e+6 
          14775      5.46836e+6 
          14825      5.39998e+6 
          14875      5.33208e+6 
          14925      5.26478e+6 
          14975      5.19828e+6 
          15025      5.13137e+6 
          15075      5.05843e+6 
          15125      5.00084e+6 
          15175       4.9383e+6 
          15225      4.88677e+6 
          15275      4.80717e+6 
          15325      4.74763e+6 
          15375      4.71139e+6 
          15425      4.61441e+6 
          15475      4.60319e+6 
          15525      4.55343e+6 
          15575      4.42422e+6 
          15625      4.46307e+6 
          15675      4.37592e+6 
          15725      4.26389e+6 
          15775      4.31245e+6 
          15825      4.26161e+6 
          15875      4.06857e+6 
          15925       4.1524e+6 
          15975      4.12616e+6 
          16050      4.04339e+6 
          16150      3.87994e+6 
          16250      3.86969e+6 
          16350      3.76683e+6 
          16450      3.61802e+6 
          16550      3.60992e+6 
          16650      3.52823e+6 
          16750      3.43508e+6 
          16850      3.30179e+6 
          16950      3.29628e+6 
          17050      3.21288e+6 
          17150      3.15259e+6 
          17250      3.08361e+6 
          17350      2.94366e+6 
          17450      2.94899e+6 
          17550      2.88759e+6 
          17650       2.8257e+6 
          17750      2.76537e+6 
          17850      2.70598e+6 
          17950      2.64984e+6 
          18050      2.59338e+6 
          18150      2.48209e+6 
          18250      2.48211e+6 
          18350      2.43589e+6 
          18450      2.38576e+6 
          18550      2.33547e+6 
          18650      2.27984e+6 
          18750      2.18733e+6 
          18850        2.198e+6 
          18950      2.15346e+6 
          19050        2.106e+6 
          19150      2.06927e+6 
          19250      2.02841e+6 
          19350      1.98838e+6 
          19450      1.89977e+6 
          19550      1.90966e+6 
          19650      1.87476e+6 
          19750      1.83863e+6 
          19850      1.80342e+6 
          19950      1.76901e+6 
          20050      1.73538e+6 
          20150      1.70261e+6 
          20250      1.67059e+6 
          20350      1.63929e+6 
          20450      1.60825e+6 
          20550      1.57596e+6 
          20650      1.54978e+6 
          20750      1.52123e+6 
          20850      1.49341e+6 
          20950      1.46623e+6 
          21050      1.43966e+6 
          21150      1.40949e+6 
          21250      1.38825e+6 
          21350      1.36337e+6 
          21450       1.3389e+6 
          21550      1.31522e+6 
          21650      1.25849e+6 
          21750      1.26861e+6 
          21850      1.24669e+6 
          21950       1.2255e+6 
          22050      1.20434e+6 
          22150      1.18351e+6 
          22250        1.163e+6 
          22350      1.14326e+6 
          22450      1.12376e+6 
          22550       1.1047e+6 
          22650      1.08601e+6 
          22750      1.06767e+6 
          22850      1.04976e+6 
          22950      1.03227e+6 
          23050      1.01496e+6 
          23150          998411 
          23250          981964 
          23350          965901 
          23450          950078 
          23550          934621 
          23650          919460 
          23750          904588 
          23850          889931 
          23950          875619 
          24050          861448 
          24150          847351 
          24250          834934 
          24350          820718 
          24450          807338 
          24550          796213 
          24650          782512 
          24750          769498 
          24850          760936 
          24950          743048 
          25050          737849 
          25150          726811 
          25250          707414 
          25350          704953 
          25450          695818 
          25550          684264 
          25650          663249 
          25750          664472 
          25850          654999 
          25950          645318 
          26050          634154 
          26150          612347 
          26250          600253 
          26350          607481 
          26450          599288 
          26550          590132 
          26650          581414 
          26750          559913 
          26850          564635 
          26950          557287 
          27050          549313 
          27150          541491 
          27250          533822 
          27350          526298 
          27450          518872 
          27550          500321 
          27650          502227 
          27750          497440 
          27850          490523 
          27950          483739 
          28050          477069 
          28150          470524 
          28250          464082 
          28350          457744 
          28450          451529 
          28550          445258 
          28650          438455 
          28750          422773 
          28850          427660 
          28950          421931 
          29050          416331 
          29150          410803 
          29250          405364 
          29350          400013 
          29450          394755 
          29550          389580 
          29650          384493 
          29750          379486 
          29850          374561 
          29950          369716 
          30050          364946 
          30150          360240 
          30250          355635 
          30350          344195 
          30450          344006 
          30550          342216 
          30650          337899 
          30750          333612 
          30850          329415 
          30950          325311 
          31050          321246 
          31150          317240 
          31250          313289 
          31350          309428 
          31450          305608 
          31550          301849 
          31650          298143 
          31750          294497 
          31850          290908 
          31950          287371 
          32100          282169 
          32300          275410 
          32500          268853 
          32700          262487 
          32900          252376 
          33100          249745 
          33300          244264 
          33500          238670 
          33700          233192 
          33900          227872 
          34100          222702 
          34300          217673 
          34500          212789 
          34700          208037 
          34900          203411 
          35100          198922 
          35300          194558 
          35500          190274 
          35700          186096 
          35900          182237 
          36100          178101 
          36300          174735 
          36500          170535 
          36700          167526 
          36900          163233 
          37100          160325 
          37300          156187 
          37500          151568 
          37700          150783 
          37900          147688 
          38100          144001 
          38300          141301 
          38500          138869 
          38700          136074 
          38900          133321 
          39100          129447 
          39300          128104 
          39500          125571 
          39700          123114 
          39900          120709 
          40100          117875 
          40300          114957 
          40500          112251 
          40700          111655 
          40900          109528 
          41100          107450 
          41300          105358 
          41500          103437 
          41700          100086 
          41900           99609 
          42100         97763.5 
          42300         95959.1 
          42500         94163.3 
          42700         92473.4 
          42900         90671.3 
          43100         89144.5 
          43300         87537.3 
          43500         85963.7 
          43700         83302.4 
          43900         82787.7 
          44100         81453.3 
          44300           80017 
          44500         78610.7 
          44700         77333.6 
          44900         75986.6 
          45100         74667.8 
          45300         73376.6 
          45500           72116 
          45700         70880.2 
          45900         69671.8 
          46100         68469.6 
          46300         67325.6 
          46500         65005.5 
          46700         63957.4 
          46900         63877.4 
          47100         62936.9 
          47300           61894 
          47500         60869.6 
          47700         59873.4 
          47900         58895.1 
          48100         57935.8 
          48300           56995 
          48500         56074.4 
          48700         55171.4 
          48900         54286.4 
          49100           53420 
          49300         52570.4 
          49500         51737.6 
          49700         50891.9 
          49900         50121.7 
          50100         49336.5 
          50300         48520.5 
          50500         47812.1 
          50700         47071.9 
          50900         46266.7 
          51100         45606.5 
          51300         44162.1 
          51500         44248.8 
          51700         43471.7 
          51900         42920.4 
          52100         42273.7 
          52300         41639.7 
          52500         40988.2 
          52700         40276.2 
          52900         39805.2 
          53100         39217.4 
          53300         38638.5 
          53500         38071.2 
          53700         37408.1 
          53900         36874.2 
          54100         36430.8 
          54300         35903.4 
          54500         35385.7 
          54700         34876.7 
          54900         34376.9 
          55100         33859.8 
          55300         33174.1 
          55500         32930.7 
          55700         32466.3 
          55900         32008.8 
          56100           31561 
          56300         31119.7 
          56500         30686.2 
          56700         30260.2 
          56900         29840.7 
          57100         29125.9 
          57300         29015.9 
          57500         28628.7 
          57700         28238.2 
          57900         27854.6 
          58100         27476.8 
          58300         27105.7 
          58500         26761.1 
          58700         26401.9 
          58900         26023.1 
          59100         25223.8 
          59300         25350.8 
          59500         24703.9 
          59700         24617.9 
          59900         24369.8 
          60100         24050.4 
          60300         23735.7 
          60500         23426.7 
          60700         23122.3 
          60900         22823.4 
          61100         22528.9 
          61300         22238.8 
          61500         21953.9 
          61700         21673.3 
          61900         21397.7 
          62100         21125.3 
          62300         20858.9 
          62500         20595.4 
          62700         20328.1 
          62900         19744.9 
          63100         19808.2 
          63300         19582.6 
          63500         19339.9 
          63700         19100.7 
          63900         18864.1 
          64200         18517.3 
          64600         18067.6 
          65000         17630.1 
          65400         17207.2 
          65800         16795.9 
          66200         16396.7 
          66600         16010.1 
          67000           15634 
          67400         15263.2 
          67800         14772.2 
          68200         14565.4 
          68600         14236.8 
          69000         13912.3 
          69400         13587.4 
          69800         13290.6 
          70200           12992 
          70600         12702.4 
          71000         12406.5 
          71400         12146.7 
          71800         11880.1 
          72200           11621 
          72600         11347.4 
          73000           11123 
          73400         10884.7 
          73800         10652.2 
          74200         10414.5 
          74600         10089.2 
          75000          9781.6 
          75400         9776.17 
          75800         9578.85 
          76200          9381.2 
          76600         9187.83 
          77000         8999.86 
          77400         8816.51 
          77800         8597.24 
          78200         8463.32 
          78600         8293.85 
          79000         8127.97 
          79400         7966.21 
          79800         7809.05 
          80200         7655.23 
          80600         7505.18 
          81000         7358.92 
          81400         7174.18 
          81800         7069.29 
          82200         6940.97 
          82600         6808.23 
          83000         6678.78 
          83400         6552.56 
          83800         6429.02 
          84200         6308.02 
          84600         6190.62 
          85000         6075.14 
          85400         5963.08 
          85800         5852.85 
          86200         5745.94 
          86600         5587.98 
          87000         5537.23 
          87400         5405.29 
          87800         5307.77 
          88200         5244.72 
          88600         5150.91 
          89000         5059.54 
          89400         4970.05 
          89800         4882.42 
          90200         4796.62 
          90600         4712.59 
          91000         4630.77 
          91400         4550.64 
          91800         4472.18 
          92200         4395.47 
          92600         4317.31 
          93000         4246.83 
          93400         4174.82 
          93800         4061.14 
          94200         4030.38 
          94600         3967.81 
          95000         3899.76 
          95400         3833.48 
          95800         3773.46 
          96200         3711.31 
          96600         3650.45 
          97000         3590.82 
          97400         3532.39 
          97800         3475.16 
          98200         3417.78 
          98600         3357.47 
          99000         3310.25 
          99400         3257.45 
          99800         3205.74 
         100200         3155.02 
         200000         198.518 
         400000         12.2402 
         600000         2.39349 
         800000        0.751814 
         1.0e+6        0.306253 
         1.2e+6        0.147037 
         1.4e+6       0.0790673 
         1.6e+6        0.046195 
