# Kurucz ODFNEW /NOVER models
# teff = 24000 K (value for the effective temperature for the model. Temperatures are given in K)
# logg = 3.50 log(cm/s2) (value for Log(G) for the model.)
# meta = -0.5  (value for the Metallicity for the model.)
# lh = 1.25  (l/Hp where l is the  mixing length of the convective element and Hp is the pressure scale height)
# vtur = 2.0 km/s (Microturbulence velocity)
#
# column 1: WAVELENGTH (ANGSTROM), Wavelength in Angstrom
# column 2: FLUX (ERG/CM2/S/A), Flux in erg/cm2/s/A
              0               0 
           90.9               0 
           93.5               0 
           96.1               0 
           97.7               0 
           99.6               0 
            102               0 
          103.8               0 
          105.6               0 
          107.7               0 
          110.4               0 
            114               0 
          117.8     6.72485e-22 
          121.3     5.82671e-21 
          124.8     4.39957e-20 
          127.1     1.57095e-19 
          128.4     3.16779e-19 
          130.5     9.58026e-19 
          132.4     2.53872e-18 
          133.9     5.38478e-18 
          136.6     2.01152e-17 
          139.8     9.04795e-17 
          143.3     4.38246e-16 
          147.2     2.34545e-15 
            151     1.11502e-14 
          155.2      5.7627e-14 
          158.8     2.21191e-13 
            162      6.9851e-13 
            166     2.77503e-12 
          170.3     1.14202e-11 
          173.4     3.04053e-11 
          176.8     8.56816e-11 
          180.2     2.32544e-10 
          181.7     3.57104e-10 
          186.1      1.21026e-9 
            191      4.41768e-9 
          193.9      9.22186e-9 
          198.4      2.77036e-8 
          201.8      6.15792e-8 
            205      1.27483e-7 
          210.5       4.2304e-7 
          216.2      1.37442e-6 
          219.8      2.80224e-6 
            223      5.17661e-6 
          226.8      1.04901e-5 
            230      0.00115889 
            234      0.00273425 
            240      0.00646976 
          246.5       0.0158288 
          252.4       0.0346017 
          256.8        0.055842 
            260       0.0912011 
            264        0.144322 
          268.5        0.241332 
          273.5        0.416265 
          278.5        0.705984 
            284         1.28027 
            290         2.27593 
            296         3.96922 
            301         6.10995 
            308         10.8686 
            318         26.3209 
            328         54.8827 
            338         114.941 
            348         224.086 
            357         517.022 
            366         918.342 
            375         1461.78 
            385         2486.79 
            395         4175.72 
            405         6592.71 
            414         9926.88 
            422           13694 
            430         19273.4 
            441         29569.9 
            451         42484.8 
            460         57613.5 
            470         81586.1 
            480          112036 
            490          153507 
            500          206252 
            506      1.49729e+6 
            512      7.00996e+6 
            520      8.12492e+6 
            530      9.90361e+6 
            540      1.07205e+7 
            550      1.49322e+7 
            560      1.75535e+7 
            570      2.11138e+7 
            580      2.07213e+7 
            590      2.68917e+7 
            600      3.06901e+7 
            610      3.60015e+7 
            620      4.01848e+7 
            630      4.43924e+7 
            640      4.50651e+7 
            650      4.14226e+7 
            658      5.55857e+7 
            665      6.24441e+7 
            675       6.5576e+7 
            685      6.93999e+7 
            695      8.45376e+7 
            705      8.77502e+7 
            716       9.9037e+7 
            726      1.04411e+8 
            735      1.09729e+8 
            745      1.23657e+8 
            755      1.32828e+8 
            765      1.43199e+8 
            775      1.54399e+8 
            785      1.66239e+8 
            795      1.74434e+8 
            805       1.8355e+8 
            815      1.90542e+8 
            825      2.07139e+8 
            835      1.97544e+8 
            845      2.21076e+8 
            855       2.3004e+8 
            865      2.45224e+8 
            875      2.62202e+8 
            885      2.81457e+8 
            895      2.95261e+8 
            905      2.99586e+8 
            915      4.87502e+8 
            925      4.43864e+9 
            935      1.0201e+10 
            945     1.78628e+10 
            955     2.07452e+10 
            965     2.35005e+10 
            975      5.78198e+9 
            985     2.05612e+10 
            995     1.99053e+10 
           1005     2.23608e+10 
           1015     2.23118e+10 
           1025     1.31971e+10 
           1035      1.8228e+10 
           1045     2.53045e+10 
           1055     2.35297e+10 
           1065      2.0155e+10 
           1075     2.25443e+10 
           1085     2.02416e+10 
           1095     2.25509e+10 
           1105     2.07463e+10 
           1115     2.04601e+10 
           1125     1.74645e+10 
           1135     2.09701e+10 
           1145     1.93011e+10 
           1155     1.97876e+10 
           1165     1.96792e+10 
           1175     1.32402e+10 
           1185     1.87058e+10 
           1195     1.74596e+10 
           1205     1.28429e+10 
           1215      9.78481e+9 
           1225     1.62479e+10 
           1235     1.77358e+10 
           1245     1.73665e+10 
           1255     1.70875e+10 
           1265     1.70807e+10 
           1275     1.74814e+10 
           1285     1.71381e+10 
           1295     1.34188e+10 
           1305     1.42459e+10 
           1315     1.65095e+10 
           1325     1.55956e+10 
           1335     1.50033e+10 
           1345     1.51652e+10 
           1355     1.50873e+10 
           1365     1.41656e+10 
           1375     1.38423e+10 
           1385     1.36544e+10 
           1395      1.0817e+10 
           1405     1.14886e+10 
           1415     1.24217e+10 
           1425     1.20899e+10 
           1435     1.23705e+10 
           1442     1.25765e+10 
           1447     1.23112e+10 
           1455     1.20061e+10 
           1465     1.13202e+10 
           1475     1.13679e+10 
           1485     1.12068e+10 
           1495      1.0982e+10 
           1505     1.02207e+10 
           1512      9.24893e+9 
           1517       9.5212e+9 
           1525      9.69661e+9 
           1535      8.47019e+9 
           1545      8.42246e+9 
           1555      8.05941e+9 
           1565      8.60941e+9 
           1575      9.02117e+9 
           1585      8.92614e+9 
           1595      8.88537e+9 
           1605      8.74689e+9 
           1615      8.54271e+9 
           1625      8.47142e+9 
           1635      8.79837e+9 
           1645      8.67641e+9 
           1655      8.60434e+9 
           1665      8.63813e+9 
           1672      8.32731e+9 
           1677      8.86807e+9 
           1685      8.59325e+9 
           1695      8.19543e+9 
           1705      7.94003e+9 
           1715      7.57066e+9 
           1725      7.47985e+9 
           1735       7.6558e+9 
           1745      7.49172e+9 
           1755      7.52476e+9 
           1765      7.36041e+9 
           1775      7.00939e+9 
           1785       7.0778e+9 
           1795      7.19382e+9 
           1805      7.20917e+9 
           1815      6.57301e+9 
           1825       6.7671e+9 
           1835      6.58647e+9 
           1845      6.04049e+9 
           1855      6.05875e+9 
           1865       6.1551e+9 
           1875      6.33587e+9 
           1885      5.69438e+9 
           1895      5.30042e+9 
           1905      5.69399e+9 
           1915      5.41947e+9 
           1925      5.16812e+9 
           1935      5.43491e+9 
           1945       5.5393e+9 
           1955      5.02413e+9 
           1967      5.38715e+9 
           1976      5.61095e+9 
           1984      5.21531e+9 
           1995      5.10619e+9 
           2005      5.24316e+9 
           2015      5.21261e+9 
           2025      5.32908e+9 
           2035      4.89351e+9 
           2045      4.94574e+9 
           2055      4.77123e+9 
           2065      4.77752e+9 
           2074      5.01808e+9 
           2078      4.58898e+9 
           2085       4.7715e+9 
           2095      4.53859e+9 
           2105      4.67149e+9 
           2115      4.65916e+9 
           2125      4.71235e+9 
           2135      4.62766e+9 
           2145      4.38677e+9 
           2155      4.54338e+9 
           2165      4.51613e+9 
           2175      4.44595e+9 
           2185      4.33536e+9 
           2195      4.35958e+9 
           2205      4.32409e+9 
           2215      4.26425e+9 
           2225      4.16268e+9 
           2235       4.0946e+9 
           2245       4.1145e+9 
           2255      4.00613e+9 
           2265      4.02094e+9 
           2275      3.96703e+9 
           2285      3.95099e+9 
           2295      3.71485e+9 
           2305      3.83024e+9 
           2315      3.73389e+9 
           2325       3.6891e+9 
           2335       3.5991e+9 
           2345       3.6056e+9 
           2355      3.58924e+9 
           2365      3.54648e+9 
           2375      3.48197e+9 
           2385      3.44938e+9 
           2395      3.40867e+9 
           2405       3.3584e+9 
           2415      3.31448e+9 
           2425      3.30725e+9 
           2435      3.23032e+9 
           2445      3.21869e+9 
           2455      3.20598e+9 
           2465      3.15651e+9 
           2475      3.11224e+9 
           2485      3.06595e+9 
           2495      2.79106e+9 
           2505      2.98393e+9 
           2513      2.87172e+9 
           2518      2.94619e+9 
           2525      2.92025e+9 
           2535      2.88506e+9 
           2545      2.80432e+9 
           2555      2.81733e+9 
           2565      2.78235e+9 
           2575      2.77283e+9 
           2585      2.73568e+9 
           2595       2.7077e+9 
           2605      2.68929e+9 
           2615      2.65515e+9 
           2625       2.6313e+9 
           2635      2.60192e+9 
           2645      2.57571e+9 
           2655      2.55485e+9 
           2665      2.49386e+9 
           2675       2.4822e+9 
           2685      2.47221e+9 
           2695       2.4025e+9 
           2705      2.38533e+9 
           2715      2.37066e+9 
           2725      2.34116e+9 
           2735      2.32962e+9 
           2745      2.27887e+9 
           2755      2.26698e+9 
           2765      2.23696e+9 
           2775      2.23872e+9 
           2785      2.20674e+9 
           2795      2.13938e+9 
           2805      2.14886e+9 
           2815      2.14322e+9 
           2825      2.10745e+9 
           2835      2.05328e+9 
           2845      2.07108e+9 
           2855       2.0413e+9 
           2865      2.02942e+9 
           2875       2.0078e+9 
           2885       1.9882e+9 
           2895       1.9619e+9 
           2910      1.92687e+9 
           2930      1.89083e+9 
           2950        1.839e+9 
           2970      1.81342e+9 
           2990      1.77369e+9 
           3010        1.725e+9 
           3030      1.70669e+9 
           3050      1.67446e+9 
           3070      1.64288e+9 
           3090      1.59237e+9 
           3110      1.57546e+9 
           3130      1.54235e+9 
           3150      1.51395e+9 
           3170      1.48054e+9 
           3190      1.44497e+9 
           3210      1.42699e+9 
           3230      1.39684e+9 
           3250      1.37242e+9 
           3270      1.34536e+9 
           3290      1.31851e+9 
           3310      1.29609e+9 
           3330      1.27072e+9 
           3350      1.24599e+9 
           3370      1.22385e+9 
           3390       1.2025e+9 
           3410      1.18069e+9 
           3430      1.15345e+9 
           3450      1.12866e+9 
           3470      1.11061e+9 
           3490      1.09013e+9 
           3510      1.07502e+9 
           3530      1.05831e+9 
           3550      1.03939e+9 
           3570      1.02509e+9 
           3590      9.99082e+8 
           3610      9.81739e+8 
           3630      9.66093e+8 
           3640      9.64091e+8 
           3650      9.44052e+8 
           3670      9.32504e+8 
           3690      9.07733e+8 
           3710      8.83219e+8 
           3730      8.61831e+8 
           3750       9.2355e+8 
           3770      9.21886e+8 
           3790      9.49032e+8 
           3810      9.78646e+8 
           3830       8.7448e+8 
           3850       9.8546e+8 
           3870      9.71501e+8 
           3890      8.34217e+8 
           3910      9.56704e+8 
           3930      9.28184e+8 
           3950      9.21901e+8 
           3970      7.74022e+8 
           3990      8.89121e+8 
           4010      8.78305e+8 
           4030      8.39593e+8 
           4050       8.5305e+8 
           4070      8.26288e+8 
           4090      7.86943e+8 
           4110      7.09567e+8 
           4130       7.8337e+8 
           4150      7.76058e+8 
           4170      7.69022e+8 
           4190      7.58691e+8 
           4210      7.49268e+8 
           4230      7.35211e+8 
           4250      7.20069e+8 
           4270      7.02534e+8 
           4290       6.9571e+8 
           4310      6.80325e+8 
           4330      6.39676e+8 
           4350      5.89251e+8 
           4370      6.47666e+8 
           4390      6.33998e+8 
           4410      6.31963e+8 
           4430      6.23083e+8 
           4450      6.14793e+8 
           4470      5.89146e+8 
           4490      5.95142e+8 
           4510      5.88616e+8 
           4530       5.7895e+8 
           4550      5.69723e+8 
           4570      5.60453e+8 
           4590      5.52092e+8 
           4610       5.4242e+8 
           4630      5.34458e+8 
           4650      5.20898e+8 
           4670      5.18485e+8 
           4690      5.12753e+8 
           4710      4.96807e+8 
           4730      4.95461e+8 
           4750      4.87558e+8 
           4770      4.84471e+8 
           4790      4.76871e+8 
           4810      4.68776e+8 
           4830      4.60655e+8 
           4850      4.38974e+8 
           4870      3.97986e+8 
           4890      4.41417e+8 
           4910      4.36564e+8 
           4930       4.2283e+8 
           4950      4.23385e+8 
           4970      4.18888e+8 
           4990      4.12631e+8 
           5010      3.99348e+8 
           5030      4.00897e+8 
           5050      3.92338e+8 
           5070      3.89994e+8 
           5090      3.84406e+8 
           5110      3.78878e+8 
           5130      3.72423e+8 
           5150      3.67576e+8 
           5170      3.63624e+8 
           5190      3.58813e+8 
           5210      3.53494e+8 
           5230      3.49033e+8 
           5250      3.44384e+8 
           5270      3.39497e+8 
           5290      3.35225e+8 
           5310      3.30581e+8 
           5330      3.26261e+8 
           5350      3.21719e+8 
           5370      3.17786e+8 
           5390       3.1346e+8 
           5410      3.09476e+8 
           5430      3.05231e+8 
           5450      3.01195e+8 
           5470      2.97296e+8 
           5490      2.93484e+8 
           5510      2.89868e+8 
           5530       2.8594e+8 
           5550      2.82476e+8 
           5570      2.78751e+8 
           5590      2.75301e+8 
           5610      2.71702e+8 
           5630       2.6836e+8 
           5650      2.64458e+8 
           5670      2.60533e+8 
           5690      2.56831e+8 
           5710      2.54723e+8 
           5730      2.51606e+8 
           5750      2.48081e+8 
           5770      2.45617e+8 
           5790       2.4253e+8 
           5810      2.39546e+8 
           5830      2.36376e+8 
           5850      2.33628e+8 
           5870      2.25184e+8 
           5890      2.26926e+8 
           5910      2.24972e+8 
           5930      2.22032e+8 
           5950      2.19265e+8 
           5970      2.17217e+8 
           5990      2.14236e+8 
           6010      2.11936e+8 
           6030      2.09258e+8 
           6050      2.06868e+8 
           6070      2.04516e+8 
           6090      2.02098e+8 
           6110      1.99738e+8 
           6130      1.97414e+8 
           6150      1.94737e+8 
           6170      1.92636e+8 
           6190      1.90528e+8 
           6210      1.88355e+8 
           6230      1.86187e+8 
           6250      1.83907e+8 
           6270      1.81864e+8 
           6290      1.79804e+8 
           6310      1.77701e+8 
           6330      1.75734e+8 
           6350      1.73479e+8 
           6370      1.71686e+8 
           6390      1.69764e+8 
           6410      1.67863e+8 
           6430      1.66019e+8 
           6450      1.64139e+8 
           6470      1.62073e+8 
           6490      1.60298e+8 
           6510      1.58665e+8 
           6530      1.56635e+8 
           6550         1.52e+8 
           6570      1.36667e+8 
           6590      1.50326e+8 
           6610      1.49995e+8 
           6630      1.48457e+8 
           6650      1.46876e+8 
           6670      1.44176e+8 
           6690      1.42641e+8 
           6710      1.42202e+8 
           6730      1.40535e+8 
           6750      1.39166e+8 
           6770      1.37671e+8 
           6790      1.35742e+8 
           6810      1.34669e+8 
           6830      1.33244e+8 
           6850      1.31873e+8 
           6870      1.30475e+8 
           6890      1.29052e+8 
           6910      1.27667e+8 
           6930      1.26382e+8 
           6950      1.25071e+8 
           6970      1.23765e+8 
           6990      1.22457e+8 
           7010      1.21191e+8 
           7030      1.19931e+8 
           7050      1.18683e+8 
           7070      1.15706e+8 
           7090      1.16261e+8 
           7110      1.14855e+8 
           7130      1.13737e+8 
           7150      1.12711e+8 
           7170      1.11549e+8 
           7190      1.10441e+8 
           7210      1.09314e+8 
           7230      1.07175e+8 
           7250       1.0705e+8 
           7270      1.06035e+8 
           7290      1.04171e+8 
           7310      1.03898e+8 
           7330      1.02868e+8 
           7350      1.01856e+8 
           7370      1.00846e+8 
           7390      9.98459e+7 
           7410      9.88617e+7 
           7430      9.78729e+7 
           7450      9.69274e+7 
           7470      9.58487e+7 
           7490      9.50285e+7 
           7510      9.40689e+7 
           7530      9.31713e+7 
           7550      9.22884e+7 
           7570      9.13935e+7 
           7590      9.05073e+7 
           7610      8.96029e+7 
           7630      8.87647e+7 
           7650       8.7915e+7 
           7670      8.70729e+7 
           7690      8.62383e+7 
           7710      8.54112e+7 
           7730      8.45978e+7 
           7750       8.3798e+7 
           7770      8.28554e+7 
           7790      8.22256e+7 
           7810      8.13913e+7 
           7830      8.06873e+7 
           7850      7.99771e+7 
           7870      7.92061e+7 
           7890      7.83753e+7 
           7910      7.77509e+7 
           7930      7.69696e+7 
           7950      7.61479e+7 
           7970      7.54161e+7 
           7990      7.47206e+7 
           8010      7.40364e+7 
           8030      7.33937e+7 
           8050      7.27677e+7 
           8070      7.21298e+7 
           8090      7.13476e+7 
           8110      7.06698e+7 
           8130      7.02198e+7 
           8150      6.94502e+7 
           8170      6.89753e+7 
           8190      6.82064e+7 
           8210      6.73882e+7 
           8230       6.6911e+7 
           8250      6.64097e+7 
           8270      6.53949e+7 
           8290      6.51455e+7 
           8310      6.45867e+7 
           8330      6.40054e+7 
           8350      6.31429e+7 
           8370      6.27232e+7 
           8390      6.22585e+7 
           8410      6.16805e+7 
           8430      6.10593e+7 
           8450      6.01534e+7 
           8470      5.97699e+7 
           8490      5.95148e+7 
           8510      5.84601e+7 
           8530      5.86835e+7 
           8550      5.66674e+7 
           8570      5.84601e+7 
           8590      5.58193e+7 
           8610      5.54739e+7 
           8630      5.74933e+7 
           8650      5.59287e+7 
           8670      5.19522e+7 
           8690      5.61583e+7 
           8710      5.62333e+7 
           8730      5.46711e+7 
           8750      4.95647e+7 
           8770      5.32722e+7 
           8790      5.44927e+7 
           8810      5.40757e+7 
           8830      5.35172e+7 
           8850      5.07696e+7 
           8870      4.71172e+7 
           8890      5.18677e+7 
           8910      5.18581e+7 
           8930      5.14513e+7 
           8950      5.11839e+7 
           8970      5.06748e+7 
           8990      4.95221e+7 
           9010      4.47036e+7 
           9030      4.69175e+7 
           9050      4.88218e+7 
           9070       4.8254e+7 
           9090      4.81332e+7 
           9110      4.78948e+7 
           9130      4.75315e+7 
           9150      4.71394e+7 
           9170      4.66249e+7 
           9190      4.62079e+7 
           9210      4.45953e+7 
           9230      3.99983e+7 
           9250      4.40563e+7 
           9270      4.45941e+7 
           9290      4.45027e+7 
           9310      4.39727e+7 
           9330      4.37367e+7 
           9350      4.34204e+7 
           9370      4.31024e+7 
           9390      4.27609e+7 
           9410      4.23859e+7 
           9430      4.20795e+7 
           9450      4.17437e+7 
           9470      4.11858e+7 
           9490      4.10563e+7 
           9510      4.02702e+7 
           9530      3.89595e+7 
           9550      3.52457e+7 
           9570      3.90782e+7 
           9590      3.93529e+7 
           9610      3.90351e+7 
           9630      3.86627e+7 
           9650      3.85749e+7 
           9670      3.82742e+7 
           9690      3.79417e+7 
           9710      3.75667e+7 
           9730      3.73904e+7 
           9750      3.70978e+7 
           9770      3.68157e+7 
           9790      3.65303e+7 
           9810      3.62398e+7 
           9830      3.59718e+7 
           9850      3.56957e+7 
           9870      3.54151e+7 
           9890      3.51336e+7 
           9910      3.47684e+7 
           9930      3.46224e+7 
           9950      3.43577e+7 
           9970      3.40876e+7 
           9990      3.38355e+7 
          10025      3.23749e+7 
          10075      3.13457e+7 
          10125      3.20808e+7 
          10175      3.15711e+7 
          10225      3.09767e+7 
          10275      3.04226e+7 
          10325      2.97661e+7 
          10375      2.93263e+7 
          10425      2.87964e+7 
          10475      2.82784e+7 
          10525      2.77696e+7 
          10575      2.72768e+7 
          10625      2.67928e+7 
          10675       2.6271e+7 
          10725      2.58566e+7 
          10775      2.54034e+7 
          10825      2.46947e+7 
          10875      2.45006e+7 
          10925      2.25835e+7 
          10975      2.33734e+7 
          11025      2.31551e+7 
          11075       2.2878e+7 
          11125      2.24965e+7 
          11175      2.21162e+7 
          11225      2.17315e+7 
          11275      2.13703e+7 
          11325       2.1012e+7 
          11375      2.06713e+7 
          11425      2.03251e+7 
          11475      1.99941e+7 
          11525      1.96656e+7 
          11575      1.93395e+7 
          11625      1.90268e+7 
          11675      1.87166e+7 
          11725       1.8417e+7 
          11775      1.81188e+7 
          11825      1.78299e+7 
          11875      1.75457e+7 
          11925      1.72667e+7 
          11975      1.68643e+7 
          12025      1.67246e+7 
          12075      1.64621e+7 
          12125      1.62041e+7 
          12175      1.59513e+7 
          12225      1.57034e+7 
          12275      1.54604e+7 
          12325      1.52219e+7 
          12375      1.49882e+7 
          12425       1.4759e+7 
          12475      1.45303e+7 
          12525      1.42844e+7 
          12575       1.4094e+7 
          12625      1.38826e+7 
          12675      1.36758e+7 
          12725       1.3471e+7 
          12775      1.30934e+7 
          12825      1.22725e+7 
          12875      1.28383e+7 
          12925        1.269e+7 
          12975      1.24301e+7 
          13025        1.232e+7 
          13075      1.21416e+7 
          13125      1.19653e+7 
          13175      1.17913e+7 
          13225      1.16219e+7 
          13275       1.1455e+7 
          13325      1.12903e+7 
          13375       1.1129e+7 
          13425      1.09612e+7 
          13475      1.08163e+7 
          13525      1.06627e+7 
          13575      1.05136e+7 
          13625      1.03649e+7 
          13675      1.02212e+7 
          13725       1.0078e+7 
          13775      9.93968e+6 
          13825      9.80228e+6 
          13875       9.6672e+6 
          13925      9.53202e+6 
          13975      9.40299e+6 
          14025      9.27534e+6 
          14075      9.15006e+6 
          14125      9.02591e+6 
          14175      8.90423e+6 
          14225      8.78458e+6 
          14275      8.66676e+6 
          14325      8.55092e+6 
          14375      8.43685e+6 
          14425      8.32524e+6 
          14475      8.21494e+6 
          14525      8.10672e+6 
          14570      8.01093e+6 
          14620      7.90316e+6 
          14675      7.79053e+6 
          14725      7.68974e+6 
          14775      7.59033e+6 
          14825       7.4931e+6 
          14875      7.39717e+6 
          14925      7.30255e+6 
          14975      7.20935e+6 
          15025      7.11671e+6 
          15075      7.01307e+6 
          15125      6.93615e+6 
          15175      6.84732e+6 
          15225      6.76275e+6 
          15275      6.67077e+6 
          15325      6.58497e+6 
          15375      6.51161e+6 
          15425      6.40866e+6 
          15475      6.35143e+6 
          15525      6.27322e+6 
          15575      6.14853e+6 
          15625      6.14302e+6 
          15675      6.02418e+6 
          15725      5.90777e+6 
          15775      5.92971e+6 
          15825      5.85471e+6 
          15875      5.62234e+6 
          15925      5.69108e+6 
          15975      5.66068e+6 
          16050      5.53654e+6 
          16150      5.31724e+6 
          16250      5.31664e+6 
          16350      5.15217e+6 
          16450      4.93908e+6 
          16550      4.95329e+6 
          16650      4.83907e+6 
          16750      4.68773e+6 
          16850        4.492e+6 
          16950      4.51496e+6 
          17050      4.39256e+6 
          17150      4.31446e+6 
          17250      4.21673e+6 
          17350      3.98064e+6 
          17450      4.02435e+6 
          17550      3.94536e+6 
          17650      3.85929e+6 
          17750      3.77541e+6 
          17850       3.6923e+6 
          17950      3.61469e+6 
          18050      3.53671e+6 
          18150      3.34598e+6 
          18250      3.37183e+6 
          18350      3.31795e+6 
          18450      3.24843e+6 
          18550      3.17825e+6 
          18650      3.09509e+6 
          18750      2.94665e+6 
          18850      2.98714e+6 
          18950      2.92664e+6 
          19050      2.85852e+6 
          19150      2.81036e+6 
          19250      2.75399e+6 
          19350      2.69591e+6 
          19450      2.54339e+6 
          19550      2.58653e+6 
          19650      2.54202e+6 
          19750       2.4922e+6 
          19850      2.44364e+6 
          19950      2.39629e+6 
          20050      2.34996e+6 
          20150      2.30489e+6 
          20250      2.26077e+6 
          20350      2.21777e+6 
          20450      2.17497e+6 
          20550       2.1303e+6 
          20650       2.0947e+6 
          20750      2.05557e+6 
          20850      2.01736e+6 
          20950      1.98003e+6 
          21050      1.94349e+6 
          21150      1.90074e+6 
          21250      1.87305e+6 
          21350      1.83901e+6 
          21450      1.80528e+6 
          21550      1.77169e+6 
          21650      1.67258e+6 
          21750      1.70661e+6 
          21850      1.67887e+6 
          21950      1.65024e+6 
          22050       1.6212e+6 
          22150      1.59278e+6 
          22250      1.56464e+6 
          22350      1.53777e+6 
          22450       1.5111e+6 
          22550      1.48506e+6 
          22650      1.45956e+6 
          22750      1.43468e+6 
          22850       1.4101e+6 
          22950      1.38625e+6 
          23050      1.36255e+6 
          23150      1.34005e+6 
          23250      1.31767e+6 
          23350      1.29577e+6 
          23450      1.27426e+6 
          23550      1.25327e+6 
          23650      1.23266e+6 
          23750      1.21248e+6 
          23850      1.19267e+6 
          23950       1.1732e+6 
          24050      1.15416e+6 
          24150      1.13538e+6 
          24250      1.11739e+6 
          24350      1.09914e+6 
          24450      1.08128e+6 
          24550       1.0648e+6 
          24650      1.04713e+6 
          24750      1.02909e+6 
          24850      1.01601e+6 
          24950          995836 
          25050          984719 
          25150          969697 
          25250          947848 
          25350          939625 
          25450          926380 
          25550          911063 
          25650          887368 
          25750          884523 
          25850          873125 
          25950          859976 
          26050          842615 
          26150          815579 
          26250          788109 
          26350          806936 
          26450          797775 
          26550          785258 
          26650          772373 
          26750          742181 
          26850          749517 
          26950          741165 
          27050          730444 
          27150          719910 
          27250          709564 
          27350          699398 
          27450          688911 
          27550          660491 
          27650          663803 
          27750          660545 
          27850          651245 
          27950          642155 
          28050          633132 
          28150          624363 
          28250          615702 
          28350          607197 
          28450          598838 
          28550          590306 
          28650          579031 
          28750          554730 
          28850          565963 
          28950          559092 
          29050          551546 
          29150          544132 
          29250          536850 
          29350          529655 
          29450          522592 
          29550          515652 
          29650          508838 
          29750          502143 
          29850          495530 
          29950          489033 
          30050          482657 
          30150          476310 
          30250          469871 
          30350          450627 
          30450          451287 
          30550          452171 
          30650          446418 
          30750          440653 
          30850          435068 
          30950          429588 
          31050          424167 
          31150          418768 
          31250          413510 
          31350          408344 
          31450          403239 
          31550          398226 
          31650          393271 
          31750          388405 
          31850          383629 
          31950          378908 
          32100          371973 
          32300          362941 
          32500          354199 
          32700          345709 
          32900          329451 
          33100          328030 
          33300          321396 
          33500          313982 
          33700          306697 
          33900          299618 
          34100          292738 
          34300          286055 
          34500          279561 
          34700          273244 
          34900          267108 
          35100          261144 
          35300          255339 
          35500          249684 
          35700          244172 
          35900          238907 
          36100          233602 
          36300          228676 
          36500          223567 
          36700          219304 
          36900          213982 
          37100          209617 
          37300          203222 
          37500          197454 
          37700          197084 
          37900          193161 
          38100          188426 
          38300          184702 
          38500          181499 
          38700          177809 
          38900          174036 
          39100          169234 
          39300          167270 
          39500          163946 
          39700          160697 
          39900          157523 
          40100          153540 
          40300          149777 
          40500          145230 
          40700          145533 
          40900          142784 
          41100          140047 
          41300          137258 
          41500          134676 
          41700          129884 
          41900          129617 
          42100          127298 
          42300          124924 
          42500          122543 
          42700          120340 
          42900          117921 
          43100          115963 
          43300          113849 
          43500          111782 
          43700          107727 
          43900          107322 
          44100          105859 
          44300          103974 
          44500          102128 
          44700          100442 
          44900         98674.6 
          45100         96945.4 
          45300         95254.3 
          45500         93599.7 
          45700         91981.4 
          45900         90396.7 
          46100         88805.7 
          46300         87205.4 
          46500         83372.9 
          46700         82188.7 
          46900         82604.2 
          47100         81574.7 
          47300           80211 
          47500         78874.2 
          47700         77566.8 
          47900         76286.7 
          48100         75031.5 
          48300         73802.6 
          48500         72597.7 
          48700         71418.1 
          48900         70261.8 
          49100         69129.4 
          49300         68019.3 
          49500         66931.4 
          49700         65865.9 
          49900         64819.9 
          50100         63796.1 
          50300         62791.2 
          50500         61807.3 
          50700         60841.4 
          50900         59843.7 
          51100         58806.1 
          51300         56483.3 
          51500         57065.2 
          51700         56193.4 
          51900         55426.8 
          52100         54584.4 
          52300         53757.3 
          52500         52912.5 
          52700         52049.1 
          52900         51368.2 
          53100         50601.1 
          53300           49848 
          53500           49109 
          53700         48285.2 
          53900         47578.6 
          54100         46973.9 
          54300         46287.4 
          54500         45614.9 
          54700         44953.3 
          54900         44303.9 
          55100         43605.4 
          55300         42815.2 
          55500         42422.7 
          55700         41819.8 
          55900           41226 
          56100         40642.9 
          56300         40070.6 
          56500         39507.5 
          56700         38953.8 
          56900         38386.3 
          57100         37548.1 
          57300         37310.7 
          57500         36836.1 
          57700         36328.9 
          57900         35831.2 
          58100         35341.6 
          58300         34860.2 
          58500         34410.8 
          58700         33944.9 
          58900           33378 
          59100         32059.8 
          59300         32491.2 
          59500         31757.9 
          59700         31555.3 
          59900           31310 
          60100         30896.6 
          60300         30490.1 
          60500           30089 
          60700         29695.8 
          60900           29308 
          61100         28926.8 
          61300         28551.8 
          61500         28183.2 
          61700         27819.7 
          61900         27462.2 
          62100         27110.8 
          62300         26765.2 
          62500         26424.4 
          62700         26032.8 
          62900         25246.7 
          63100         25342.4 
          63300         25114.8 
          63500         24800.8 
          63700         24491.2 
          63900         24186.8 
          64200         23738.3 
          64600         23156.3 
          65000         22592.2 
          65400         22044.5 
          65800         21514.6 
          66200         20999.2 
          66600         20499.7 
          67000         20014.8 
          67400         19519.2 
          67800         18820.8 
          68200         18643.6 
          68600         18213.1 
          69000         17794.4 
          69400         17388.1 
          69800         16992.9 
          70200         16609.5 
          70600         16235.9 
          71000         15872.6 
          71400         15520.9 
          71800         15177.4 
          72200         14844.2 
          72600           14506 
          73000         14203.9 
          73400         13896.4 
          73800         13597.4 
          74200         13280.9 
          74600         12784.8 
          75000         12386.2 
          75400         12451.3 
          75800         12218.6 
          76200         11964.1 
          76600         11716.2 
          77000         11474.7 
          77400         11238.9 
          77800         10964.9 
          78200         10785.8 
          78600         10568.4 
          79000           10356 
          79400         10148.5 
          79800         9946.48 
          80200          9749.7 
          80600          9557.5 
          81000         9369.74 
          81400         9143.13 
          81800         8992.01 
          82200         8834.43 
          82600         8664.06 
          83000         8498.16 
          83400         8336.15 
          83800         8178.43 
          84200         8023.86 
          84600         7872.88 
          85000         7725.98 
          85400         7581.96 
          85800         7441.33 
          86200         7303.48 
          86600         7101.03 
          87000          7031.9 
          87400         6841.92 
          87800         6719.13 
          88200         6662.68 
          88600         6543.15 
          89000         6426.44 
          89400         6312.01 
          89800         6199.86 
          90200         6090.34 
          90600         5983.44 
          91000         5878.66 
          91400         5776.34 
          91800         5676.06 
          92200         5578.15 
          92600         5482.18 
          93000         5388.53 
          93400         5296.25 
          93800         5142.01 
          94200         5103.52 
          94600         5032.26 
          95000          4947.8 
          95400            4865 
          95800         4784.24 
          96200         4705.03 
          96600         4627.39 
          97000         4551.27 
          97400         4477.04 
          97800         4403.86 
          98200         4332.51 
          98600         4258.67 
          99000         4193.98 
          99400         4126.73 
          99800         4060.81 
         100200         3996.17 
         200000         249.019 
         400000         15.3132 
         600000         2.99103 
         800000        0.938293 
         1.0e+6        0.381627 
         1.2e+6        0.182934 
         1.4e+6       0.0982267 
         1.6e+6       0.0573131 
