# Kurucz ODFNEW /NOVER models
# teff = 10000 K (value for the effective temperature for the model. Temperatures are given in K)
# logg = 3.00 log(cm/s2) (value for Log(G) for the model.)
# meta = -0.5  (value for the Metallicity for the model.)
# lh = 1.25  (l/Hp where l is the  mixing length of the convective element and Hp is the pressure scale height)
# vtur = 2.0 km/s (Microturbulence velocity)
#
# column 1: WAVELENGTH (ANGSTROM), Wavelength in Angstrom
# column 2: FLUX (ERG/CM2/S/A), Flux in erg/cm2/s/A
              0               0 
           90.9               0 
           93.5               0 
           96.1               0 
           97.7               0 
           99.6               0 
            102               0 
          103.8               0 
          105.6               0 
          107.7               0 
          110.4               0 
            114               0 
          117.8               0 
          121.3               0 
          124.8               0 
          127.1               0 
          128.4               0 
          130.5               0 
          132.4               0 
          133.9               0 
          136.6               0 
          139.8               0 
          143.3               0 
          147.2               0 
            151               0 
          155.2               0 
          158.8               0 
            162               0 
            166               0 
          170.3               0 
          173.4               0 
          176.8               0 
          180.2               0 
          181.7               0 
          186.1               0 
            191               0 
          193.9               0 
          198.4               0 
          201.8               0 
            205               0 
          210.5               0 
          216.2               0 
          219.8               0 
            223               0 
          226.8               0 
            230               0 
            234               0 
            240               0 
          246.5               0 
          252.4               0 
          256.8               0 
            260               0 
            264               0 
          268.5     4.74518e-24 
          273.5     9.46481e-23 
          278.5     3.97045e-22 
            284     1.75721e-21 
            290     8.27553e-21 
            296     3.65387e-20 
            301     1.20918e-19 
            308     6.05737e-19 
            318     5.36536e-18 
            328     4.17407e-17 
            338     2.87877e-16 
            348     1.78056e-15 
            357       8.417e-15 
            366     3.68643e-14 
            375     1.50186e-13 
            385     6.62269e-13 
            395     2.70478e-12 
            405     1.03022e-11 
            414     3.24645e-11 
            422       8.633e-11 
            430     2.20944e-10 
            441     7.61572e-10 
            451      2.22055e-9 
            460      5.58453e-9 
            470      1.49098e-8 
            480      3.81555e-8 
            490      9.38704e-8 
            500      2.22422e-7 
            506      4.97685e-7 
            512       8.9667e-7 
            520      1.66115e-6 
            530      3.51597e-6 
            540      7.14444e-6 
            550      1.43295e-5 
            560      2.78223e-5 
            570      5.27317e-5 
            580      9.69307e-5 
            590     0.000176969 
            600     0.000314162 
            610     0.000547103 
            620      0.00093478 
            630      0.00156919 
            640      0.00258837 
            650      0.00420546 
            658      0.00612929 
            665      0.00845346 
            675       0.0132196 
            685       0.0203923 
            695       0.0310486 
            705        0.046657 
            716       0.0720413 
            726        0.105619 
            735        0.147624 
            745        0.212005 
            755        0.301357 
            765        0.424107 
            775         0.59129 
            785        0.816827 
            795         1.11769 
            805          1.5182 
            815         2.04488 
            825         2.73244 
            835         3.62047 
            845         4.77129 
            855         6.23721 
            865         8.09979 
            875         10.4468 
            885         13.3963 
            895         17.0694 
            905         21.5949 
            915         441.897 
            925         3167.37 
            935         5250.89 
            945         9183.45 
            955         15172.1 
            965         20221.6 
            975           14776 
            985         42673.4 
            995         68684.9 
           1005         69857.6 
           1015         43504.7 
           1025         25245.3 
           1035         52840.2 
           1045          117739 
           1055          196109 
           1065          217460 
           1075          292100 
           1085          337009 
           1095          371506 
           1105      4.34603e+6 
           1115      2.73697e+7 
           1125      3.43355e+7 
           1135       3.9965e+7 
           1145      3.57011e+7 
           1155      3.73898e+7 
           1165      3.62872e+7 
           1175      2.63592e+7 
           1185      2.12615e+7 
           1195          268139 
           1205          176762 
           1215         44539.9 
           1225          182806 
           1235          629132 
           1245      1.38049e+7 
           1255      4.34513e+7 
           1265      4.06177e+7 
           1275      7.94861e+7 
           1285      1.05552e+8 
           1295      9.60748e+7 
           1305      5.87629e+7 
           1315      1.07569e+8 
           1325       1.2282e+8 
           1335      1.10861e+8 
           1345      1.40769e+8 
           1355      1.33025e+8 
           1365       1.1511e+8 
           1375      1.29295e+8 
           1385      1.32441e+8 
           1395      1.36384e+8 
           1405       1.3935e+8 
           1415      1.28563e+8 
           1425      1.37217e+8 
           1435      1.26153e+8 
           1442      1.39656e+8 
           1447      1.50704e+8 
           1455      1.49904e+8 
           1465      1.37963e+8 
           1475      1.30931e+8 
           1485      1.38204e+8 
           1495      1.46148e+8 
           1505      1.47445e+8 
           1512      1.37069e+8 
           1517        1.468e+8 
           1525      1.37373e+8 
           1535      1.30749e+8 
           1545      1.45776e+8 
           1555      1.29983e+8 
           1565      1.20341e+8 
           1575        1.267e+8 
           1585      1.38319e+8 
           1595      1.45394e+8 
           1605      1.35625e+8 
           1615      1.35641e+8 
           1625      1.24216e+8 
           1635      1.28882e+8 
           1645      1.33078e+8 
           1655      1.15825e+8 
           1665      1.30967e+8 
           1672      9.93081e+7 
           1677      1.23508e+8 
           1685      1.35474e+8 
           1695      1.27348e+8 
           1705      1.20824e+8 
           1715      1.18979e+8 
           1725      1.17549e+8 
           1735       1.2312e+8 
           1745      1.20768e+8 
           1755      1.30852e+8 
           1765      1.14826e+8 
           1775      1.25408e+8 
           1785      1.24149e+8 
           1795       1.3334e+8 
           1805      1.27634e+8 
           1815      1.26483e+8 
           1825      1.21764e+8 
           1835      1.18013e+8 
           1845      1.10938e+8 
           1855      1.14201e+8 
           1865      1.13976e+8 
           1875      1.20522e+8 
           1885       1.1878e+8 
           1895      1.15945e+8 
           1905      1.12499e+8 
           1915       1.1482e+8 
           1925      1.15348e+8 
           1935      1.14582e+8 
           1945      1.18525e+8 
           1955      1.16054e+8 
           1967      1.19326e+8 
           1976       1.1829e+8 
           1984      1.15117e+8 
           1995       1.1139e+8 
           2005      1.11472e+8 
           2015      1.05534e+8 
           2025      1.07876e+8 
           2035      1.07982e+8 
           2045      1.10631e+8 
           2055      1.05579e+8 
           2065      1.04329e+8 
           2074      1.08417e+8 
           2078      1.10234e+8 
           2085      1.09902e+8 
           2095      1.06023e+8 
           2105      1.04474e+8 
           2115      1.03884e+8 
           2125      1.04477e+8 
           2135      9.17893e+7 
           2145      1.00352e+8 
           2155      1.01661e+8 
           2165      9.72686e+7 
           2175      9.55478e+7 
           2185      9.48963e+7 
           2195      1.00211e+8 
           2205      9.62819e+7 
           2215      8.91796e+7 
           2225      8.69491e+7 
           2235      9.53736e+7 
           2245      8.67222e+7 
           2255      8.56066e+7 
           2265      8.64092e+7 
           2275       9.1154e+7 
           2285       9.3201e+7 
           2295      8.81633e+7 
           2305       8.6152e+7 
           2315      8.35183e+7 
           2325      8.36934e+7 
           2335      7.96477e+7 
           2345      7.43797e+7 
           2355      8.22268e+7 
           2365      7.45752e+7 
           2375      7.85034e+7 
           2385      6.98394e+7 
           2395      7.61206e+7 
           2405      7.25384e+7 
           2415      7.43548e+7 
           2425      7.80159e+7 
           2435      7.46762e+7 
           2445      7.94546e+7 
           2455      7.64084e+7 
           2465      7.61059e+7 
           2475      7.32288e+7 
           2485      7.74787e+7 
           2495      7.50069e+7 
           2505      8.06831e+7 
           2513      7.44076e+7 
           2518      7.58652e+7 
           2525      7.10607e+7 
           2535      7.04132e+7 
           2545      7.05241e+7 
           2555      7.39087e+7 
           2565      7.32936e+7 
           2575      7.75491e+7 
           2585      7.71024e+7 
           2595      7.60786e+7 
           2605       7.2992e+7 
           2615      7.26496e+7 
           2625      7.52572e+7 
           2635      7.56529e+7 
           2645      8.17486e+7 
           2655      8.04391e+7 
           2665      7.54392e+7 
           2675      7.78666e+7 
           2685      7.74916e+7 
           2695      7.47233e+7 
           2705      7.60666e+7 
           2715      7.30591e+7 
           2725      7.35337e+7 
           2735      7.79325e+7 
           2745      6.86663e+7 
           2755      6.87841e+7 
           2765      7.07957e+7 
           2775      7.46061e+7 
           2785      7.38041e+7 
           2795      6.22045e+7 
           2805      6.74551e+7 
           2815      7.53438e+7 
           2825       7.5411e+7 
           2835      7.27659e+7 
           2845      7.05379e+7 
           2855      6.92542e+7 
           2865      7.20716e+7 
           2875      7.03223e+7 
           2885      7.18225e+7 
           2895      6.97584e+7 
           2910      7.46735e+7 
           2930      7.19856e+7 
           2950      7.17574e+7 
           2970      7.20371e+7 
           2990      7.19868e+7 
           3010      7.28753e+7 
           3030      7.21505e+7 
           3050      7.12112e+7 
           3070      7.01826e+7 
           3090      7.06659e+7 
           3110      6.92146e+7 
           3130      6.85481e+7 
           3150      6.88575e+7 
           3170      6.81863e+7 
           3190      6.62565e+7 
           3210      6.70351e+7 
           3230      6.59076e+7 
           3250      6.59657e+7 
           3270      6.58941e+7 
           3290      6.58959e+7 
           3310      6.57622e+7 
           3330       6.4584e+7 
           3350      6.35665e+7 
           3370      6.34978e+7 
           3390      6.27966e+7 
           3410      6.32997e+7 
           3430      6.28776e+7 
           3450      6.25082e+7 
           3470      6.17399e+7 
           3490      6.13402e+7 
           3510      6.13618e+7 
           3530      6.12128e+7 
           3550      6.08567e+7 
           3570      6.01561e+7 
           3590       5.9742e+7 
           3610      5.93622e+7 
           3630      5.89101e+7 
           3640      5.86835e+7 
           3650      5.97169e+7 
           3670      5.89251e+7 
           3690      5.68191e+7 
           3710      6.48406e+7 
           3730      7.43989e+7 
           3750      1.06792e+8 
           3770      1.11528e+8 
           3790      1.32117e+8 
           3810      1.47878e+8 
           3830      1.18724e+8 
           3850      1.55704e+8 
           3870      1.65723e+8 
           3890      1.07081e+8 
           3910      1.61696e+8 
           3930      1.61528e+8 
           3950      1.59377e+8 
           3970      1.00868e+8 
           3990      1.53621e+8 
           4010       1.5633e+8 
           4030      1.53764e+8 
           4050      1.52638e+8 
           4070      1.48883e+8 
           4090      1.30767e+8 
           4110      1.02389e+8 
           4130      1.41523e+8 
           4150      1.42546e+8 
           4170      1.40318e+8 
           4190        1.389e+8 
           4210      1.37241e+8 
           4230       1.3487e+8 
           4250      1.32959e+8 
           4270      1.31087e+8 
           4290      1.29331e+8 
           4310      1.25603e+8 
           4330      1.06198e+8 
           4350      9.08671e+7 
           4370      1.21493e+8 
           4390      1.19933e+8 
           4410      1.19419e+8 
           4430      1.18157e+8 
           4450      1.16817e+8 
           4470      1.14911e+8 
           4490      1.12506e+8 
           4510      1.11803e+8 
           4530      1.10268e+8 
           4550      1.07959e+8 
           4570      1.07868e+8 
           4590       1.0585e+8 
           4610      1.05712e+8 
           4630      1.03317e+8 
           4650      1.03033e+8 
           4670      1.01581e+8 
           4690      1.00257e+8 
           4710      9.81374e+7 
           4730      9.78951e+7 
           4750      9.66867e+7 
           4770      9.55729e+7 
           4790      9.43201e+7 
           4810       9.2808e+7 
           4830      9.07715e+7 
           4850      7.81553e+7 
           4870      6.38795e+7 
           4890       8.6938e+7 
           4910      8.72096e+7 
           4930      8.59097e+7 
           4950      8.54753e+7 
           4970      8.45568e+7 
           4990       8.3443e+7 
           5010      8.17141e+7 
           5030       8.1295e+7 
           5050      7.99328e+7 
           5070      7.95086e+7 
           5090      7.85855e+7 
           5110      7.75791e+7 
           5130      7.67622e+7 
           5150       7.5724e+7 
           5170      7.42934e+7 
           5190      7.36563e+7 
           5210      7.31209e+7 
           5230      7.19292e+7 
           5250      7.15107e+7 
           5270      7.02324e+7 
           5290      6.99395e+7 
           5310      6.87481e+7 
           5330      6.82478e+7 
           5350      6.76515e+7 
           5370      6.68312e+7 
           5390      6.60895e+7 
           5410      6.52723e+7 
           5430      6.45624e+7 
           5450      6.39424e+7 
           5470      6.31974e+7 
           5490      6.25178e+7 
           5510      6.18004e+7 
           5530       6.1125e+7 
           5550      6.05128e+7 
           5570       5.9841e+7 
           5590      5.91991e+7 
           5610      5.85875e+7 
           5630      5.79484e+7 
           5650      5.72688e+7 
           5670      5.66698e+7 
           5690      5.60927e+7 
           5710      5.54961e+7 
           5730       5.4904e+7 
           5750      5.43119e+7 
           5770       5.3739e+7 
           5790      5.31436e+7 
           5810      5.25977e+7 
           5830      5.20413e+7 
           5850      5.15022e+7 
           5870      5.08325e+7 
           5890      5.03142e+7 
           5910      4.98966e+7 
           5930      4.93881e+7 
           5950      4.88044e+7 
           5970       4.8349e+7 
           5990      4.77956e+7 
           6010      4.73696e+7 
           6030      4.68923e+7 
           6050      4.64025e+7 
           6070      4.59336e+7 
           6090      4.54659e+7 
           6110      4.50072e+7 
           6130      4.45456e+7 
           6150      4.39088e+7 
           6170      4.36534e+7 
           6190      4.32232e+7 
           6210      4.27948e+7 
           6230      4.23544e+7 
           6250      4.18091e+7 
           6270       4.1532e+7 
           6290       4.1118e+7 
           6310      4.06827e+7 
           6330      4.03065e+7 
           6350      3.96739e+7 
           6370      3.93639e+7 
           6390      3.91262e+7 
           6410      3.87311e+7 
           6430      3.83701e+7 
           6450      3.79043e+7 
           6470      3.76398e+7 
           6490      3.71908e+7 
           6510      3.67468e+7 
           6530       3.6113e+7 
           6550      3.29439e+7 
           6570      2.66902e+7 
           6590      3.46341e+7 
           6610      3.49732e+7 
           6630      3.47627e+7 
           6650      3.45196e+7 
           6670      3.41817e+7 
           6690      3.38718e+7 
           6710      3.35687e+7 
           6730      3.32383e+7 
           6750      3.29415e+7 
           6770      3.26393e+7 
           6790      3.23329e+7 
           6810      3.20361e+7 
           6830      3.17324e+7 
           6850      3.14422e+7 
           6870       3.1155e+7 
           6890      3.08726e+7 
           6910      3.05878e+7 
           6930      3.03033e+7 
           6950      3.00338e+7 
           6970       2.9761e+7 
           6990      2.94961e+7 
           7010      2.92077e+7 
           7030      2.89647e+7 
           7050      2.86892e+7 
           7070      2.84367e+7 
           7090      2.81948e+7 
           7110      2.79074e+7 
           7130      2.76851e+7 
           7150      2.74391e+7 
           7170      2.72034e+7 
           7190      2.69612e+7 
           7210      2.67256e+7 
           7230      2.64806e+7 
           7250      2.62495e+7 
           7270      2.60275e+7 
           7290      2.57949e+7 
           7310      2.55651e+7 
           7330      2.53508e+7 
           7350      2.51349e+7 
           7370      2.49189e+7 
           7390      2.47021e+7 
           7410      2.44852e+7 
           7430      2.42546e+7 
           7450       2.4056e+7 
           7470      2.38308e+7 
           7490       2.3648e+7 
           7510      2.34454e+7 
           7530      2.32592e+7 
           7550      2.30641e+7 
           7570      2.28681e+7 
           7590      2.26752e+7 
           7610      2.24866e+7 
           7630      2.22957e+7 
           7650       2.2104e+7 
           7670      2.19209e+7 
           7690      2.17395e+7 
           7710      2.15515e+7 
           7730      2.13808e+7 
           7750      2.12035e+7 
           7770      2.07288e+7 
           7790      2.08547e+7 
           7810      2.06851e+7 
           7830      2.05119e+7 
           7850      2.03329e+7 
           7870      2.01306e+7 
           7890      1.99367e+7 
           7910      1.98456e+7 
           7930      1.96893e+7 
           7950      1.94986e+7 
           7970      1.93736e+7 
           7990      1.91239e+7 
           8010      1.90608e+7 
           8030      1.89075e+7 
           8050      1.87562e+7 
           8070      1.86049e+7 
           8090      1.84566e+7 
           8110      1.83078e+7 
           8130      1.81654e+7 
           8150      1.80208e+7 
           8170      1.78791e+7 
           8190      1.77137e+7 
           8210      1.76611e+7 
           8230      1.75214e+7 
           8250      1.74266e+7 
           8270      1.73309e+7 
           8290       1.7192e+7 
           8310      1.70711e+7 
           8330      1.69056e+7 
           8350      1.67713e+7 
           8370      1.65675e+7 
           8390      1.63843e+7 
           8410      1.61706e+7 
           8430      1.61438e+7 
           8450      1.59625e+7 
           8470      1.53494e+7 
           8490      1.63058e+7 
           8510      1.49209e+7 
           8530      1.64763e+7 
           8550      1.42065e+7 
           8570      1.67173e+7 
           8590      1.52942e+7 
           8610      1.48152e+7 
           8630      1.69768e+7 
           8650      1.63697e+7 
           8670      1.31955e+7 
           8690      1.67896e+7 
           8710      1.72186e+7 
           8730      1.66465e+7 
           8750      1.28092e+7 
           8770      1.58337e+7 
           8790      1.68076e+7 
           8810      1.67634e+7 
           8830      1.64769e+7 
           8850      1.50226e+7 
           8870      1.24434e+7 
           8890      1.58215e+7 
           8910      1.60946e+7 
           8930      1.60174e+7 
           8950      1.59525e+7 
           8970      1.57733e+7 
           8990      1.53284e+7 
           9010      1.22579e+7 
           9030      1.35328e+7 
           9050      1.51322e+7 
           9070      1.51109e+7 
           9090      1.49866e+7 
           9110      1.50057e+7 
           9130      1.49206e+7 
           9150      1.48069e+7 
           9170       1.4655e+7 
           9190      1.44311e+7 
           9210      1.37605e+7 
           9230      1.06342e+7 
           9250      1.32543e+7 
           9270       1.3775e+7 
           9290      1.40047e+7 
           9310      1.39502e+7 
           9330      1.38559e+7 
           9350      1.37618e+7 
           9370       1.3661e+7 
           9390      1.35316e+7 
           9410      1.33597e+7 
           9430      1.33522e+7 
           9450       1.3259e+7 
           9470      1.31384e+7 
           9490      1.30086e+7 
           9510      1.28061e+7 
           9530      1.20173e+7 
           9550      9.58035e+6 
           9570      1.20565e+7 
           9590      1.24679e+7 
           9610      1.24479e+7 
           9630      1.23195e+7 
           9650      1.23255e+7 
           9670      1.22013e+7 
           9690      1.21465e+7 
           9710      1.20658e+7 
           9730       1.1978e+7 
           9750      1.18909e+7 
           9770      1.18083e+7 
           9790      1.17236e+7 
           9810      1.16379e+7 
           9830      1.15496e+7 
           9850      1.14686e+7 
           9870      1.13881e+7 
           9890      1.12897e+7 
           9910      1.12312e+7 
           9930      1.11485e+7 
           9950      1.10703e+7 
           9970      1.09831e+7 
           9990      1.08757e+7 
          10025      1.01188e+7 
          10075      9.60775e+6 
          10125      1.03616e+7 
          10175      1.02342e+7 
          10225      1.00652e+7 
          10275       9.8936e+6 
          10325      9.72416e+6 
          10375      9.56065e+6 
          10425      9.40155e+6 
          10475      9.23718e+6 
          10525      9.08194e+6 
          10575      8.93663e+6 
          10625      8.79099e+6 
          10675       8.5994e+6 
          10725      8.48961e+6 
          10775      8.36298e+6 
          10825       8.2216e+6 
          10875      8.05189e+6 
          10925       7.0024e+6 
          10975      7.55366e+6 
          11025      7.69759e+6 
          11075       7.5926e+6 
          11125      7.47188e+6 
          11175      7.35448e+6 
          11225      7.23918e+6 
          11275      7.09183e+6 
          11325      6.98969e+6 
          11375      6.90422e+6 
          11425      6.79659e+6 
          11475      6.69428e+6 
          11525      6.59208e+6 
          11575      6.49081e+6 
          11625      6.38522e+6 
          11675        6.282e+6 
          11725      6.20004e+6 
          11775      6.08309e+6 
          11825      6.00805e+6 
          11875      5.91775e+6 
          11925      5.83777e+6 
          11975      5.74576e+6 
          12025      5.66527e+6 
          12075      5.58073e+6 
          12125      5.49942e+6 
          12175      5.42028e+6 
          12225      5.34125e+6 
          12275      5.26232e+6 
          12325      5.18698e+6 
          12375      5.11269e+6 
          12425      5.04062e+6 
          12475      4.96324e+6 
          12525      4.89729e+6 
          12575      4.82387e+6 
          12625      4.75786e+6 
          12675      4.69271e+6 
          12725      4.61986e+6 
          12775      4.49236e+6 
          12825      3.94914e+6 
          12875      4.39034e+6 
          12925      4.37019e+6 
          12975      4.31488e+6 
          13025      4.25582e+6 
          13075      4.19754e+6 
          13125      4.14025e+6 
          13175      4.08003e+6 
          13225      4.02879e+6 
          13275      3.97456e+6 
          13325      3.92102e+6 
          13375      3.86837e+6 
          13425      3.81663e+6 
          13475      3.76551e+6 
          13525      3.71446e+6 
          13575       3.6661e+6 
          13625      3.61793e+6 
          13675      3.56978e+6 
          13725      3.52199e+6 
          13775      3.47801e+6 
          13825      3.43301e+6 
          13875      3.38873e+6 
          13925      3.34442e+6 
          13975      3.30182e+6 
          14025      3.25937e+6 
          14075      3.21779e+6 
          14125      3.17657e+6 
          14175      3.13637e+6 
          14225      3.09668e+6 
          14275      3.05746e+6 
          14325      3.01891e+6 
          14375      2.98116e+6 
          14425      2.93826e+6 
          14475      2.90703e+6 
          14525      2.86866e+6 
          14570       2.8389e+6 
          14620         2.81e+6 
          14675      2.77375e+6 
          14725      2.74035e+6 
          14775      2.70596e+6 
          14825      2.67523e+6 
          14875      2.64195e+6 
          14925      2.61176e+6 
          14975       2.5794e+6 
          15025      2.54657e+6 
          15075      2.51413e+6 
          15125      2.48189e+6 
          15175      2.45067e+6 
          15225      2.42859e+6 
          15275      2.38188e+6 
          15325      2.35224e+6 
          15375      2.34541e+6 
          15425      2.27593e+6 
          15475      2.29553e+6 
          15525      2.27437e+6 
          15575      2.16599e+6 
          15625      2.25707e+6 
          15675      2.17324e+6 
          15725      2.08784e+6 
          15775      2.19346e+6 
          15825      2.16699e+6 
          15875      1.95648e+6 
          15925      2.09292e+6 
          15975      2.11467e+6 
          16050      2.05533e+6 
          16150      1.92711e+6 
          16250      2.00305e+6 
          16350      1.92056e+6 
          16450      1.80219e+6 
          16550      1.87483e+6 
          16650      1.83444e+6 
          16750       1.7546e+6 
          16850      1.64851e+6 
          16950      1.71553e+6 
          17050      1.67979e+6 
          17150      1.64386e+6 
          17250      1.60472e+6 
          17350      1.45788e+6 
          17450      1.52807e+6 
          17550      1.50789e+6 
          17650      1.47646e+6 
          17750      1.44588e+6 
          17850      1.41589e+6 
          17950      1.38706e+6 
          18050      1.35462e+6 
          18150      1.24185e+6 
          18250      1.28472e+6 
          18350      1.27713e+6 
          18450       1.2517e+6 
          18550       1.2262e+6 
          18650      1.19814e+6 
          18750      1.09688e+6 
          18850      1.14952e+6 
          18950      1.13218e+6 
          19050      1.11056e+6 
          19150      1.08893e+6 
          19250      1.06788e+6 
          19350      1.04279e+6 
          19450          954428 
          19550      1.00323e+6 
          19650          988653 
          19750          969973 
          19850          951841 
          19950          934057 
          20050          916687 
          20150          899722 
          20250          883141 
          20350          866943 
          20450          851126 
          20550          835662 
          20650          820511 
          20750          805770 
          20850          791335 
          20950          777215 
          21050          763386 
          21150          749742 
          21250          736530 
          21350          723597 
          21450          711084 
          21550          696232 
          21650          640668 
          21750          669814 
          21850          663279 
          21950          652010 
          22050          640917 
          22150          629999 
          22250          619473 
          22350          609070 
          22450          598901 
          22550          588903 
          22650          579169 
          22750          569612 
          22850          560822 
          22950          551711 
          23050          542822 
          23150          534086 
          23250          525536 
          23350          517139 
          23450          508910 
          23550          500818 
          23650          492862 
          23750          485052 
          23850          477345 
          23950          469769 
          24050          462151 
          24150          454557 
          24250          448268 
          24350          440515 
          24450          433068 
          24550          427927 
          24650          419862 
          24750          413585 
          24850          410350 
          24950          396203 
          25050          398355 
          25150          392761 
          25250          375778 
          25350          380611 
          25450          376611 
          25550          369584 
          25650          350457 
          25750          359634 
          25850          355593 
          25950          350391 
          26050          341617 
          26150          322673 
          26250          312609 
          26350          328216 
          26450          326402 
          26550          321980 
          26650          315642 
          26750          293482 
          26850          306727 
          26950          304775 
          27050          300596 
          27150          296397 
          27250          292257 
          27350          288190 
          27450          283179 
          27550          264346 
          27650          270376 
          27750          272261 
          27850          268886 
          27950          265225 
          28050          261623 
          28150          258080 
          28250          254599 
          28350          251175 
          28450          247797 
          28550          244266 
          28650          237754 
          28750          223027 
          28850          233740 
          28950          231710 
          29050          228761 
          29150          225740 
          29250          222820 
          29350          219923 
          29450          217072 
          29550          214272 
          29650          211510 
          29750          208796 
          29850          206123 
          29950          203493 
          30050          200906 
          30150          198348 
          30250          195265 
          30350          183948 
          30450          185468 
          30550          188175 
          30650          186215 
          30750          183898 
          30850          181584 
          30950          179378 
          31050          177166 
          31150          174989 
          31250          172841 
          31350          170740 
          31450          168650 
          31550          166618 
          31650          164600 
          31750          162612 
          31850          160660 
          31950          158734 
          32100          155901 
          32300          152221 
          32500          148645 
          32700          145116 
          32900          136428 
          33100          137157 
          33300          135035 
          33500          132018 
          33700          129035 
          33900          126154 
          34100          123343 
          34300          120609 
          34500          117952 
          34700          115360 
          34900          112836 
          35100          110385 
          35300          108001 
          35500          105646 
          35700          103339 
          35900          101294 
          36100         98922.8 
          36300           97098 
          36500           94702 
          36700         93163.8 
          36900         90587.7 
          37100         89290.8 
          37300         86118.1 
          37500         83048.2 
          37700         84003.6 
          37900         82408.5 
          38100         79965.1 
          38300         78551.6 
          38500         77618.4 
          38700         76098.7 
          38900         74441.8 
          39100         71513.7 
          39300         71680.4 
          39500         70401.2 
          39700         69136.6 
          39900         67711.7 
          40100         65536.1 
          40300         63810.8 
          40500         61852.6 
          40700         62612.9 
          40900           61590 
          41100         60438.8 
          41300         59309.4 
          41500         58080.6 
          41700         55128.8 
          41900         55912.8 
          42100           55047 
          42300         54045.4 
          42500         53064.5 
          42700         52103.6 
          42900         51166.5 
          43100         50248.8 
          43300         49351.5 
          43500         48440.8 
          43700         46110.5 
          43900         46358.1 
          44100         45957.9 
          44300           45158 
          44500         44372.6 
          44700         43678.3 
          44900         42854.7 
          45100         42121.7 
          45300         41401.9 
          45500         40700.1 
          45700         40009.1 
          45900         39330.4 
          46100         38660.3 
          46300         37949.2 
          46500         36037.8 
          46700         35358.4 
          46900         35992.8 
          47100         35556.9 
          47300         34992.4 
          47500         34424.6 
          47700           33870 
          47900         33323.4 
          48100         32786.2 
          48300         32261.9 
          48500         31743.2 
          48700         31241.7 
          48900         30742.2 
          49100         30261.1 
          49300         29775.8 
          49500         29323.5 
          49700         28839.4 
          49900           28418 
          50100         27972.5 
          50300         27506.3 
          50500         27127.8 
          50700         26706.1 
          50900         26223.3 
          51100         25794.8 
          51300         24577.7 
          51500         25053.3 
          51700         24642.8 
          51900         24376.3 
          52100         24031.3 
          52300           23684 
          52500         23271.5 
          52700         22848.3 
          52900         22651.7 
          53100         22355.8 
          53300         22029.2 
          53500         21689.7 
          53700           21224 
          53900         20926.8 
          54100         20768.5 
          54300         20482.9 
          54500         20190.8 
          54700         19903.6 
          54900         19621.4 
          55100         19247.2 
          55300           18783 
          55500         18775.1 
          55700         18540.9 
          55900         18281.9 
          56100         18028.5 
          56300         17778.2 
          56500         17533.3 
          56700         17292.7 
          56900         17014.2 
          57100         16453.9 
          57300           16532 
          57500         16368.2 
          57700         16147.4 
          57900         15929.3 
          58100           15716 
          58300         15496.4 
          58500         15288.3 
          58700         15078.2 
          58900         14815.3 
          59100         14146.8 
          59300         14437.2 
          59500         13966.8 
          59700         13988.6 
          59900         13927.8 
          60100         13758.1 
          60300         13582.1 
          60500           13409 
          60700           13237 
          60900         13067.9 
          61100         12901.7 
          61300         12737.5 
          61500           12600 
          61700         12441.3 
          61900         12283.3 
          62100         12117.4 
          62300         11952.4 
          62500         11797.9 
          62700         11616.4 
          62900         11137.9 
          63100         11306.8 
          63300         11221.4 
          63500         11095.7 
          63700           10976 
          63900         10840.9 
          64200         10643.9 
          64600           10387 
          65000         10137.4 
          65400         9896.63 
          65800         9658.32 
          66200         9428.47 
          66600         9208.55 
          67000          8991.5 
          67400          8754.9 
          67800         8403.57 
          68200         8367.66 
          68600         8199.92 
          69000          8015.7 
          69400         7816.58 
          69800          7658.8 
          70200         7489.83 
          70600         7321.23 
          71000         7139.71 
          71400            7006 
          71800         6853.92 
          72200         6705.55 
          72600         6534.88 
          73000         6414.09 
          73400         6284.19 
          73800         6146.11 
          74200         6003.37 
          74600          5754.7 
          75000         5562.74 
          75400          5623.9 
          75800         5528.29 
          76200         5423.13 
          76600          5312.5 
          77000         5204.64 
          77400         5092.33 
          77800         4946.31 
          78200         4891.08 
          78600         4799.71 
          79000          4704.7 
          79400         4612.01 
          79800         4521.62 
          80200         4433.42 
          80600         4347.29 
          81000         4262.54 
          81400         4132.97 
          81800         4082.24 
          82200         4023.15 
          82600         3946.95 
          83000         3872.45 
          83400         3799.72 
          83800         3728.67 
          84200          3659.3 
          84600         3591.57 
          85000         3525.35 
          85400         3460.65 
          85800         3397.43 
          86200         3332.37 
          86600         3216.02 
          87000         3205.86 
          87400         3115.77 
          87800         3060.76 
          88200         3046.91 
          88600         2992.79 
          89000         2940.27 
          89400         2888.65 
          89800         2838.22 
          90200         2788.74 
          90600         2738.79 
          91000         2693.21 
          91400         2646.95 
          91800         2601.68 
          92200         2557.35 
          92600         2506.92 
          93000         2471.07 
          93400         2427.23 
          93800         2342.27 
          94200         2336.43 
          94600         2310.35 
          95000         2268.06 
          95400         2229.63 
          95800         2198.08 
          96200         2162.17 
          96600         2126.98 
          97000          2092.5 
          97400         2058.75 
          97800         2025.63 
          98200         1990.22 
          98600          1953.6 
          99000         1930.24 
          99400         1899.71 
          99800         1869.76 
         100200         1840.42 
         200000         117.851 
         400000         7.33448 
         600000         1.43702 
         800000        0.451212 
         1.0e+6         0.18357 
         1.2e+6       0.0880032 
         1.4e+6       0.0472566 
         1.6e+6       0.0275719 
