# Kurucz ODFNEW /NOVER models
# teff = 7500 K (value for the effective temperature for the model. Temperatures are given in K)
# logg = 3.50 log(cm/s2) (value for Log(G) for the model.)
# meta = -0.5  (value for the Metallicity for the model.)
# lh = 1.25  (l/Hp where l is the  mixing length of the convective element and Hp is the pressure scale height)
# vtur = 2.0 km/s (Microturbulence velocity)
#
# column 1: WAVELENGTH (ANGSTROM), Wavelength in Angstrom
# column 2: FLUX (ERG/CM2/S/A), Flux in erg/cm2/s/A
              0               0 
           90.9               0 
           93.5               0 
           96.1               0 
           97.7               0 
           99.6               0 
            102               0 
          103.8               0 
          105.6               0 
          107.7               0 
          110.4               0 
            114               0 
          117.8               0 
          121.3               0 
          124.8               0 
          127.1               0 
          128.4               0 
          130.5               0 
          132.4               0 
          133.9               0 
          136.6               0 
          139.8               0 
          143.3               0 
          147.2               0 
            151               0 
          155.2               0 
          158.8               0 
            162               0 
            166               0 
          170.3               0 
          173.4               0 
          176.8               0 
          180.2               0 
          181.7               0 
          186.1               0 
            191               0 
          193.9               0 
          198.4               0 
          201.8               0 
            205               0 
          210.5               0 
          216.2               0 
          219.8               0 
            223               0 
          226.8               0 
            230               0 
            234               0 
            240               0 
          246.5               0 
          252.4               0 
          256.8               0 
            260               0 
            264               0 
          268.5               0 
          273.5               0 
          278.5               0 
            284               0 
            290               0 
            296               0 
            301               0 
            308               0 
            318               0 
            328               0 
            338               0 
            348               0 
            357     5.27605e-24 
            366     3.40181e-23 
            375     1.99382e-22 
            385     1.28407e-21 
            395     7.47955e-21 
            405     3.97345e-20 
            414     1.66075e-19 
            422     5.60513e-19 
            430     1.80283e-18 
            441     8.34814e-18 
            451     3.13625e-17 
            460     9.79392e-17 
            470     3.28689e-16 
            480     1.04463e-15 
            490     3.15726e-15 
            500     9.09004e-15 
            506     2.22402e-14 
            512     4.55091e-14 
            520     9.83343e-14 
            530      2.5042e-13 
            540     6.04049e-13 
            550     1.42597e-12 
            560     3.23524e-12 
            570     7.11219e-12 
            580     1.50031e-11 
            590      3.1474e-11 
            600     6.35524e-11 
            610     1.25148e-10 
            620     2.40464e-10 
            630     4.51583e-10 
            640     8.30095e-10 
            650       1.4948e-9 
            658      2.35881e-9 
            665      3.47933e-9 
            675      5.97238e-9 
            685      1.00721e-8 
            695      1.67016e-8 
            705      2.72142e-8 
            716       4.5862e-8 
            726      7.24976e-8 
            735      1.08181e-7 
            745      1.66616e-7 
            755       2.5333e-7 
            765      3.80461e-7 
            775      5.64575e-7 
            785      8.28443e-7 
            795      1.19655e-6 
            805      1.72313e-6 
            815      2.45127e-6 
            825      3.44995e-6 
            835      4.81038e-6 
            845      6.64637e-6 
            855      9.10359e-6 
            865      1.23644e-5 
            875      1.66384e-5 
            885       2.2263e-5 
            895      2.95359e-5 
            905      3.88402e-5 
            915       0.0441714 
            925        0.153867 
            935        0.203654 
            945        0.272875 
            955        0.376683 
            965         0.49032 
            975        0.601698 
            985        0.791959 
            995         0.97837 
           1005         1.29547 
           1015         1.61414 
           1025         1.87615 
           1035         2.51161 
           1045         3.13655 
           1055          3.8762 
           1065         4.68528 
           1075         5.80569 
           1085         7.12643 
           1095         8.52103 
           1105          24.114 
           1115         73.5505 
           1125         104.367 
           1135         145.396 
           1145         179.795 
           1155         192.835 
           1165         248.645 
           1175         276.362 
           1185          296.56 
           1195         139.377 
           1205         103.563 
           1215         32.5071 
           1225         120.486 
           1235          304.97 
           1245         652.657 
           1255         1281.36 
           1265         1481.45 
           1275         2215.53 
           1285         3218.78 
           1295         4057.93 
           1305         3987.36 
           1315         5574.85 
           1325         6724.64 
           1335         7625.82 
           1345         9266.73 
           1355          9784.6 
           1365         11139.2 
           1375         12277.9 
           1385         13415.2 
           1395         15368.9 
           1405         17093.7 
           1415         18369.1 
           1425         20346.5 
           1435         20901.8 
           1442         24257.6 
           1447         25400.1 
           1455           28323 
           1465         28980.3 
           1475         32055.3 
           1485         35311.7 
           1495         39508.1 
           1505         43508.9 
           1512           44643 
           1517         47750.9 
           1525         51872.8 
           1535         76323.9 
           1545          113173 
           1555          115103 
           1565          101203 
           1575          129078 
           1585          140005 
           1595          156214 
           1605          159217 
           1615          190472 
           1625          257157 
           1635          460253 
           1645      1.02886e+6 
           1655          644824 
           1665      1.67381e+6 
           1672          941064 
           1677      2.52334e+6 
           1685      3.68316e+6 
           1695      3.49255e+6 
           1705      4.40797e+6 
           1715      6.21473e+6 
           1725      6.62589e+6 
           1735      8.10324e+6 
           1745      7.72433e+6 
           1755      9.41756e+6 
           1765      6.63711e+6 
           1775      8.80595e+6 
           1785      8.84106e+6 
           1795      1.12821e+7 
           1805      9.34882e+6 
           1815      1.03748e+7 
           1825      8.96901e+6 
           1835      8.98844e+6 
           1845      7.66725e+6 
           1855      8.79162e+6 
           1865      1.00655e+7 
           1875      9.77728e+6 
           1885      1.01896e+7 
           1895      1.09913e+7 
           1905      1.00907e+7 
           1915      1.10732e+7 
           1925       1.0873e+7 
           1935       7.9317e+6 
           1945      1.19551e+7 
           1955      1.22165e+7 
           1967      1.34681e+7 
           1976      1.31267e+7 
           1984      1.25655e+7 
           1995      1.22967e+7 
           2005      1.15567e+7 
           2015      1.14098e+7 
           2025      1.04109e+7 
           2035      1.21901e+7 
           2045      1.33701e+7 
           2055      1.27069e+7 
           2065      1.21309e+7 
           2074      1.43739e+7 
           2078      1.52844e+7 
           2085      1.46741e+7 
           2095      1.37336e+7 
           2105      1.28169e+7 
           2115      1.33453e+7 
           2125      1.36714e+7 
           2135       1.0903e+7 
           2145      1.32015e+7 
           2155      1.31822e+7 
           2165       1.2204e+7 
           2175      1.21175e+7 
           2185      1.29309e+7 
           2195      1.42168e+7 
           2205      1.35404e+7 
           2215      1.18773e+7 
           2225      1.18294e+7 
           2235      1.42148e+7 
           2245      1.26944e+7 
           2255      1.16412e+7 
           2265      1.15988e+7 
           2275      1.28153e+7 
           2285      1.35274e+7 
           2295      1.21709e+7 
           2305      1.29285e+7 
           2315      1.25857e+7 
           2325        1.227e+7 
           2335      1.04294e+7 
           2345      8.35941e+6 
           2355      1.20817e+7 
           2365      8.82886e+6 
           2375      1.08231e+7 
           2385       7.3906e+6 
           2395      8.91118e+6 
           2405      8.71152e+6 
           2415      9.19505e+6 
           2425      1.18017e+7 
           2435      1.14451e+7 
           2445       1.2515e+7 
           2455      1.23439e+7 
           2465      1.24138e+7 
           2475      1.13057e+7 
           2485      1.14229e+7 
           2495      1.08232e+7 
           2505      1.36259e+7 
           2513       1.1103e+7 
           2518      1.12395e+7 
           2525       9.9577e+6 
           2535      9.18168e+6 
           2545      9.17422e+6 
           2555      1.07807e+7 
           2565      1.04575e+7 
           2575      1.20252e+7 
           2585      1.20407e+7 
           2595      1.16118e+7 
           2605      1.07273e+7 
           2615      1.00074e+7 
           2625      1.24015e+7 
           2635      1.31393e+7 
           2645      1.60977e+7 
           2655      1.65822e+7 
           2665        1.394e+7 
           2675      1.51927e+7 
           2685      1.52992e+7 
           2695      1.37875e+7 
           2705      1.46089e+7 
           2715      1.31236e+7 
           2725      1.34262e+7 
           2735      1.47781e+7 
           2745      1.06769e+7 
           2755      1.18603e+7 
           2765      1.28267e+7 
           2775      1.47016e+7 
           2785      1.32867e+7 
           2795       6.2412e+6 
           2805      7.95547e+6 
           2815      1.53769e+7 
           2825      1.64648e+7 
           2835      1.56725e+7 
           2845      1.48639e+7 
           2855       1.3427e+7 
           2865      1.56434e+7 
           2875      1.53365e+7 
           2885      1.55884e+7 
           2895      1.47725e+7 
           2910      1.72739e+7 
           2930      1.64517e+7 
           2950      1.62718e+7 
           2970      1.69879e+7 
           2990      1.70795e+7 
           3010      1.74009e+7 
           3030      1.73111e+7 
           3050      1.73699e+7 
           3070      1.75852e+7 
           3090      1.78969e+7 
           3110      1.73932e+7 
           3130      1.73147e+7 
           3150      1.79293e+7 
           3170      1.79107e+7 
           3190       1.6758e+7 
           3210      1.73593e+7 
           3230      1.65394e+7 
           3250      1.73344e+7 
           3270      1.78217e+7 
           3290      1.79934e+7 
           3310      1.83185e+7 
           3330      1.79126e+7 
           3350      1.77084e+7 
           3370      1.74826e+7 
           3390      1.76149e+7 
           3410      1.77439e+7 
           3430      1.79955e+7 
           3450      1.78602e+7 
           3470      1.76481e+7 
           3490      1.76548e+7 
           3510      1.80266e+7 
           3530      1.79097e+7 
           3550      1.84388e+7 
           3570      1.76106e+7 
           3590      1.75028e+7 
           3610      1.76228e+7 
           3630      1.78263e+7 
           3640      1.75982e+7 
           3650      1.83783e+7 
           3670      1.81612e+7 
           3690       1.7404e+7 
           3710      1.90679e+7 
           3730      2.02255e+7 
           3750      2.54687e+7 
           3770      2.72378e+7 
           3790      3.24798e+7 
           3810      3.70705e+7 
           3830      2.98505e+7 
           3850      4.01677e+7 
           3870      4.38686e+7 
           3890      2.81201e+7 
           3910      4.35005e+7 
           3930      3.77709e+7 
           3950      4.32301e+7 
           3970      2.58724e+7 
           3990      4.32598e+7 
           4010       4.7009e+7 
           4030      4.68243e+7 
           4050      4.63629e+7 
           4070      4.45824e+7 
           4090      3.79702e+7 
           4110      3.00566e+7 
           4130      4.33296e+7 
           4150      4.50348e+7 
           4170      4.48076e+7 
           4190      4.42713e+7 
           4210      4.42194e+7 
           4230       4.3156e+7 
           4250      4.33284e+7 
           4270      4.23739e+7 
           4290      4.21454e+7 
           4310      3.92911e+7 
           4330      3.29112e+7 
           4350      2.85557e+7 
           4370       4.0153e+7 
           4390      4.06755e+7 
           4410      4.00942e+7 
           4430      3.99863e+7 
           4450      4.01053e+7 
           4470      3.98661e+7 
           4490      3.96368e+7 
           4510      4.01899e+7 
           4530      3.88813e+7 
           4550      3.83183e+7 
           4570      3.91976e+7 
           4590       3.8118e+7 
           4610      3.85947e+7 
           4630      3.77331e+7 
           4650      3.78464e+7 
           4670      3.77217e+7 
           4690      3.67378e+7 
           4710      3.55755e+7 
           4730      3.66526e+7 
           4750      3.64949e+7 
           4770      3.60258e+7 
           4790      3.55992e+7 
           4810      3.50284e+7 
           4830      3.37587e+7 
           4850      2.78674e+7 
           4870      2.28085e+7 
           4890      3.20358e+7 
           4910       3.3235e+7 
           4930      3.28045e+7 
           4950      3.31505e+7 
           4970      3.32716e+7 
           4990      3.23458e+7 
           5010      3.15268e+7 
           5030      3.21222e+7 
           5050      3.16275e+7 
           5070      3.18401e+7 
           5090      3.14144e+7 
           5110      3.13004e+7 
           5130      3.07704e+7 
           5150      3.02392e+7 
           5170      2.95561e+7 
           5190      2.93288e+7 
           5210      2.93761e+7 
           5230      2.91092e+7 
           5250       2.9522e+7 
           5270      2.81196e+7 
           5290      2.88861e+7 
           5310      2.85687e+7 
           5330      2.77844e+7 
           5350      2.82562e+7 
           5370      2.78528e+7 
           5390      2.76413e+7 
           5410       2.7149e+7 
           5430      2.71653e+7 
           5450      2.71261e+7 
           5470      2.68727e+7 
           5490      2.67673e+7 
           5510       2.6577e+7 
           5530      2.62583e+7 
           5550      2.62589e+7 
           5570      2.58497e+7 
           5590      2.55686e+7 
           5610      2.54668e+7 
           5630      2.54324e+7 
           5650      2.51842e+7 
           5670      2.48709e+7 
           5690      2.47999e+7 
           5710      2.45687e+7 
           5730      2.45627e+7 
           5750      2.42691e+7 
           5770      2.41193e+7 
           5790      2.39001e+7 
           5810      2.37459e+7 
           5830      2.35877e+7 
           5850      2.33331e+7 
           5870      2.31711e+7 
           5890      2.27078e+7 
           5910      2.28143e+7 
           5930      2.26371e+7 
           5950      2.24692e+7 
           5970      2.23031e+7 
           5990      2.20882e+7 
           6010      2.18632e+7 
           6030      2.17195e+7 
           6050      2.16018e+7 
           6070       2.1473e+7 
           6090      2.12652e+7 
           6110      2.10626e+7 
           6130      2.07429e+7 
           6150      2.05226e+7 
           6170      2.03848e+7 
           6190      2.04607e+7 
           6210      2.03213e+7 
           6230      2.00804e+7 
           6250      1.97072e+7 
           6270      1.98634e+7 
           6290      1.97173e+7 
           6310        1.946e+7 
           6330      1.93617e+7 
           6350      1.91549e+7 
           6370      1.90246e+7 
           6390      1.89435e+7 
           6410      1.86879e+7 
           6430      1.86147e+7 
           6450      1.83274e+7 
           6470      1.82691e+7 
           6490      1.79868e+7 
           6510      1.78729e+7 
           6530      1.74437e+7 
           6550       1.5582e+7 
           6570      1.26683e+7 
           6590      1.66218e+7 
           6610      1.71767e+7 
           6630      1.72215e+7 
           6650       1.7147e+7 
           6670      1.70206e+7 
           6690      1.69611e+7 
           6710      1.68291e+7 
           6730      1.67176e+7 
           6750      1.65484e+7 
           6770      1.64862e+7 
           6790      1.63598e+7 
           6810      1.62394e+7 
           6830      1.61081e+7 
           6850      1.59845e+7 
           6870      1.58932e+7 
           6890      1.57828e+7 
           6910      1.56647e+7 
           6930      1.55486e+7 
           6950      1.54405e+7 
           6970      1.53256e+7 
           6990      1.52249e+7 
           7010      1.50546e+7 
           7030       1.4979e+7 
           7050      1.48941e+7 
           7070      1.47896e+7 
           7090      1.46846e+7 
           7110      1.44269e+7 
           7130      1.44291e+7 
           7150      1.43367e+7 
           7170      1.42356e+7 
           7190      1.41121e+7 
           7210      1.40331e+7 
           7230       1.3939e+7 
           7250      1.38422e+7 
           7270      1.37718e+7 
           7290      1.36255e+7 
           7310      1.35503e+7 
           7330      1.34547e+7 
           7350      1.33921e+7 
           7370       1.3307e+7 
           7390      1.31764e+7 
           7410      1.30395e+7 
           7430      1.29626e+7 
           7450      1.28931e+7 
           7470      1.27762e+7 
           7490       1.2696e+7 
           7510      1.26392e+7 
           7530      1.25701e+7 
           7550      1.25069e+7 
           7570      1.24074e+7 
           7590       1.2329e+7 
           7610      1.22435e+7 
           7630      1.21632e+7 
           7650      1.20694e+7 
           7670       1.1947e+7 
           7690      1.18958e+7 
           7710      1.17999e+7 
           7730      1.17541e+7 
           7750      1.16558e+7 
           7770      1.14199e+7 
           7790       1.1529e+7 
           7810      1.14453e+7 
           7830      1.13402e+7 
           7850      1.12507e+7 
           7870      1.11839e+7 
           7890      1.11036e+7 
           7910      1.10355e+7 
           7930      1.09314e+7 
           7950      1.08657e+7 
           7970      1.08528e+7 
           7990      1.07436e+7 
           8010      1.06912e+7 
           8030      1.06158e+7 
           8050      1.05521e+7 
           8070      1.04877e+7 
           8090      1.04083e+7 
           8110       1.0361e+7 
           8130      1.02987e+7 
           8150      1.02289e+7 
           8170      1.01626e+7 
           8190      9.99673e+6 
           8210      9.98441e+6 
           8230      9.90814e+6 
           8250      9.85187e+6 
           8270      9.85879e+6 
           8290       9.7932e+6 
           8310       9.7172e+6 
           8330      9.57993e+6 
           8350      9.59786e+6 
           8370      9.53322e+6 
           8390       9.4327e+6 
           8410      9.38362e+6 
           8430      9.32325e+6 
           8450      9.18843e+6 
           8470      9.05634e+6 
           8490      9.21703e+6 
           8510      8.68685e+6 
           8530       9.1696e+6 
           8550      8.13319e+6 
           8570      9.19859e+6 
           8590      8.68355e+6 
           8610      8.45777e+6 
           8630      9.16726e+6 
           8650      8.90387e+6 
           8670      7.49313e+6 
           8690      8.88795e+6 
           8710      9.13767e+6 
           8730      8.88378e+6 
           8750      7.38871e+6 
           8770      8.57712e+6 
           8790      8.99599e+6 
           8810      8.97462e+6 
           8830       8.7987e+6 
           8850      8.17456e+6 
           8870      7.11497e+6 
           8890      8.51875e+6 
           8910      8.72066e+6 
           8930      8.71991e+6 
           8950      8.73179e+6 
           8970      8.61001e+6 
           8990      8.32704e+6 
           9010      6.94616e+6 
           9030      7.55948e+6 
           9050      8.28138e+6 
           9070      8.25221e+6 
           9090      8.16443e+6 
           9110      8.28932e+6 
           9130      8.30863e+6 
           9150      8.26198e+6 
           9170         8.17e+6 
           9190      8.01627e+6 
           9210      7.57644e+6 
           9230      6.21877e+6 
           9250      7.34548e+6 
           9270      7.70314e+6 
           9290       7.8778e+6 
           9310      7.87483e+6 
           9330      7.83765e+6 
           9350      7.80243e+6 
           9370      7.76271e+6 
           9390      7.70233e+6 
           9410      7.48966e+6 
           9430      7.57615e+6 
           9450      7.54029e+6 
           9470      7.50093e+6 
           9490      7.42124e+6 
           9510      7.26091e+6 
           9530      6.82481e+6 
           9550      5.69624e+6 
           9570       6.8374e+6 
           9590      7.11734e+6 
           9610      7.12244e+6 
           9630      7.07702e+6 
           9650      7.10802e+6 
           9670      7.02063e+6 
           9690      7.02216e+6 
           9710      7.02803e+6 
           9730      6.98444e+6 
           9750      6.91738e+6 
           9770      6.90488e+6 
           9790      6.86333e+6 
           9810      6.82558e+6 
           9830      6.78262e+6 
           9850      6.72482e+6 
           9870        6.686e+6 
           9890        6.622e+6 
           9910       6.5999e+6 
           9930      6.56114e+6 
           9950      6.52258e+6 
           9970      6.47863e+6 
           9990      6.41046e+6 
          10025      5.95978e+6 
          10075       5.6885e+6 
          10125      6.15135e+6 
          10175      6.11942e+6 
          10225      6.05539e+6 
          10275      5.97732e+6 
          10325      5.87683e+6 
          10375      5.80422e+6 
          10425      5.72544e+6 
          10475      5.60018e+6 
          10525      5.55425e+6 
          10575      5.47793e+6 
          10625      5.39848e+6 
          10675       5.2485e+6 
          10725      5.22817e+6 
          10775      5.16647e+6 
          10825      5.07609e+6 
          10875      4.96612e+6 
          10925      4.33716e+6 
          10975      4.65587e+6 
          11025      4.81982e+6 
          11075      4.78838e+6 
          11125      4.72536e+6 
          11175      4.66384e+6 
          11225      4.60985e+6 
          11275      4.50087e+6 
          11325      4.44361e+6 
          11375       4.4151e+6 
          11425      4.34162e+6 
          11475      4.31704e+6 
          11525       4.2632e+6 
          11575       4.2048e+6 
          11625      4.11603e+6 
          11675      4.04519e+6 
          11725      4.04831e+6 
          11775      3.93601e+6 
          11825      3.91466e+6 
          11875      3.84865e+6 
          11925      3.84981e+6 
          11975      3.76572e+6 
          12025      3.73916e+6 
          12075      3.68475e+6 
          12125      3.64443e+6 
          12175      3.61097e+6 
          12225       3.5636e+6 
          12275       3.5124e+6 
          12325      3.47352e+6 
          12375      3.43346e+6 
          12425      3.39587e+6 
          12475      3.35129e+6 
          12525      3.30704e+6 
          12575      3.25389e+6 
          12625      3.22013e+6 
          12675      3.18422e+6 
          12725      3.13436e+6 
          12775      3.01753e+6 
          12825      2.61956e+6 
          12875      2.96674e+6 
          12925      2.98713e+6 
          12975      2.96438e+6 
          13025      2.93478e+6 
          13075      2.90246e+6 
          13125      2.86376e+6 
          13175      2.82492e+6 
          13225      2.80102e+6 
          13275      2.76649e+6 
          13325       2.7358e+6 
          13375      2.70317e+6 
          13425      2.67241e+6 
          13475      2.64141e+6 
          13525      2.60647e+6 
          13575      2.57463e+6 
          13625      2.55049e+6 
          13675      2.51938e+6 
          13725      2.47386e+6 
          13775      2.45772e+6 
          13825      2.43052e+6 
          13875      2.40931e+6 
          13925      2.37592e+6 
          13975      2.35181e+6 
          14025      2.32492e+6 
          14075      2.30139e+6 
          14125      2.27191e+6 
          14175      2.24897e+6 
          14225      2.22016e+6 
          14275      2.19336e+6 
          14325      2.17367e+6 
          14375      2.15146e+6 
          14425      2.09312e+6 
          14475      2.10206e+6 
          14525      2.06226e+6 
          14570      2.05575e+6 
          14620      2.02973e+6 
          14675      2.01122e+6 
          14725      1.98559e+6 
          14775      1.95889e+6 
          14825      1.94193e+6 
          14875      1.91238e+6 
          14925      1.90821e+6 
          14975      1.88407e+6 
          15025      1.85503e+6 
          15075      1.83578e+6 
          15125      1.82432e+6 
          15175      1.80463e+6 
          15225      1.78483e+6 
          15275      1.76074e+6 
          15325      1.74012e+6 
          15375      1.72802e+6 
          15425      1.68739e+6 
          15475      1.68909e+6 
          15525      1.67338e+6 
          15575      1.61917e+6 
          15625      1.65558e+6 
          15675      1.60318e+6 
          15725      1.55293e+6 
          15775      1.59942e+6 
          15825      1.58647e+6 
          15875      1.44723e+6 
          15925      1.53437e+6 
          15975      1.55283e+6 
          16050      1.50398e+6 
          16150       1.4115e+6 
          16250      1.48088e+6 
          16350      1.40706e+6 
          16450       1.3132e+6 
          16550      1.39275e+6 
          16650      1.36533e+6 
          16750      1.28731e+6 
          16850      1.19921e+6 
          16950      1.27901e+6 
          17050      1.25388e+6 
          17150       1.2291e+6 
          17250      1.18975e+6 
          17350      1.05387e+6 
          17450       1.1264e+6 
          17550      1.12534e+6 
          17650      1.10385e+6 
          17750      1.08424e+6 
          17850      1.06148e+6 
          17950      1.04175e+6 
          18050      1.01167e+6 
          18150          905361 
          18250          950324 
          18350          956755 
          18450          940071 
          18550          919278 
          18650          894551 
          18750          795418 
          18850          855569 
          18950          845703 
          19050          837491 
          19150          821042 
          19250          803537 
          19350          779766 
          19450          696973 
          19550          750941 
          19650          745230 
          19750          731002 
          19850          719169 
          19950          705930 
          20050          693339 
          20150          680943 
          20250          668025 
          20350          655226 
          20450          644617 
          20550          632934 
          20650          620687 
          20750          610135 
          20850          599531 
          20950          588526 
          21050          578321 
          21150          567291 
          21250          557341 
          21350          547976 
          21450          538622 
          21550          524922 
          21650          472374 
          21750          503510 
          21850          501817 
          21950          495275 
          22050          486021 
          22150          477686 
          22250          470809 
          22350          462969 
          22450          455334 
          22550          446622 
          22650          440182 
          22750          433110 
          22850          426053 
          22950          419035 
          23050          412799 
          23150          406069 
          23250          399803 
          23350          393346 
          23450          387278 
          23550          381186 
          23650          375259 
          23750          369173 
          23850          363408 
          23950          357853 
          24050          352181 
          24150          346596 
          24250          341560 
          24350          335887 
          24450          330662 
          24550          325841 
          24650          320580 
          24750          315669 
          24850          311481 
          24950          304017 
          25050          303015 
          25150          298556 
          25250          289147 
          25350          289520 
          25450          286185 
          25550          280781 
          25650          269468 
          25750          273180 
          25850          269678 
          25950          266233 
          26050          259480 
          26150          246552 
          26250          233136 
          26350          247913 
          26450          247728 
          26550          244449 
          26650          239059 
          26750          223618 
          26850          232872 
          26950          231681 
          27050          228931 
          27150          225934 
          27250          222808 
          27350          219429 
          27450          215283 
          27550          200262 
          27650          205143 
          27750          207136 
          27850          205093 
          27950          202422 
          28050          199688 
          28150          197003 
          28250          194369 
          28350          191800 
          28450          189058 
          28550          186072 
          28650          180590 
          28750          168607 
          28850          177873 
          28950          176795 
          29050          174798 
          29150          172359 
          29250          170227 
          29350          168107 
          29450          165921 
          29550          163820 
          29650          161727 
          29750          159659 
          29850          157639 
          29950          155601 
          30050          153629 
          30150          151575 
          30250          148940 
          30350          139253 
          30450          140900 
          30550          143632 
          30650          142423 
          30750          140738 
          30850          138873 
          30950          137234 
          31050          135542 
          31150          133671 
          31250          132243 
          31350          130653 
          31450          129046 
          31550          127548 
          31650          126089 
          31750          124478 
          31850          123085 
          31950          121621 
          32100          119438 
          32300          116664 
          32500          113938 
          32700          111160 
          32900          103749 
          33100          104834 
          33300          103460 
          33500          101248 
          33700         98862.3 
          33900         96686.4 
          34100         94557.5 
          34300         92532.7 
          34500         90567.3 
          34700         88571.9 
          34900         86656.5 
          35100         84788.2 
          35300         82953.2 
          35500         81175.4 
          35700         79411.1 
          35900         77786.3 
          36100         76076.8 
          36300         74577.6 
          36500         72871.8 
          36700         71506.2 
          36900         69709.5 
          37100         68489.1 
          37300         65828.7 
          37500         63654.9 
          37700         64439.2 
          37900         63244.2 
          38100         61619.3 
          38300         60494.5 
          38500         59600.8 
          38700         58382.8 
          38900         57161.4 
          39100         55333.9 
          39300           55050 
          39500         54093.1 
          39700         53076.2 
          39900         51937.2 
          40100         50446.1 
          40300         49220.5 
          40500         47286.3 
          40700         48041.7 
          40900         47282.4 
          41100         46446.5 
          41300         45584.6 
          41500         44616.9 
          41700         42567.2 
          41900         42960.3 
          42100         42274.6 
          42300         41564.1 
          42500         40808.9 
          42700         40080.5 
          42900         39361.6 
          43100         38658.5 
          43300         37966.6 
          43500         37261.8 
          43700         35524.8 
          43900           35675 
          44100         35348.2 
          44300         34755.2 
          44500         34154.5 
          44700         33598.6 
          44900         32989.8 
          45100         32431.2 
          45300         31881.1 
          45500         31341.2 
          45700         30807.9 
          45900         30282.3 
          46100         29775.6 
          46300         29223.7 
          46500         27671.3 
          46700         27248.3 
          46900         27727.1 
          47100         27393.7 
          47300         26963.8 
          47500         26523.5 
          47700           26131 
          47900         25724.4 
          48100         25305.8 
          48300         24906.1 
          48500         24504.1 
          48700         24120.6 
          48900         23734.6 
          49100         23363.5 
          49300         22985.2 
          49500         22639.9 
          49700         22262.9 
          49900         21947.1 
          50100         21599.6 
          50300         21239.1 
          50500         20951.5 
          50700         20623.9 
          50900         20255.7 
          51100         19899.7 
          51300         18961.8 
          51500         19331.9 
          51700         19055.8 
          51900         18830.9 
          52100         18557.5 
          52300           18285 
          52500         17987.4 
          52700         17685.6 
          52900         17491.6 
          53100         17237.1 
          53300           16986 
          53500         16739.5 
          53700         16432.1 
          53900         16201.5 
          54100         16029.1 
          54300         15797.6 
          54500         15575.3 
          54700         15350.8 
          54900         15136.7 
          55100         14889.2 
          55300         14598.2 
          55500         14504.2 
          55700         14306.7 
          55900         14103.2 
          56100         13914.3 
          56300         13721.7 
          56500           13535 
          56700         13349.5 
          56900         13149.9 
          57100         12823.4 
          57300         12786.8 
          57500         12639.9 
          57700         12468.7 
          57900         12301.8 
          58100           12138 
          58300         11976.2 
          58500         11829.5 
          58700         11658.3 
          58900         11452.2 
          59100         10943.4 
          59300         11163.2 
          59500         10872.3 
          59700         10842.9 
          59900         10773.7 
          60100         10644.8 
          60300           10509 
          60500         10374.8 
          60700         10241.1 
          60900         10108.6 
          61100          9977.3 
          61300         9854.84 
          61500          9730.3 
          61700         9607.75 
          61900         9486.48 
          62100         9368.12 
          62300         9247.49 
          62500         9134.89 
          62700         8990.09 
          62900         8681.24 
          63100         8755.35 
          63300          8689.3 
          63500         8585.49 
          63700          8480.8 
          63900          8377.4 
          64200          8226.1 
          64600         8027.84 
          65000         7835.92 
          65400         7651.12 
          65800         7470.14 
          66200         7295.03 
          66600         7125.11 
          67000         6959.98 
          67400         6785.98 
          67800         6531.34 
          68200         6488.89 
          68600         6345.38 
          69000         6201.84 
          69400         6061.26 
          69800         5928.34 
          70200         5796.85 
          70600         5669.23 
          71000          5542.2 
          71400         5424.65 
          71800         5307.02 
          72200         5191.21 
          72600         5073.27 
          73000         4973.14 
          73400         4867.55 
          73800         4765.05 
          74200         4660.66 
          74600         4470.69 
          75000         4333.38 
          75400         4367.23 
          75800         4290.45 
          76200         4203.03 
          76600         4117.56 
          77000         4034.31 
          77400         3953.03 
          77800         3855.21 
          78200         3796.84 
          78600         3721.65 
          79000          3648.2 
          79400         3576.58 
          79800         3506.55 
          80200         3438.29 
          80600         3371.71 
          81000         3307.04 
          81400         3224.75 
          81800         3175.25 
          82200         3121.35 
          82600         3062.38 
          83000         3004.76 
          83400         2948.06 
          83800          2892.9 
          84200          2839.6 
          84600         2787.44 
          85000         2736.29 
          85400         2686.18 
          85800         2637.19 
          86200          2589.2 
          86600          2515.7 
          87000         2494.66 
          87400          2427.3 
          87800         2384.46 
          88200         2365.88 
          88600         2324.08 
          89000         2283.31 
          89400          2243.5 
          89800         2204.26 
          90200          2166.1 
          90600         2128.79 
          91000         2092.06 
          91400         2056.24 
          91800         2021.28 
          92200         1986.99 
          92600         1953.25 
          93000         1920.55 
          93400         1888.32 
          93800          1832.6 
          94200         1820.98 
          94600         1795.72 
          95000         1765.94 
          95400          1736.3 
          95800         1708.69 
          96200          1680.8 
          96600         1653.62 
          97000         1626.92 
          97400          1600.6 
          97800         1575.05 
          98200         1549.58 
          98600         1523.47 
          99000         1501.12 
          99400         1477.43 
          99800         1454.19 
         100200         1431.42 
         200000         92.3912 
         400000         5.78516 
         600000         1.13605 
         800000          0.3572 
         1.0e+6        0.145456 
         1.2e+6       0.0697815 
         1.4e+6       0.0374905 
         1.6e+6       0.0218842 
