# Kurucz ODFNEW /NOVER models
# teff = 7500 K (value for the effective temperature for the model. Temperatures are given in K)
# logg = 0.50 log(cm/s2) (value for Log(G) for the model.)
# meta = -0.5  (value for the Metallicity for the model.)
# lh = 1.25  (l/Hp where l is the  mixing length of the convective element and Hp is the pressure scale height)
# vtur = 2.0 km/s (Microturbulence velocity)
#
# column 1: WAVELENGTH (ANGSTROM), Wavelength in Angstrom
# column 2: FLUX (ERG/CM2/S/A), Flux in erg/cm2/s/A
              0               0 
           90.9               0 
           93.5               0 
           96.1               0 
           97.7               0 
           99.6               0 
            102               0 
          103.8               0 
          105.6               0 
          107.7               0 
          110.4               0 
            114               0 
          117.8               0 
          121.3               0 
          124.8               0 
          127.1               0 
          128.4               0 
          130.5               0 
          132.4               0 
          133.9               0 
          136.6               0 
          139.8               0 
          143.3               0 
          147.2               0 
            151               0 
          155.2               0 
          158.8               0 
            162               0 
            166               0 
          170.3               0 
          173.4               0 
          176.8               0 
          180.2               0 
          181.7               0 
          186.1               0 
            191               0 
          193.9               0 
          198.4               0 
          201.8               0 
            205               0 
          210.5               0 
          216.2               0 
          219.8               0 
            223               0 
          226.8               0 
            230               0 
            234               0 
            240               0 
          246.5               0 
          252.4               0 
          256.8               0 
            260               0 
            264               0 
          268.5               0 
          273.5               0 
          278.5               0 
            284               0 
            290               0 
            296               0 
            301               0 
            308               0 
            318               0 
            328               0 
            338               0 
            348               0 
            357               0 
            366               0 
            375               0 
            385               0 
            395     4.99787e-23 
            405     3.87053e-22 
            414     2.10624e-21 
            422     8.88876e-21 
            430     3.54765e-20 
            441     2.18564e-19 
            451     1.05395e-18 
            460     4.08758e-18 
            470     1.73033e-17 
            480     6.88171e-17 
            490     2.58157e-16 
            500      9.1669e-16 
            506     1.82071e-15 
            512     3.85764e-15 
            520     9.92931e-15 
            530     3.04631e-14 
            540     8.95057e-14 
            550     2.52441e-13 
            560     6.85023e-13 
            570     1.79205e-12 
            580     4.45749e-12 
            590     1.10725e-11 
            600     2.62403e-11 
            610     6.03731e-11 
            620     1.35041e-10 
            630     2.94057e-10 
            640     6.24153e-10 
            650      1.29292e-9 
            658      2.27675e-9 
            665       3.6917e-9 
            675         7.23e-9 
            685      1.38697e-8 
            695      2.60843e-8 
            705      4.81365e-8 
            716      9.24896e-8 
            726      1.64451e-7 
            735      2.72158e-7 
            745      4.69181e-7 
            755      7.96519e-7 
            765       1.3326e-6 
            775      2.16325e-6 
            785      1.75366e-7 
            795      2.67164e-7 
            805      4.05202e-7 
            815      6.06363e-7 
            825      8.96625e-7 
            835      1.31192e-6 
            845       1.9002e-6 
            855      2.72504e-6 
            865      3.87125e-6 
            875      5.44312e-6 
            885      7.60268e-6 
            895       1.0518e-5 
            905      1.43986e-5 
            915        0.021534 
            925       0.0713062 
            935       0.0902067 
            945        0.124221 
            955         0.17976 
            965        0.233901 
            975         0.28084 
            985        0.385305 
            995        0.469226 
           1005        0.644602 
           1015        0.801345 
           1025         0.98322 
           1035         1.27769 
           1045         1.63329 
           1055         2.03657 
           1065         2.44165 
           1075         3.06916 
           1085         3.76593 
           1095         4.46253 
           1105         13.8804 
           1115         44.3237 
           1125         63.0601 
           1135         81.7228 
           1145          94.333 
           1155         95.0987 
           1165         110.749 
           1175         106.886 
           1185         151.602 
           1195         34.9156 
           1205         24.3088 
           1215         6.39808 
           1225         29.0514 
           1235         78.8076 
           1245         184.998 
           1255         376.198 
           1265         463.125 
           1275         830.341 
           1285         1347.67 
           1295         1855.34 
           1305         1617.48 
           1315         2945.48 
           1325         4036.98 
           1335         4531.81 
           1345         6909.56 
           1355         7977.72 
           1365         9375.47 
           1375           11725 
           1385           14533 
           1395         18597.8 
           1405         24088.3 
           1415         25788.6 
           1425         35681.9 
           1435         36536.6 
           1442         46433.7 
           1447         58250.9 
           1455         83835.2 
           1465         92357.7 
           1475          104770 
           1485          131097 
           1495          163312 
           1505          187132 
           1512          173852 
           1517          207708 
           1525          232327 
           1535          751277 
           1545      1.80646e+6 
           1555      1.53006e+6 
           1565      1.21178e+6 
           1575      1.90277e+6 
           1585      2.26648e+6 
           1595      3.12324e+6 
           1605      2.57011e+6 
           1615      2.30698e+6 
           1625      1.96538e+6 
           1635      2.21608e+6 
           1645      2.81515e+6 
           1655      1.70318e+6 
           1665      2.55631e+6 
           1672          640078 
           1677      2.95093e+6 
           1685      4.01779e+6 
           1695      4.03976e+6 
           1705      3.38058e+6 
           1715      4.08224e+6 
           1725      4.34522e+6 
           1735      5.19474e+6 
           1745      4.66771e+6 
           1755      5.94422e+6 
           1765      4.81611e+6 
           1775      5.88669e+6 
           1785      5.22394e+6 
           1795      7.16951e+6 
           1805      6.25403e+6 
           1815      6.83605e+6 
           1825       6.0529e+6 
           1835      5.66356e+6 
           1845      5.32353e+6 
           1855      5.88672e+6 
           1865      6.22366e+6 
           1875      6.30458e+6 
           1885      6.49965e+6 
           1895      6.92796e+6 
           1905      6.30221e+6 
           1915      6.82235e+6 
           1925      7.17008e+6 
           1935      6.02934e+6 
           1945      7.59581e+6 
           1955      7.70083e+6 
           1967      8.21407e+6 
           1976      8.08894e+6 
           1984      7.84392e+6 
           1995      7.63727e+6 
           2005      7.35679e+6 
           2015      6.83449e+6 
           2025      6.60695e+6 
           2035      7.46315e+6 
           2045      8.19423e+6 
           2055      7.26775e+6 
           2065      6.96331e+6 
           2074      8.64431e+6 
           2078      8.97486e+6 
           2085      8.60803e+6 
           2095      8.20046e+6 
           2105      7.68548e+6 
           2115      7.74865e+6 
           2125      8.02946e+6 
           2135      6.09862e+6 
           2145      7.43695e+6 
           2155      7.77071e+6 
           2165      7.05843e+6 
           2175      7.07498e+6 
           2185      7.29272e+6 
           2195      8.11475e+6 
           2205      7.72379e+6 
           2215      6.58248e+6 
           2225      6.35704e+6 
           2235         7.94e+6 
           2245      7.00798e+6 
           2255      6.28191e+6 
           2265      6.36969e+6 
           2275      7.28765e+6 
           2285      7.66201e+6 
           2295      7.04054e+6 
           2305      7.25093e+6 
           2315      6.84327e+6 
           2325      6.54069e+6 
           2335       4.8814e+6 
           2345      3.92203e+6 
           2355      6.19347e+6 
           2365       3.9381e+6 
           2375      5.29574e+6 
           2385      3.14671e+6 
           2395      4.20222e+6 
           2405      3.94575e+6 
           2415      4.85442e+6 
           2425      6.96301e+6 
           2435      6.75408e+6 
           2445      7.26484e+6 
           2455       7.0939e+6 
           2465      6.88455e+6 
           2475      6.55106e+6 
           2485      6.93096e+6 
           2495      6.68609e+6 
           2505      8.18299e+6 
           2513      6.54594e+6 
           2518      7.14208e+6 
           2525      6.09565e+6 
           2535      5.93274e+6 
           2545      6.03977e+6 
           2555      6.82822e+6 
           2565      6.26773e+6 
           2575      7.10835e+6 
           2585      6.56803e+6 
           2595      6.00394e+6 
           2605      5.33942e+6 
           2615       5.0435e+6 
           2625      6.33548e+6 
           2635      7.23267e+6 
           2645       9.8221e+6 
           2655       9.7461e+6 
           2665      8.29607e+6 
           2675      8.93229e+6 
           2685      8.73367e+6 
           2695      8.39872e+6 
           2705      8.73937e+6 
           2715      7.78531e+6 
           2725      7.94795e+6 
           2735       8.6721e+6 
           2745       5.6072e+6 
           2755      6.48529e+6 
           2765      7.20917e+6 
           2775      8.56477e+6 
           2785      7.50863e+6 
           2795      3.08259e+6 
           2805      3.97741e+6 
           2815      8.53419e+6 
           2825      9.71726e+6 
           2835      9.23307e+6 
           2845      8.92719e+6 
           2855       8.3092e+6 
           2865      9.50336e+6 
           2875      9.11423e+6 
           2885      9.41597e+6 
           2895       8.8678e+6 
           2910      1.05232e+7 
           2930      1.00597e+7 
           2950      1.00117e+7 
           2970      1.05713e+7 
           2990      1.07995e+7 
           3010        1.117e+7 
           3030      1.10837e+7 
           3050      1.10154e+7 
           3070       1.1015e+7 
           3090      1.14916e+7 
           3110      1.10619e+7 
           3130      1.10052e+7 
           3150      1.15477e+7 
           3170      1.15528e+7 
           3190      1.08823e+7 
           3210      1.14345e+7 
           3230      1.10969e+7 
           3250      1.15264e+7 
           3270      1.16367e+7 
           3290      1.18844e+7 
           3310      1.21367e+7 
           3330      1.18582e+7 
           3350      1.16925e+7 
           3370      1.16812e+7 
           3390      1.18276e+7 
           3410      1.22404e+7 
           3430      1.24131e+7 
           3450      1.23561e+7 
           3470       1.2153e+7 
           3490      1.20494e+7 
           3510      1.24913e+7 
           3530      1.26967e+7 
           3550      1.28873e+7 
           3570      1.24743e+7 
           3590      1.25094e+7 
           3610      1.26041e+7 
           3630      1.27587e+7 
           3640      1.25499e+7 
           3650       1.3001e+7 
           3670      1.30731e+7 
           3690      1.49313e+7 
           3710      2.14322e+7 
           3730      3.69773e+7 
           3750      4.65848e+7 
           3770      4.66138e+7 
           3790      5.10328e+7 
           3810      5.49364e+7 
           3830      4.65698e+7 
           3850      5.50818e+7 
           3870      5.56106e+7 
           3890      4.69766e+7 
           3910      5.37837e+7 
           3930      4.34004e+7 
           3950      5.38373e+7 
           3970      4.08212e+7 
           3990      5.42304e+7 
           4010      5.37165e+7 
           4030      5.29712e+7 
           4050      5.27617e+7 
           4070      5.19783e+7 
           4090      5.22619e+7 
           4110      4.39664e+7 
           4130      5.10292e+7 
           4150      5.13697e+7 
           4170      4.97038e+7 
           4190      4.97305e+7 
           4210      4.93524e+7 
           4230      4.87879e+7 
           4250      4.83799e+7 
           4270      4.76922e+7 
           4290       4.7521e+7 
           4310      4.55801e+7 
           4330      4.46277e+7 
           4350      3.97126e+7 
           4370       4.6377e+7 
           4390      4.50912e+7 
           4410      4.41717e+7 
           4430      4.50447e+7 
           4450      4.46502e+7 
           4470      4.42365e+7 
           4490      4.37424e+7 
           4510      4.39034e+7 
           4530       4.2808e+7 
           4550      4.17155e+7 
           4570      4.27456e+7 
           4590      4.14871e+7 
           4610      4.25939e+7 
           4630      4.12424e+7 
           4650      4.16882e+7 
           4670      4.11747e+7 
           4690      4.07712e+7 
           4710      3.95681e+7 
           4730      4.02327e+7 
           4750      4.01851e+7 
           4770       3.9569e+7 
           4790      3.92015e+7 
           4810      3.87916e+7 
           4830      3.82787e+7 
           4850      3.61076e+7 
           4870      3.01582e+7 
           4890      3.71545e+7 
           4910      3.70385e+7 
           4930      3.62317e+7 
           4950      3.63993e+7 
           4970      3.63555e+7 
           4990      3.55791e+7 
           5010      3.45901e+7 
           5030      3.48856e+7 
           5050      3.45658e+7 
           5070      3.45016e+7 
           5090      3.41772e+7 
           5110      3.38352e+7 
           5130      3.32098e+7 
           5150      3.28345e+7 
           5170      3.20637e+7 
           5190      3.17567e+7 
           5210      3.18742e+7 
           5230      3.12468e+7 
           5250      3.15148e+7 
           5270      3.04703e+7 
           5290      3.09686e+7 
           5310      3.02736e+7 
           5330      2.99592e+7 
           5350       3.0345e+7 
           5370       2.9866e+7 
           5390      2.95787e+7 
           5410      2.91995e+7 
           5430      2.88672e+7 
           5450      2.89386e+7 
           5470      2.86644e+7 
           5490      2.84784e+7 
           5510      2.81306e+7 
           5530      2.77723e+7 
           5550      2.78036e+7 
           5570      2.74877e+7 
           5590      2.72601e+7 
           5610      2.70564e+7 
           5630      2.68289e+7 
           5650      2.64257e+7 
           5670       2.6222e+7 
           5690      2.61195e+7 
           5710       2.5901e+7 
           5730      2.56987e+7 
           5750      2.54507e+7 
           5770      2.52384e+7 
           5790      2.49857e+7 
           5810      2.47749e+7 
           5830      2.45409e+7 
           5850      2.43514e+7 
           5870      2.41245e+7 
           5890       2.3658e+7 
           5910      2.37031e+7 
           5930      2.34931e+7 
           5950      2.32513e+7 
           5970      2.30905e+7 
           5990      2.28096e+7 
           6010      2.26559e+7 
           6030       2.2482e+7 
           6050       2.2274e+7 
           6070      2.21039e+7 
           6090      2.18838e+7 
           6110      2.16772e+7 
           6130      2.14688e+7 
           6150      2.10325e+7 
           6170      2.11042e+7 
           6190        2.097e+7 
           6210      2.08059e+7 
           6230      2.05745e+7 
           6250      2.01074e+7 
           6270      2.02831e+7 
           6290       2.0102e+7 
           6310      1.98347e+7 
           6330      1.97415e+7 
           6350       1.9451e+7 
           6370      1.92947e+7 
           6390       1.9235e+7 
           6410      1.90033e+7 
           6430      1.88953e+7 
           6450        1.859e+7 
           6470        1.863e+7 
           6490      1.83195e+7 
           6510      1.81929e+7 
           6530      1.80348e+7 
           6550      1.68544e+7 
           6570      1.33708e+7 
           6590      1.74372e+7 
           6610      1.74707e+7 
           6630      1.74126e+7 
           6650      1.72893e+7 
           6670      1.71366e+7 
           6690      1.70074e+7 
           6710      1.68735e+7 
           6730      1.67235e+7 
           6750      1.65923e+7 
           6770      1.64755e+7 
           6790      1.63287e+7 
           6810      1.62094e+7 
           6830      1.60516e+7 
           6850      1.59371e+7 
           6870      1.58189e+7 
           6890      1.56939e+7 
           6910      1.55645e+7 
           6930      1.54372e+7 
           6950       1.5318e+7 
           6970      1.51914e+7 
           6990      1.50777e+7 
           7010      1.49143e+7 
           7030      1.48342e+7 
           7050      1.47175e+7 
           7070      1.46072e+7 
           7090      1.44965e+7 
           7110      1.42749e+7 
           7130      1.42446e+7 
           7150      1.41429e+7 
           7170      1.40385e+7 
           7190      1.39124e+7 
           7210      1.38078e+7 
           7230      1.36717e+7 
           7250      1.35992e+7 
           7270      1.35031e+7 
           7290      1.33788e+7 
           7310      1.32394e+7 
           7330      1.31701e+7 
           7350      1.30796e+7 
           7370      1.30032e+7 
           7390      1.28901e+7 
           7410      1.27747e+7 
           7430      1.26637e+7 
           7450      1.25748e+7 
           7470      1.24373e+7 
           7490      1.23763e+7 
           7510      1.22851e+7 
           7530      1.22219e+7 
           7550      1.21467e+7 
           7570      1.20419e+7 
           7590      1.19628e+7 
           7610      1.18772e+7 
           7630      1.17872e+7 
           7650      1.16793e+7 
           7670      1.15967e+7 
           7690      1.15212e+7 
           7710      1.13974e+7 
           7730      1.13569e+7 
           7750       1.1272e+7 
           7770      1.09688e+7 
           7790      1.11112e+7 
           7810       1.1029e+7 
           7830      1.09365e+7 
           7850      1.08393e+7 
           7870      1.07477e+7 
           7890      1.06522e+7 
           7910      1.06152e+7 
           7930       1.0545e+7 
           7950      1.04473e+7 
           7970      1.04074e+7 
           7990      1.02621e+7 
           8010      1.02532e+7 
           8030      1.01765e+7 
           8050      1.01091e+7 
           8070      1.00325e+7 
           8090      9.96276e+6 
           8110      9.89537e+6 
           8130      9.82909e+6 
           8150      9.75992e+6 
           8170      9.69016e+6 
           8190      9.56089e+6 
           8210      9.54791e+6 
           8230      9.48543e+6 
           8250      9.40851e+6 
           8270      9.40161e+6 
           8290       9.3097e+6 
           8310      9.19404e+6 
           8330        9.037e+6 
           8350      9.13372e+6 
           8370      8.85833e+6 
           8390      8.99812e+6 
           8410      8.97986e+6 
           8430      9.27924e+6 
           8450      9.10401e+6 
           8470      8.88093e+6 
           8490      9.67382e+6 
           8510      8.72429e+6 
           8530      9.85616e+6 
           8550      8.39653e+6 
           8570      1.00686e+7 
           8590      9.60511e+6 
           8610      9.33695e+6 
           8630      1.03109e+7 
           8650      1.01772e+7 
           8670      8.34463e+6 
           8690      9.99544e+6 
           8710      1.00842e+7 
           8730       9.9693e+6 
           8750      8.42597e+6 
           8770       9.7762e+6 
           8790      9.82831e+6 
           8810      9.72356e+6 
           8830      9.61578e+6 
           8850      9.38572e+6 
           8870      8.13391e+6 
           8890      9.45258e+6 
           8910      9.35799e+6 
           8930      9.28445e+6 
           8950      9.29429e+6 
           8970      9.22758e+6 
           8990       9.1255e+6 
           9010      7.92627e+6 
           9030      8.66739e+6 
           9050      8.96535e+6 
           9070      8.74956e+6 
           9090      8.62356e+6 
           9110      8.71964e+6 
           9130      8.71584e+6 
           9150      8.67911e+6 
           9170       8.6059e+6 
           9190      8.52343e+6 
           9210      8.37275e+6 
           9230      7.04749e+6 
           9250      8.17414e+6 
           9270       8.1411e+6 
           9290      8.26411e+6 
           9310      8.21602e+6 
           9330      8.15444e+6 
           9350      8.10666e+6 
           9370      8.05536e+6 
           9390      7.96854e+6 
           9410       7.8075e+6 
           9430      7.86676e+6 
           9450      7.83055e+6 
           9470      7.78111e+6 
           9490      7.73623e+6 
           9510      7.67664e+6 
           9530      7.54284e+6 
           9550      6.40507e+6 
           9570      7.47293e+6 
           9590      7.48027e+6 
           9610      7.39003e+6 
           9630      7.29233e+6 
           9650      7.32768e+6 
           9670      7.22245e+6 
           9690      7.22197e+6 
           9710      7.19466e+6 
           9730      7.14519e+6 
           9750      7.08697e+6 
           9770      7.05406e+6 
           9790      7.00759e+6 
           9810      6.95788e+6 
           9830      6.91052e+6 
           9850       6.8448e+6 
           9870      6.81476e+6 
           9890      6.73793e+6 
           9910      6.73073e+6 
           9930      6.67155e+6 
           9950      6.64283e+6 
           9970       6.6094e+6 
           9990       6.5656e+6 
          10025      6.35188e+6 
          10075      6.05815e+6 
          10125      6.25313e+6 
          10175      6.18202e+6 
          10225      6.09142e+6 
          10275       5.9984e+6 
          10325      5.89059e+6 
          10375      5.80983e+6 
          10425      5.72199e+6 
          10475      5.60192e+6 
          10525      5.53147e+6 
          10575      5.45571e+6 
          10625      5.36976e+6 
          10675      5.22304e+6 
          10725        5.182e+6 
          10775      5.12363e+6 
          10825       5.0462e+6 
          10875      4.97155e+6 
          10925      4.55969e+6 
          10975      4.79035e+6 
          11025      4.76808e+6 
          11075      4.69901e+6 
          11125      4.62583e+6 
          11175      4.56008e+6 
          11225      4.49503e+6 
          11275      4.38887e+6 
          11325      4.32553e+6 
          11375      4.29546e+6 
          11425      4.22848e+6 
          11475      4.17971e+6 
          11525       4.1211e+6 
          11575      4.06084e+6 
          11625      3.98334e+6 
          11675      3.90947e+6 
          11725      3.89212e+6 
          11775      3.79255e+6 
          11825      3.76054e+6 
          11875      3.70196e+6 
          11925      3.67998e+6 
          11975      3.60809e+6 
          12025      3.57476e+6 
          12075       3.5222e+6 
          12125      3.47504e+6 
          12175      3.43205e+6 
          12225      3.38412e+6 
          12275      3.33486e+6 
          12325      3.29175e+6 
          12375      3.24921e+6 
          12425      3.20772e+6 
          12475      3.16005e+6 
          12525      3.12069e+6 
          12575      3.06877e+6 
          12625       3.0315e+6 
          12675      2.99942e+6 
          12725      2.96079e+6 
          12775      2.91596e+6 
          12825      2.68575e+6 
          12875      2.84288e+6 
          12925      2.80852e+6 
          12975      2.77193e+6 
          13025      2.73714e+6 
          13075      2.70192e+6 
          13125      2.66673e+6 
          13175      2.62786e+6 
          13225      2.59941e+6 
          13275       2.5664e+6 
          13325      2.53402e+6 
          13375      2.50205e+6 
          13425      2.47007e+6 
          13475      2.43891e+6 
          13525      2.40546e+6 
          13575      2.37653e+6 
          13625      2.34857e+6 
          13675      2.31833e+6 
          13725      2.28007e+6 
          13775      2.26117e+6 
          13825        2.234e+6 
          13875      2.20854e+6 
          13925       2.1793e+6 
          13975      2.15428e+6 
          14025      2.12842e+6 
          14075      2.10305e+6 
          14125      2.07705e+6 
          14175       2.0523e+6 
          14225      2.02747e+6 
          14275      2.00331e+6 
          14325      1.97962e+6 
          14375      1.95639e+6 
          14425      1.91515e+6 
          14475      1.91003e+6 
          14525      1.87851e+6 
          14570      1.86746e+6 
          14620      1.84501e+6 
          14675      1.82596e+6 
          14725      1.80385e+6 
          14775      1.77924e+6 
          14825      1.76074e+6 
          14875      1.73463e+6 
          14925      1.71879e+6 
          14975      1.70129e+6 
          15025      1.66512e+6 
          15075      1.65476e+6 
          15125      1.63641e+6 
          15175      1.62035e+6 
          15225      1.63287e+6 
          15275      1.57596e+6 
          15325      1.56468e+6 
          15375      1.58759e+6 
          15425      1.52172e+6 
          15475       1.5633e+6 
          15525      1.55417e+6 
          15575      1.47069e+6 
          15625      1.53392e+6 
          15675      1.50124e+6 
          15725      1.43491e+6 
          15775      1.49263e+6 
          15825      1.48181e+6 
          15875       1.3722e+6 
          15925      1.45085e+6 
          15975       1.4449e+6 
          16050      1.41596e+6 
          16150      1.34327e+6 
          16250      1.36114e+6 
          16350      1.32544e+6 
          16450      1.25864e+6 
          16550      1.27483e+6 
          16650      1.24762e+6 
          16750      1.21553e+6 
          16850      1.15474e+6 
          16950      1.17045e+6 
          17050      1.14502e+6 
          17150       1.1223e+6 
          17250      1.09695e+6 
          17350      1.03478e+6 
          17450      1.05046e+6 
          17550        1.031e+6 
          17650      1.00985e+6 
          17750          990940 
          17850          970788 
          17950          952740 
          18050          931758 
          18150          883312 
          18250          893555 
          18350          879522 
          18450          862665 
          18550          845202 
          18650          829457 
          18750          778840 
          18850          796501 
          18950          781592 
          19050          768602 
          19150          754134 
          19250          739945 
          19350          725998 
          19450          687550 
          19550          699530 
          19650          686819 
          19750          673805 
          19850          662005 
          19950          650016 
          20050          638339 
          20150          626896 
          20250          615630 
          20350          604627 
          20450          594063 
          20550          583567 
          20650          573167 
          20750          563238 
          20850          553489 
          20950          543874 
          21050          534407 
          21150          524742 
          21250          515685 
          21350          507090 
          21450          498933 
          21550          490574 
          21650          465638 
          21750          473861 
          21850          466315 
          21950          458664 
          22050          450936 
          22150          443087 
          22250          436396 
          22350          429273 
          22450          422303 
          22550          415180 
          22650          408731 
          22750          402160 
          22850          396008 
          22950          389682 
          23050          383692 
          23150          377658 
          23250          371761 
          23350          365882 
          23450          360033 
          23550          354496 
          23650          348704 
          23750          343628 
          23850          338190 
          23950          332809 
          24050          327235 
          24150          321695 
          24250          320181 
          24350          311964 
          24450          306853 
          24550          306241 
          24650          299476 
          24750          295283 
          24850          294071 
          24950          282768 
          25050          285978 
          25150          281969 
          25250          270203 
          25350          274020 
          25450          270416 
          25550          266359 
          25650          254529 
          25750          259118 
          25850          255573 
          25950          252488 
          26050          248232 
          26150          236922 
          26250          232387 
          26350          238358 
          26450          235407 
          26550          232018 
          26650          228460 
          26750          217558 
          26850          222410 
          26950          219523 
          27050          216414 
          27150          213540 
          27250          210622 
          27350          207744 
          27450          204939 
          27550          195621 
          27650          198368 
          27750          196769 
          27850          194135 
          27950          191547 
          28050          189001 
          28150          186491 
          28250          184026 
          28350          181615 
          28450          179181 
          28550          176884 
          28650          174206 
          28750          166414 
          28850          170060 
          28950          167813 
          29050          165727 
          29150          163497 
          29250          161496 
          29350          159452 
          29450          157424 
          29550          155433 
          29650          153474 
          29750          151541 
          29850          149644 
          29950          147764 
          30050          145919 
          30150          144103 
          30250          142332 
          30350          136787 
          30450          137641 
          30550          137129 
          30650          135458 
          30750          133801 
          30850          132096 
          30950          130555 
          31050          128970 
          31150          127378 
          31250          125870 
          31350          124378 
          31450          122861 
          31550          121455 
          31650          120023 
          31750          118573 
          31850          117206 
          31950          115820 
          32100          113790 
          32300          111161 
          32500          108598 
          32700          106104 
          32900          101477 
          33100          100880 
          33300         98761.2 
          33500         96585.3 
          33700         94377.4 
          33900         92326.2 
          34100         90300.5 
          34300         88363.5 
          34500         86455.6 
          34700           84611 
          34900         82768.5 
          35100           81027 
          35300         79286.1 
          35500         77531.1 
          35700         75819.6 
          35900         74661.5 
          36100         72619.3 
          36300         71641.4 
          36500         69571.6 
          36700         68767.9 
          36900         66635.8 
          37100         66012.2 
          37300         64282.7 
          37500           61828 
          37700         62159.9 
          37900         60957.4 
          38100         59158.9 
          38300         58316.8 
          38500         57465.7 
          38700         56322.6 
          38900         55266.7 
          39100         53310.6 
          39300         53244.9 
          39500         52219.3 
          39700         51230.9 
          39900         50224.2 
          40100         49033.2 
          40300         47728.8 
          40500         46585.6 
          40700           46577 
          40900         45701.6 
          41100         44869.6 
          41300         44043.1 
          41500         43230.1 
          41700           41664 
          41900         41666.4 
          42100         40907.9 
          42300         40185.1 
          42500         39465.6 
          42700         38762.3 
          42900         38071.8 
          43100         37399.1 
          43300         36740.8 
          43500         36097.1 
          43700         34864.1 
          43900           34805 
          44100         34244.1 
          44300         33655.3 
          44500         33077.6 
          44700         32576.9 
          44900         31956.4 
          45100           31420 
          45300         30889.7 
          45500         30373.2 
          45700         29864.4 
          45900         29365.1 
          46100         28882.2 
          46300         28399.5 
          46500           27410 
          46700         26963.2 
          46900         27014.6 
          47100         26593.8 
          47300           26164 
          47500         25738.7 
          47700         25324.6 
          47900         24916.6 
          48100         24519.3 
          48300         24155.1 
          48500         23738.5 
          48700           23401 
          48900         22995.7 
          49100         22677.5 
          49300         22269.1 
          49500         21991.1 
          49700         21561.3 
          49900         21320.7 
          50100         20991.7 
          50300         20563.1 
          50500         20365.1 
          50700         20056.7 
          50900         19614.4 
          51100         19446.7 
          51300         18815.8 
          51500         18875.9 
          51700           18437 
          51900         18346.9 
          52100         18093.9 
          52300         17827.7 
          52500         17533.6 
          52700         17106.4 
          52900         17059.4 
          53100         16812.2 
          53300         16568.3 
          53500         16330.1 
          53700         15960.5 
          53900         15761.9 
          54100         15640.4 
          54300         15416.8 
          54500         15198.6 
          54700         14984.4 
          54900         14775.4 
          55100         14552.9 
          55300         14144.8 
          55500         14165.4 
          55700         13967.9 
          55900         13772.9 
          56100         13586.3 
          56300         13400.8 
          56500         13217.6 
          56700         13037.8 
          56900         12861.3 
          57100         12467.5 
          57300         12513.7 
          57500         12348.2 
          57700         12182.4 
          57900         12019.7 
          58100         11860.1 
          58300         11696.9 
          58500         11545.5 
          58700         11393.7 
          58900         11237.2 
          59100         10888.3 
          59300         10947.9 
          59500         10627.1 
          59700         10645.2 
          59900         10534.3 
          60100         10399.9 
          60300         10267.1 
          60500           10136 
          60700         10006.8 
          60900          9879.6 
          61100         9753.78 
          61300         9631.58 
          61500         9510.26 
          61700         9391.12 
          61900          9273.6 
          62100         9158.39 
          62300         9043.27 
          62500         8930.52 
          62700         8818.34 
          62900         8548.01 
          63100         8597.06 
          63300         8501.54 
          63500         8393.68 
          63700         8307.07 
          63900         8192.43 
          64200         8057.46 
          64600         7859.93 
          65000         7669.86 
          65400          7499.7 
          65800         7313.02 
          66200         7143.24 
          66600         6983.13 
          67000         6824.78 
          67400         6652.63 
          67800            6448 
          68200         6349.24 
          68600          6226.6 
          69000         6086.24 
          69400         5926.48 
          69800         5818.79 
          70200         5690.57 
          70600         5565.44 
          71000         5417.34 
          71400         5325.93 
          71800         5210.99 
          72200         5097.97 
          72600         4960.04 
          73000          4883.5 
          73400         4780.91 
          73800         4676.79 
          74200         4572.52 
          74600         4428.56 
          75000         4285.08 
          75400         4294.08 
          75800         4215.44 
          76200         4130.15 
          76600         4046.51 
          77000         3965.06 
          77400          3885.1 
          77800         3771.69 
          78200         3732.36 
          78600         3658.85 
          79000         3586.93 
          79400         3516.78 
          79800         3448.06 
          80200         3381.18 
          80600         3315.97 
          81000         3252.03 
          81400         3161.34 
          81800         3124.53 
          82200         3069.28 
          82600         3012.73 
          83000         2954.29 
          83400         2900.78 
          83800         2844.24 
          84200         2794.22 
          84600         2742.91 
          85000         2690.14 
          85400         2643.72 
          85800         2592.46 
          86200         2548.63 
          86600         2475.82 
          87000         2455.99 
          87400         2399.14 
          87800         2358.02 
          88200         2329.47 
          88600         2283.53 
          89000          2248.3 
          89400         2209.19 
          89800         2170.81 
          90200          2132.9 
          90600         2090.88 
          91000         2060.53 
          91400         2025.26 
          91800         1990.93 
          92200         1957.21 
          92600         1915.51 
          93000         1891.89 
          93400         1860.25 
          93800         1808.93 
          94200         1796.99 
          94600         1769.24 
          95000         1737.13 
          95400         1704.92 
          95800         1683.74 
          96200         1656.37 
          96600         1629.56 
          97000          1603.3 
          97400         1577.53 
          97800         1552.32 
          98200          1526.5 
          98600         1494.22 
          99000         1479.63 
          99400         1456.31 
          99800         1433.42 
         100200         1411.01 
         200000         91.3402 
         400000         5.72064 
         600000         1.12307 
         800000        0.353039 
         1.0e+6        0.143723 
         1.2e+6       0.0689313 
         1.4e+6       0.0370253 
         1.6e+6        0.021609 
