# Kurucz ODFNEW /NOVER models
# teff = 6250 K (value for the effective temperature for the model. Temperatures are given in K)
# logg = 3.00 log(cm/s2) (value for Log(G) for the model.)
# meta = -0.5  (value for the Metallicity for the model.)
# lh = 1.25  (l/Hp where l is the  mixing length of the convective element and Hp is the pressure scale height)
# vtur = 2.0 km/s (Microturbulence velocity)
#
# column 1: WAVELENGTH (ANGSTROM), Wavelength in Angstrom
# column 2: FLUX (ERG/CM2/S/A), Flux in erg/cm2/s/A
              0               0 
           90.9               0 
           93.5               0 
           96.1               0 
           97.7               0 
           99.6               0 
            102               0 
          103.8               0 
          105.6               0 
          107.7               0 
          110.4               0 
            114               0 
          117.8               0 
          121.3               0 
          124.8               0 
          127.1               0 
          128.4               0 
          130.5               0 
          132.4               0 
          133.9               0 
          136.6               0 
          139.8               0 
          143.3               0 
          147.2               0 
            151               0 
          155.2               0 
          158.8               0 
            162               0 
            166               0 
          170.3               0 
          173.4               0 
          176.8               0 
          180.2               0 
          181.7               0 
          186.1               0 
            191               0 
          193.9               0 
          198.4               0 
          201.8               0 
            205               0 
          210.5               0 
          216.2               0 
          219.8               0 
            223               0 
          226.8               0 
            230               0 
            234               0 
            240               0 
          246.5               0 
          252.4               0 
          256.8               0 
            260               0 
            264               0 
          268.5               0 
          273.5               0 
          278.5               0 
            284               0 
            290               0 
            296               0 
            301               0 
            308               0 
            318               0 
            328               0 
            338               0 
            348               0 
            357               0 
            366               0 
            375               0 
            385               0 
            395               0 
            405               0 
            414               0 
            422               0 
            430     1.10764e-24 
            441     6.86375e-24 
            451     3.31924e-23 
            460     1.28888e-22 
            470     5.45703e-22 
            480     2.16669e-21 
            490     8.10699e-21 
            500     2.86511e-20 
            506      7.9111e-20 
            512     1.81464e-19 
            520     4.55963e-19 
            530     1.39252e-18 
            540     4.00631e-18 
            550     1.11923e-17 
            560     2.98886e-17 
            570     7.68998e-17 
            580     1.88903e-16 
            590     4.58787e-16 
            600     1.06761e-15 
            610     2.41134e-15 
            620     5.29137e-15 
            630     1.13009e-14 
            640       2.353e-14 
            650     4.78067e-14 
            658     8.28674e-14 
            665     1.32461e-13 
            675     2.54287e-13 
            685     4.78082e-13 
            695     8.80943e-13 
            705      1.5903e-12 
            716        2.99e-12 
            726     5.20593e-12 
            735     8.45478e-12 
            745      1.4273e-11 
            755     2.37283e-11 
            765     3.88771e-11 
            775     6.27858e-11 
            785     1.00054e-10 
            795     1.56653e-10 
            805     2.43964e-10 
            815     3.74669e-10 
            825      5.6823e-10 
            835     8.52205e-10 
            845      1.26432e-9 
            855      1.85653e-9 
            865       2.6985e-9 
            875       3.8812e-9 
            885      5.54013e-9 
            895      7.83115e-9 
            905       1.0969e-8 
            915      4.95602e-5 
            925     0.000168766 
            935     0.000239283 
            945     0.000337716 
            955     0.000490811 
            965     0.000681632 
            975     0.000936294 
            985      0.00128392 
            995      0.00174095 
           1005      0.00239938 
           1015      0.00321354 
           1025      0.00421652 
           1035      0.00568916 
           1045      0.00750201 
           1055      0.00983235 
           1065        0.012799 
           1075       0.0166148 
           1085       0.0214452 
           1095       0.0274819 
           1105       0.0653263 
           1115        0.213512 
           1125        0.325407 
           1135        0.485688 
           1145        0.632181 
           1155        0.703658 
           1165        0.931788 
           1175         1.07628 
           1185         1.21841 
           1195        0.548941 
           1205         0.45853 
           1215        0.301465 
           1225        0.621446 
           1235          1.3999 
           1245         3.18829 
           1255         6.36483 
           1265         7.66069 
           1275         11.7951 
           1285         17.3416 
           1295         22.4211 
           1305         23.1233 
           1315         33.3021 
           1325         40.5457 
           1335         47.4913 
           1345         57.6333 
           1355         63.9223 
           1365         74.8417 
           1375         82.8671 
           1385         92.2803 
           1395         106.722 
           1405         123.627 
           1415         136.919 
           1425         151.011 
           1435         165.597 
           1442         199.112 
           1447         197.073 
           1455         225.733 
           1465         247.359 
           1475          266.77 
           1485          301.66 
           1495         364.841 
           1505         418.606 
           1512          401.77 
           1517         456.752 
           1525         548.419 
           1535         1057.62 
           1545         1293.76 
           1555         1526.58 
           1565          1469.3 
           1575         2062.99 
           1585         2351.35 
           1595            2748 
           1605         2829.84 
           1615         3139.55 
           1625         3370.66 
           1635         4253.88 
           1645         5368.02 
           1655         3662.47 
           1665         6218.95 
           1672         4352.33 
           1677         6949.82 
           1685         10513.1 
           1695         15994.8 
           1705           32410 
           1715         78633.5 
           1725          113955 
           1735          160042 
           1745          158349 
           1755          245264 
           1765          169958 
           1775          240390 
           1785          253016 
           1795          414436 
           1805          268242 
           1815          314653 
           1825          293953 
           1835          336046 
           1845          255365 
           1855          370235 
           1865          502563 
           1875          468660 
           1885          510607 
           1895          604043 
           1905          553123 
           1915          587425 
           1925          472731 
           1935          195487 
           1945          671337 
           1955          734569 
           1967          879321 
           1976          804331 
           1984          771405 
           1995          830620 
           2005          807680 
           2015          802520 
           2025          684441 
           2035          950099 
           2045      1.07605e+6 
           2055          973624 
           2065          901845 
           2074      1.10081e+6 
           2078      1.63636e+6 
           2085      1.56898e+6 
           2095      1.63463e+6 
           2105       1.7329e+6 
           2115      1.97359e+6 
           2125      1.75166e+6 
           2135      1.49552e+6 
           2145      1.96749e+6 
           2155      2.04394e+6 
           2165      1.82513e+6 
           2175      1.89376e+6 
           2185      2.14759e+6 
           2195      2.35248e+6 
           2205      2.21388e+6 
           2215      1.69713e+6 
           2225      1.80831e+6 
           2235      2.41526e+6 
           2245      2.24034e+6 
           2255      1.68991e+6 
           2265       1.6991e+6 
           2275      2.07813e+6 
           2285       2.3403e+6 
           2295      2.02498e+6 
           2305      2.36638e+6 
           2315      2.13235e+6 
           2325      2.03725e+6 
           2335      1.25314e+6 
           2345          783807 
           2355      1.74514e+6 
           2365          839644 
           2375      1.27894e+6 
           2385          548171 
           2395          807509 
           2405          788565 
           2415      1.13079e+6 
           2425      2.11799e+6 
           2435       2.1308e+6 
           2445       2.5064e+6 
           2455      2.55359e+6 
           2465      2.38449e+6 
           2475      2.09404e+6 
           2485      1.72478e+6 
           2495      1.80751e+6 
           2505      2.70602e+6 
           2513       1.6559e+6 
           2518      1.46852e+6 
           2525      1.16004e+6 
           2535      1.29518e+6 
           2545      1.57927e+6 
           2555      2.33563e+6 
           2565       1.8825e+6 
           2575      2.31437e+6 
           2585      2.01997e+6 
           2595      1.79844e+6 
           2605      1.45179e+6 
           2615      1.30705e+6 
           2625      1.92066e+6 
           2635      2.94022e+6 
           2645      4.23325e+6 
           2655      4.83991e+6 
           2665      3.50886e+6 
           2675      4.03086e+6 
           2685      4.21592e+6 
           2695      3.45679e+6 
           2705      4.01251e+6 
           2715      3.15987e+6 
           2725      3.13976e+6 
           2735      3.49108e+6 
           2745       1.7482e+6 
           2755      2.39052e+6 
           2765       2.9934e+6 
           2775      3.62389e+6 
           2785      2.27372e+6 
           2795          604157 
           2805          832796 
           2815      3.32374e+6 
           2825      4.72149e+6 
           2835      4.50399e+6 
           2845      4.20834e+6 
           2855      2.84943e+6 
           2865      4.67182e+6 
           2875      4.84677e+6 
           2885      4.66477e+6 
           2895      4.62361e+6 
           2910      5.83774e+6 
           2930       5.3998e+6 
           2950      5.30042e+6 
           2970      5.84514e+6 
           2990      5.81987e+6 
           3010      6.16316e+6 
           3030      6.10015e+6 
           3050      6.29417e+6 
           3070      6.25358e+6 
           3090      6.49605e+6 
           3110      6.36136e+6 
           3130       6.2907e+6 
           3150      6.36558e+6 
           3170      6.56707e+6 
           3190      5.98593e+6 
           3210      6.50388e+6 
           3230      5.78444e+6 
           3250       6.6547e+6 
           3270      7.21406e+6 
           3290      7.14993e+6 
           3310      7.34129e+6 
           3330      7.20785e+6 
           3350      7.12103e+6 
           3370      6.62508e+6 
           3390      7.05987e+6 
           3410      7.12859e+6 
           3430      7.35472e+6 
           3450      7.44187e+6 
           3470      7.35163e+6 
           3490      7.45659e+6 
           3510      7.71588e+6 
           3530      7.45395e+6 
           3550      8.18778e+6 
           3570      7.33337e+6 
           3590      7.29104e+6 
           3610      7.48684e+6 
           3630        7.587e+6 
           3640      7.51835e+6 
           3650      8.19234e+6 
           3670      8.02667e+6 
           3690      7.86766e+6 
           3710      8.88063e+6 
           3730      9.03368e+6 
           3750      1.04319e+7 
           3770      1.11907e+7 
           3790      1.22471e+7 
           3810      1.33726e+7 
           3830      1.10922e+7 
           3850      1.36083e+7 
           3870       1.4158e+7 
           3890      1.16815e+7 
           3910      1.37673e+7 
           3930      8.83159e+6 
           3950      1.30021e+7 
           3970      8.92722e+6 
           3990      1.44768e+7 
           4010       1.5182e+7 
           4030      1.51185e+7 
           4050      1.49245e+7 
           4070      1.47327e+7 
           4090      1.47469e+7 
           4110      1.31402e+7 
           4130      1.50708e+7 
           4150      1.54732e+7 
           4170      1.52394e+7 
           4190      1.51153e+7 
           4210      1.50447e+7 
           4230      1.46551e+7 
           4250       1.4917e+7 
           4270      1.46848e+7 
           4290      1.40679e+7 
           4310      1.29405e+7 
           4330      1.38824e+7 
           4350      1.27795e+7 
           4370      1.50508e+7 
           4390      1.45748e+7 
           4410      1.45988e+7 
           4430      1.47334e+7 
           4450      1.46476e+7 
           4470      1.47966e+7 
           4490      1.48486e+7 
           4510       1.5467e+7 
           4530      1.45718e+7 
           4550      1.46407e+7 
           4570      1.52674e+7 
           4590      1.46638e+7 
           4610      1.49917e+7 
           4630       1.4738e+7 
           4650      1.48295e+7 
           4670      1.49902e+7 
           4690      1.47394e+7 
           4710      1.42802e+7 
           4730      1.47601e+7 
           4750      1.48134e+7 
           4770      1.46787e+7 
           4790      1.45908e+7 
           4810      1.45279e+7 
           4830      1.44328e+7 
           4850      1.33576e+7 
           4870      1.16336e+7 
           4890      1.39118e+7 
           4910      1.39522e+7 
           4930      1.37065e+7 
           4950      1.39819e+7 
           4970      1.40982e+7 
           4990      1.34461e+7 
           5010      1.30524e+7 
           5030      1.35681e+7 
           5050      1.34429e+7 
           5070      1.37008e+7 
           5090      1.34057e+7 
           5110      1.34543e+7 
           5130      1.31891e+7 
           5150      1.29372e+7 
           5170      1.26973e+7 
           5190       1.2616e+7 
           5210      1.27086e+7 
           5230      1.27972e+7 
           5250      1.30076e+7 
           5270      1.21723e+7 
           5290      1.28176e+7 
           5310      1.28543e+7 
           5330      1.23074e+7 
           5350      1.27146e+7 
           5370      1.26048e+7 
           5390      1.25061e+7 
           5410      1.22676e+7 
           5430      1.23635e+7 
           5450      1.24777e+7 
           5470      1.23392e+7 
           5490      1.23065e+7 
           5510      1.22581e+7 
           5530       1.2218e+7 
           5550      1.22856e+7 
           5570      1.20491e+7 
           5590      1.19234e+7 
           5610      1.19644e+7 
           5630      1.20197e+7 
           5650      1.19123e+7 
           5670      1.17347e+7 
           5690      1.18025e+7 
           5710      1.16587e+7 
           5730      1.18769e+7 
           5750      1.16942e+7 
           5770      1.16857e+7 
           5790      1.15579e+7 
           5810      1.15688e+7 
           5830      1.15583e+7 
           5850      1.13957e+7 
           5870      1.13729e+7 
           5890      1.10862e+7 
           5910      1.12486e+7 
           5930      1.11878e+7 
           5950      1.11585e+7 
           5970       1.1104e+7 
           5990      1.10121e+7 
           6010      1.09045e+7 
           6030      1.08582e+7 
           6050      1.08884e+7 
           6070      1.08413e+7 
           6090      1.07194e+7 
           6110      1.06171e+7 
           6130      1.04076e+7 
           6150      1.03738e+7 
           6170      1.02612e+7 
           6190      1.04231e+7 
           6210       1.0402e+7 
           6230      1.02421e+7 
           6250      9.99727e+6 
           6270      1.02249e+7 
           6290      1.01857e+7 
           6310       1.0002e+7 
           6330       9.9991e+6 
           6350       9.9717e+6 
           6370      9.91384e+6 
           6390      9.88602e+6 
           6410      9.72997e+6 
           6430      9.73606e+6 
           6450      9.64318e+6 
           6470      9.62415e+6 
           6490      9.47368e+6 
           6510      9.53736e+6 
           6530      9.49494e+6 
           6550       9.0805e+6 
           6570      7.86488e+6 
           6590      9.23694e+6 
           6610      9.31821e+6 
           6630      9.30151e+6 
           6650      9.25246e+6 
           6670      9.16148e+6 
           6690      9.17833e+6 
           6710      9.09109e+6 
           6730      9.07538e+6 
           6750      8.98529e+6 
           6770      8.96847e+6 
           6790       8.9149e+6 
           6810      8.86258e+6 
           6830       8.8237e+6 
           6850      8.73853e+6 
           6870      8.72762e+6 
           6890      8.69449e+6 
           6910       8.6387e+6 
           6930       8.5952e+6 
           6950      8.54657e+6 
           6970      8.50922e+6 
           6990      8.46524e+6 
           7010      8.34571e+6 
           7030      8.35087e+6 
           7050      8.32781e+6 
           7070        8.274e+6 
           7090      8.22963e+6 
           7110      8.14314e+6 
           7130      8.10642e+6 
           7150       8.0604e+6 
           7170       8.0199e+6 
           7190       7.9236e+6 
           7210      7.91812e+6 
           7230      7.89021e+6 
           7250      7.87471e+6 
           7270      7.84068e+6 
           7290      7.73465e+6 
           7310      7.72622e+6 
           7330      7.68761e+6 
           7350      7.67442e+6 
           7370      7.65016e+6 
           7390      7.54811e+6 
           7410      7.45527e+6 
           7430      7.46025e+6 
           7450      7.43788e+6 
           7470      7.41567e+6 
           7490        7.362e+6 
           7510      7.33622e+6 
           7530      7.31191e+6 
           7550      7.29767e+6 
           7570      7.23813e+6 
           7590      7.20263e+6 
           7610      7.16354e+6 
           7630      7.13767e+6 
           7650      7.09267e+6 
           7670      6.99428e+6 
           7690      7.01526e+6 
           7710      6.94469e+6 
           7730      6.93528e+6 
           7750      6.87571e+6 
           7770        6.821e+6 
           7790      6.85122e+6 
           7810      6.81431e+6 
           7830      6.74881e+6 
           7850      6.71448e+6 
           7870      6.70654e+6 
           7890      6.66897e+6 
           7910      6.62322e+6 
           7930      6.54195e+6 
           7950      6.52456e+6 
           7970      6.54288e+6 
           7990      6.50661e+6 
           8010      6.45243e+6 
           8030      6.42266e+6 
           8050       6.3809e+6 
           8070      6.37131e+6 
           8090      6.30934e+6 
           8110      6.31147e+6 
           8130      6.28617e+6 
           8150      6.24797e+6 
           8170      6.21461e+6 
           8190      6.10117e+6 
           8210        6.105e+6 
           8230      6.06312e+6 
           8250      6.04816e+6 
           8270      6.06192e+6 
           8290      6.02613e+6 
           8310      5.96878e+6 
           8330      5.89347e+6 
           8350      5.91928e+6 
           8370      5.89428e+6 
           8390      5.82392e+6 
           8410      5.83033e+6 
           8430      5.78045e+6 
           8450        5.732e+6 
           8470      5.67768e+6 
           8490      5.69171e+6 
           8510      5.41164e+6 
           8530      5.64362e+6 
           8550      4.96597e+6 
           8570      5.66701e+6 
           8590      5.52218e+6 
           8610      5.42693e+6 
           8630       5.5991e+6 
           8650      5.52491e+6 
           8670      4.82489e+6 
           8690      5.43623e+6 
           8710      5.50515e+6 
           8730      5.45376e+6 
           8750      5.05687e+6 
           8770      5.38502e+6 
           8790      5.40346e+6 
           8810      5.35127e+6 
           8830      5.32222e+6 
           8850        5.227e+6 
           8870      4.89318e+6 
           8890      5.25875e+6 
           8910      5.25461e+6 
           8930      5.20985e+6 
           8950       5.2115e+6 
           8970      5.18641e+6 
           8990      5.14378e+6 
           9010      4.73396e+6 
           9030      4.97266e+6 
           9050      5.09054e+6 
           9070      5.00264e+6 
           9090       4.9127e+6 
           9110      4.97467e+6 
           9130      5.00306e+6 
           9150      4.98303e+6 
           9170      4.95281e+6 
           9190      4.92502e+6 
           9210      4.81173e+6 
           9230      4.41939e+6 
           9250       4.7244e+6 
           9270      4.78646e+6 
           9290      4.81083e+6 
           9310      4.79626e+6 
           9330      4.76751e+6 
           9350      4.74497e+6 
           9370       4.7226e+6 
           9390      4.69994e+6 
           9410      4.56512e+6 
           9430      4.63176e+6 
           9450      4.60754e+6 
           9470       4.6133e+6 
           9490      4.59471e+6 
           9510       4.5525e+6 
           9530      4.47533e+6 
           9550      4.11435e+6 
           9570      4.44211e+6 
           9590      4.47152e+6 
           9610      4.43378e+6 
           9630       4.3967e+6 
           9650      4.39628e+6 
           9670      4.35152e+6 
           9690      4.35724e+6 
           9710       4.3561e+6 
           9730      4.33542e+6 
           9750      4.29072e+6 
           9770      4.29015e+6 
           9790      4.26791e+6 
           9810      4.25522e+6 
           9830      4.23364e+6 
           9850      4.20714e+6 
           9870      4.18198e+6 
           9890      4.15201e+6 
           9910      4.13869e+6 
           9930      4.13312e+6 
           9950      4.11615e+6 
           9970      4.09888e+6 
           9990      4.07796e+6 
          10025       3.9727e+6 
          10075      3.85581e+6 
          10125      3.93651e+6 
          10175      3.89209e+6 
          10225      3.85845e+6 
          10275      3.82277e+6 
          10325      3.75685e+6 
          10375      3.72597e+6 
          10425      3.69137e+6 
          10475      3.61912e+6 
          10525       3.6015e+6 
          10575      3.55605e+6 
          10625      3.51099e+6 
          10675      3.42759e+6 
          10725      3.42291e+6 
          10775      3.38634e+6 
          10825      3.33615e+6 
          10875      3.30365e+6 
          10925      3.12045e+6 
          10975      3.19962e+6 
          11025      3.22055e+6 
          11075      3.19615e+6 
          11125      3.15349e+6 
          11175      3.11628e+6 
          11225      3.09275e+6 
          11275      3.03012e+6 
          11325      3.00254e+6 
          11375      2.98291e+6 
          11425      2.93521e+6 
          11475      2.93286e+6 
          11525      2.90293e+6 
          11575      2.86582e+6 
          11625      2.81139e+6 
          11675      2.77879e+6 
          11725      2.78419e+6 
          11775      2.71576e+6 
          11825      2.70227e+6 
          11875      2.66287e+6 
          11925      2.67383e+6 
          11975      2.60878e+6 
          12025       2.6042e+6 
          12075      2.57291e+6 
          12125      2.55273e+6 
          12175      2.53895e+6 
          12225      2.51215e+6 
          12275      2.48027e+6 
          12325      2.46002e+6 
          12375      2.43536e+6 
          12425      2.41289e+6 
          12475      2.39042e+6 
          12525      2.36234e+6 
          12575       2.3337e+6 
          12625      2.31303e+6 
          12675      2.29447e+6 
          12725      2.27445e+6 
          12775      2.23461e+6 
          12825      2.05733e+6 
          12875       2.1941e+6 
          12925      2.18366e+6 
          12975      2.16701e+6 
          13025      2.14495e+6 
          13075      2.12791e+6 
          13125      2.09916e+6 
          13175      2.07598e+6 
          13225      2.06727e+6 
          13275      2.04147e+6 
          13325      2.02647e+6 
          13375      2.00642e+6 
          13425      1.99088e+6 
          13475      1.97206e+6 
          13525      1.95133e+6 
          13575       1.9276e+6 
          13625      1.91561e+6 
          13675      1.89653e+6 
          13725      1.86775e+6 
          13775      1.85825e+6 
          13825      1.84237e+6 
          13875      1.83129e+6 
          13925      1.81074e+6 
          13975      1.79536e+6 
          14025      1.77599e+6 
          14075      1.76469e+6 
          14125      1.74276e+6 
          14175      1.73324e+6 
          14225      1.70806e+6 
          14275      1.68876e+6 
          14325      1.68483e+6 
          14375      1.67313e+6 
          14425      1.62527e+6 
          14475      1.64092e+6 
          14525       1.6094e+6 
          14570      1.60769e+6 
          14620       1.5922e+6 
          14675      1.58137e+6 
          14725       1.5597e+6 
          14775      1.54428e+6 
          14825      1.53446e+6 
          14875      1.51003e+6 
          14925      1.51617e+6 
          14975      1.49694e+6 
          15025      1.47408e+6 
          15075      1.45874e+6 
          15125      1.45906e+6 
          15175      1.44761e+6 
          15225      1.42983e+6 
          15275       1.4174e+6 
          15325      1.40318e+6 
          15375      1.39431e+6 
          15425      1.36855e+6 
          15475      1.36887e+6 
          15525      1.35787e+6 
          15575      1.32349e+6 
          15625      1.34415e+6 
          15675      1.31147e+6 
          15725      1.27939e+6 
          15775      1.29366e+6 
          15825      1.29047e+6 
          15875      1.20498e+6 
          15925      1.26061e+6 
          15975      1.26346e+6 
          16050      1.23597e+6 
          16150      1.17707e+6 
          16250      1.20835e+6 
          16350      1.16459e+6 
          16450      1.10262e+6 
          16550      1.13828e+6 
          16650      1.11602e+6 
          16750      1.07028e+6 
          16850      1.01054e+6 
          16950      1.04883e+6 
          17050      1.02334e+6 
          17150      1.00408e+6 
          17250          976457 
          17350          896688 
          17450          930993 
          17550          922566 
          17650          903170 
          17750          886945 
          17850          869716 
          17950          854522 
          18050          833588 
          18150          770781 
          18250          791461 
          18350          787030 
          18450          770311 
          18550          756346 
          18650          738356 
          18750          677801 
          18850          708616 
          18950          692629 
          19050          688335 
          19150          674674 
          19250          661987 
          19350          645414 
          19450          596452 
          19550          622528 
          19650          614023 
          19750          600925 
          19850          591931 
          19950          581136 
          20050          571698 
          20150          562168 
          20250          550695 
          20350          539321 
          20450          532491 
          20550          522700 
          20650          512049 
          20750          503906 
          20850          495323 
          20950          485574 
          21050          478193 
          21150          469193 
          21250          461141 
          21350          453508 
          21450          446628 
          21550          437595 
          21650          406363 
          21750          420831 
          21850          416058 
          21950          410524 
          22050          402058 
          22150          396002 
          22250          390213 
          22350          383803 
          22450          377565 
          22550          369884 
          22650          364751 
          22750          359289 
          22850          353114 
          22950          347573 
          23050          342672 
          23150          336913 
          23250          331852 
          23350          326315 
          23450          321614 
          23550          316437 
          23650          311697 
          23750          306328 
          23850          301537 
          23950          297272 
          24050          292525 
          24150          287834 
          24250          283754 
          24350          278912 
          24450          274928 
          24550          270367 
          24650          266801 
          24750          262473 
          24850          258309 
          24950          253761 
          25050          251799 
          25150          248067 
          25250          242289 
          25350          240786 
          25450          237397 
          25550          233493 
          25650          226741 
          25750          227289 
          25850          223443 
          25950          221069 
          26050          217094 
          26150          209729 
          26250          200983 
          26350          207670 
          26450          205656 
          26550          202864 
          26650          198857 
          26750          191408 
          26850          194390 
          26950          192343 
          27050          189605 
          27150          187036 
          27250          184468 
          27350          181988 
          27450          179365 
          27550          171300 
          27650          172931 
          27750          172215 
          27850          169980 
          27950          167802 
          28050          165535 
          28150          163353 
          28250          161169 
          28350          159088 
          28450          156794 
          28550          154842 
          28650          151890 
          28750          145129 
          28850          148579 
          28950          146952 
          29050          145071 
          29150          143102 
          29250          141201 
          29350          139549 
          29450          137695 
          29550          136019 
          29650          134301 
          29750          132587 
          29850          130948 
          29950          129218 
          30050          127600 
          30150          126046 
          30250          124370 
          30350          119073 
          30450          119800 
          30550          119865 
          30650          118350 
          30750          117008 
          30850          115431 
          30950          114057 
          31050          112706 
          31150          110970 
          31250          109968 
          31350          108658 
          31450          107355 
          31550          105983 
          31650          104856 
          31750          103531 
          31850          102380 
          31950          101202 
          32100         99355.1 
          32300         97084.8 
          32500         94816.6 
          32700         92610.4 
          32900         88452.9 
          33100           88061 
          33300         86242.2 
          33500         84406.3 
          33700         82425.5 
          33900         80567.4 
          34100         78776.5 
          34300         77210.3 
          34500         75599.3 
          34700         73929.4 
          34900           72339 
          35100         70795.4 
          35300         69242.8 
          35500         67774.1 
          35700         66283.8 
          35900         64939.2 
          36100         63551.2 
          36300         62292.4 
          36500         60842.3 
          36700         59663.5 
          36900         58219.1 
          37100         57152.4 
          37300         55642.1 
          37500         53938.4 
          37700         53810.3 
          37900         52750.9 
          38100         51578.1 
          38300         50629.9 
          38500         49724.2 
          38700         48693.2 
          38900         47743.1 
          39100         46585.9 
          39300         45947.1 
          39500         45031.2 
          39700         44201.1 
          39900         43266.9 
          40100         42353.8 
          40300           41482 
          40500         40239.6 
          40700         40138.6 
          40900         39393.3 
          41100         38698.7 
          41300         37991.2 
          41500         37258.5 
          41700         36199.9 
          41900         35908.8 
          42100         35207.3 
          42300           34656 
          42500         34013.6 
          42700         33420.9 
          42900         32813.2 
          43100         32217.5 
          43300         31631.1 
          43500         31058.2 
          43700         30143.2 
          43900         29937.7 
          44100           29413 
          44300         28923.4 
          44500           28430 
          44700         27946.2 
          44900         27475.4 
          45100         27004.4 
          45300         26546.2 
          45500         26104.1 
          45700         25665.1 
          45900         25229.1 
          46100         24828.1 
          46300         24411.9 
          46500         23611.7 
          46700         23287.3 
          46900         23236.4 
          47100         22866.3 
          47300         22501.6 
          47500         22132.1 
          47700           21778 
          47900           21434 
          48100         21086.8 
          48300         20757.5 
          48500         20421.7 
          48700         20100.2 
          48900         19784.9 
          49100           19474 
          49300         19170.6 
          49500         18868.4 
          49700           18575 
          49900         18300.9 
          50100         18012.4 
          50300         17739.9 
          50500         17465.3 
          50700         17203.2 
          50900         16938.8 
          51100         16676.6 
          51300         16213.3 
          51500         16191.3 
          51700         15946.5 
          51900         15714.8 
          52100         15479.2 
          52300         15250.8 
          52500         15030.9 
          52700         14801.8 
          52900         14595.8 
          53100         14385.9 
          53300         14177.3 
          53500         13972.8 
          53700         13755.3 
          53900         13565.2 
          54100           13384 
          54300         13187.2 
          54500         13006.9 
          54700         12811.2 
          54900         12640.5 
          55100         12464.6 
          55300         12263.2 
          55500         12120.9 
          55700         11954.9 
          55900         11776.7 
          56100         11626.3 
          56300         11464.3 
          56500         11312.5 
          56700         11157.9 
          56900         11002.8 
          57100         10817.1 
          57300         10710.7 
          57500           10567 
          57700         10424.4 
          57900           10284 
          58100         10148.7 
          58300         10014.9 
          58500         9884.43 
          58700         9752.67 
          58900         9617.82 
          59100         9379.07 
          59300         9373.01 
          59500          9195.5 
          59700         9125.53 
          59900         9014.82 
          60100         8896.73 
          60300         8785.18 
          60500         8673.48 
          60700         8560.78 
          60900         8450.19 
          61100         8338.07 
          61300         8239.23 
          61500         8137.03 
          61700         8034.08 
          61900         7933.17 
          62100         7834.99 
          62300         7730.51 
          62500         7639.73 
          62700         7544.22 
          62900         7400.14 
          63100         7356.52 
          63300         7271.83 
          63500         7182.85 
          63700         7094.74 
          63900         7008.49 
          64200         6882.55 
          64600         6716.52 
          65000         6555.74 
          65400         6403.03 
          65800          6252.5 
          66200         6105.99 
          66600         5964.58 
          67000         5826.35 
          67400         5691.56 
          67800         5539.77 
          68200         5436.35 
          68600         5313.58 
          69000         5194.05 
          69400         5077.35 
          69800         4965.58 
          70200         4854.81 
          70600         4749.07 
          71000         4645.64 
          71400         4544.73 
          71800         4446.31 
          72200         4350.05 
          72600         4257.02 
          73000         4167.71 
          73400         4078.86 
          73800         3993.66 
          74200         3909.53 
          74600         3803.74 
          75000         3711.79 
          75400         3671.77 
          75800         3596.88 
          76200         3523.52 
          76600          3452.2 
          77000         3382.11 
          77400         3314.63 
          77800         3245.88 
          78200         3183.83 
          78600         3120.81 
          79000         3059.35 
          79400         2999.39 
          79800         2940.94 
          80200         2883.62 
          80600         2827.87 
          81000         2773.89 
          81400         2716.96 
          81800         2668.55 
          82200         2618.44 
          82600         2569.01 
          83000         2520.85 
          83400         2473.22 
          83800          2427.4 
          84200         2382.77 
          84600         2338.97 
          85000         2296.15 
          85400         2254.18 
          85800         2213.21 
          86200         2173.09 
          86600         2129.81 
          87000         2095.83 
          87400         2053.81 
          87800         2017.15 
          88200         1985.87 
          88600         1950.94 
          89000         1916.71 
          89400         1883.38 
          89800         1850.38 
          90200         1818.54 
          90600         1787.42 
          91000         1756.45 
          91400         1726.46 
          91800         1697.32 
          92200         1668.62 
          92600         1640.35 
          93000          1612.9 
          93400         1585.85 
          93800         1555.36 
          94200          1533.6 
          94600         1508.28 
          95000         1483.46 
          95400         1458.96 
          95800         1435.31 
          96200         1411.92 
          96600         1389.15 
          97000         1366.78 
          97400         1344.54 
          97800         1323.17 
          98200         1302.17 
          98600         1281.52 
          99000         1261.34 
          99400         1241.37 
          99800         1221.99 
         100200         1202.91 
         200000          78.101 
         400000         4.91774 
         600000        0.968375 
         800000        0.304982 
         1.0e+6         0.12434 
         1.2e+6        0.059704 
         1.4e+6       0.0320991 
         1.6e+6       0.0187467 
