# Kurucz ODFNEW /NOVER models
# teff = 10750 K (value for the effective temperature for the model. Temperatures are given in K)
# logg = 4.00 log(cm/s2) (value for Log(G) for the model.)
# meta = -0.5  (value for the Metallicity for the model.)
# lh = 1.25  (l/Hp where l is the  mixing length of the convective element and Hp is the pressure scale height)
# vtur = 2.0 km/s (Microturbulence velocity)
#
# column 1: WAVELENGTH (ANGSTROM), Wavelength in Angstrom
# column 2: FLUX (ERG/CM2/S/A), Flux in erg/cm2/s/A
              0               0 
           90.9               0 
           93.5               0 
           96.1               0 
           97.7               0 
           99.6               0 
            102               0 
          103.8               0 
          105.6               0 
          107.7               0 
          110.4               0 
            114               0 
          117.8               0 
          121.3               0 
          124.8               0 
          127.1               0 
          128.4               0 
          130.5               0 
          132.4               0 
          133.9               0 
          136.6               0 
          139.8               0 
          143.3               0 
          147.2               0 
            151               0 
          155.2               0 
          158.8               0 
            162               0 
            166               0 
          170.3               0 
          173.4               0 
          176.8               0 
          180.2               0 
          181.7               0 
          186.1               0 
            191               0 
          193.9               0 
          198.4               0 
          201.8               0 
            205               0 
          210.5               0 
          216.2               0 
          219.8               0 
            223               0 
          226.8               0 
            230               0 
            234               0 
            240               0 
          246.5     1.35738e-22 
          252.4     8.41505e-22 
          256.8     3.02898e-21 
            260     7.47664e-21 
            264     2.24705e-20 
          268.5     7.44292e-20 
          273.5      2.6948e-19 
          278.5      9.3767e-19 
            284     3.51621e-18 
            290     1.40698e-17 
            296     5.32012e-17 
            301     1.55485e-16 
            308     6.58872e-16 
            318      4.6553e-15 
            328     2.92944e-14 
            338     1.65457e-13 
            348     8.48065e-13 
            357     3.41793e-12 
            366     1.28591e-11 
            375     4.53361e-11 
            385     1.71673e-10 
            395     6.06705e-10 
            405      2.01463e-9 
            414      5.64272e-9 
            422      1.35728e-8 
            430      3.15424e-8 
            441      9.57996e-8 
            451        2.503e-7 
            460      5.72715e-7 
            470      1.38258e-6 
            480        3.213e-6 
            490      7.20761e-6 
            500      1.56253e-5 
            506      3.59652e-5 
            512      6.30733e-5 
            520      0.00010916 
            530     0.000213015 
            540     0.000399506 
            550     0.000743845 
            560      0.00134234 
            570      0.00237123 
            580      0.00406519 
            590      0.00696178 
            600       0.0116001 
            610       0.0190036 
            620       0.0305962 
            630       0.0484965 
            640       0.0756598 
            650        0.116514 
            658         0.16286 
            665         0.21674 
            675        0.322526 
            685        0.474188 
            695        0.689169 
            705        0.989681 
            716          1.4562 
            726         2.04584 
            735         2.75415 
            745         3.79807 
            755         5.18986 
            765         7.02896 
            775         9.44106 
            785         12.5773 
            795         16.6101 
            805         21.8013 
            815         28.3972 
            825         36.7258 
            835         47.1166 
            845         60.2115 
            855         76.3535 
            865         96.2538 
            875         120.583 
            885         150.307 
            895         186.281 
            905         229.288 
            915         1902.27 
            925         12109.1 
            935         20229.6 
            945         37164.1 
            955           66273 
            965         91582.7 
            975         58089.3 
            985          362455 
            995      1.24904e+6 
           1005      1.10931e+6 
           1015          252885 
           1025         89353.7 
           1035          257927 
           1045      1.57623e+6 
           1055       4.3961e+6 
           1065      5.36652e+6 
           1075      7.45293e+6 
           1085      8.65387e+6 
           1095      9.23553e+6 
           1105      2.39554e+7 
           1115      9.15929e+7 
           1125      1.09534e+8 
           1135      1.24057e+8 
           1145       1.1083e+8 
           1155      1.15107e+8 
           1165      1.14233e+8 
           1175      8.70154e+7 
           1185       5.3155e+7 
           1195      2.09728e+6 
           1205          784089 
           1215          228232 
           1225          772026 
           1235      4.39562e+6 
           1245      4.21688e+7 
           1255      1.08312e+8 
           1265      1.07998e+8 
           1275      1.76485e+8 
           1285      2.24853e+8 
           1295      2.09854e+8 
           1305      1.41912e+8 
           1315      2.24614e+8 
           1325      2.45335e+8 
           1335      2.33746e+8 
           1345      2.71205e+8 
           1355      2.52935e+8 
           1365      2.26132e+8 
           1375      2.47603e+8 
           1385      2.48362e+8 
           1395      2.52847e+8 
           1405      2.59338e+8 
           1415       2.4543e+8 
           1425      2.56098e+8 
           1435      2.35545e+8 
           1442      2.60005e+8 
           1447      2.73829e+8 
           1455      2.72303e+8 
           1465      2.54416e+8 
           1475       2.4251e+8 
           1485       2.4889e+8 
           1495      2.60876e+8 
           1505       2.6133e+8 
           1512      2.47578e+8 
           1517      2.62565e+8 
           1525      2.46615e+8 
           1535      2.38072e+8 
           1545      2.56717e+8 
           1555      2.30803e+8 
           1565      2.10236e+8 
           1575      2.24295e+8 
           1585      2.40819e+8 
           1595      2.49463e+8 
           1605      2.35045e+8 
           1615      2.35638e+8 
           1625      2.16583e+8 
           1635      2.22524e+8 
           1645      2.28528e+8 
           1655      2.00398e+8 
           1665      2.24607e+8 
           1672      1.88636e+8 
           1677      2.12616e+8 
           1685      2.28435e+8 
           1695      2.14602e+8 
           1705      2.06869e+8 
           1715      2.03926e+8 
           1725       2.0067e+8 
           1735      2.08538e+8 
           1745      2.04163e+8 
           1755      2.16337e+8 
           1765      1.93661e+8 
           1775      2.10126e+8 
           1785      2.07778e+8 
           1795      2.17898e+8 
           1805      2.09802e+8 
           1815      2.07496e+8 
           1825      2.00546e+8 
           1835      1.95591e+8 
           1845      1.85741e+8 
           1855      1.89929e+8 
           1865      1.89653e+8 
           1875       1.9743e+8 
           1885      1.95149e+8 
           1895      1.90997e+8 
           1905      1.86775e+8 
           1915      1.88025e+8 
           1925      1.88384e+8 
           1935      1.86392e+8 
           1945       1.9173e+8 
           1955      1.88058e+8 
           1967       1.9134e+8 
           1976      1.89157e+8 
           1984      1.85204e+8 
           1995      1.79959e+8 
           2005      1.79236e+8 
           2015      1.70512e+8 
           2025      1.73784e+8 
           2035      1.74182e+8 
           2045      1.76329e+8 
           2055      1.69282e+8 
           2065      1.67938e+8 
           2074      1.71432e+8 
           2078      1.74036e+8 
           2085      1.74178e+8 
           2095      1.68348e+8 
           2105      1.66845e+8 
           2115      1.65616e+8 
           2125      1.65605e+8 
           2135       1.5047e+8 
           2145      1.61426e+8 
           2155      1.61351e+8 
           2165      1.54824e+8 
           2175      1.52584e+8 
           2185      1.51506e+8 
           2195      1.58143e+8 
           2205      1.52194e+8 
           2215      1.43214e+8 
           2225      1.40187e+8 
           2235      1.50979e+8 
           2245      1.39741e+8 
           2255      1.37704e+8 
           2265      1.38099e+8 
           2275      1.44276e+8 
           2285      1.46349e+8 
           2295      1.39498e+8 
           2305      1.36787e+8 
           2315      1.33372e+8 
           2325      1.33725e+8 
           2335      1.29211e+8 
           2345      1.21582e+8 
           2355      1.30164e+8 
           2365      1.21306e+8 
           2375      1.25556e+8 
           2385      1.14697e+8 
           2395       1.2289e+8 
           2405      1.17884e+8 
           2415      1.19778e+8 
           2425      1.23212e+8 
           2435      1.17857e+8 
           2445      1.24097e+8 
           2455      1.19969e+8 
           2465      1.19283e+8 
           2475      1.15172e+8 
           2485      1.20995e+8 
           2495      1.17285e+8 
           2505      1.24041e+8 
           2513      1.17061e+8 
           2518      1.18272e+8 
           2525      1.11619e+8 
           2535      1.10987e+8 
           2545      1.10622e+8 
           2555      1.15183e+8 
           2565      1.14149e+8 
           2575      1.19275e+8 
           2585      1.19019e+8 
           2595      1.18166e+8 
           2605      1.13946e+8 
           2615       1.1339e+8 
           2625      1.15321e+8 
           2635      1.15821e+8 
           2645      1.22663e+8 
           2655      1.20886e+8 
           2665      1.15105e+8 
           2675      1.17737e+8 
           2685      1.17578e+8 
           2695      1.13911e+8 
           2705      1.14908e+8 
           2715      1.11196e+8 
           2725      1.11361e+8 
           2735      1.16179e+8 
           2745      1.05584e+8 
           2755      1.05221e+8 
           2765      1.07891e+8 
           2775      1.11826e+8 
           2785      1.10718e+8 
           2795      9.76352e+7 
           2805      1.04012e+8 
           2815      1.12027e+8 
           2825      1.11438e+8 
           2835      1.08183e+8 
           2845       1.0519e+8 
           2855      1.03724e+8 
           2865       1.0671e+8 
           2875      1.04597e+8 
           2885      1.06326e+8 
           2895      1.04505e+8 
           2910      1.09214e+8 
           2930      1.05477e+8 
           2950       1.0493e+8 
           2970      1.04709e+8 
           2990      1.04156e+8 
           3010      1.04847e+8 
           3030      1.03886e+8 
           3050      1.02439e+8 
           3070      1.01029e+8 
           3090      1.01035e+8 
           3110      9.92841e+7 
           3130      9.82078e+7 
           3150      9.80276e+7 
           3170      9.70308e+7 
           3190      9.44925e+7 
           3210      9.50774e+7 
           3230      9.36183e+7 
           3250      9.33506e+7 
           3270      9.30967e+7 
           3290      9.26539e+7 
           3310      9.21838e+7 
           3330      9.06893e+7 
           3350      8.92638e+7 
           3370      8.88576e+7 
           3390      8.78419e+7 
           3410      8.79807e+7 
           3430      8.71913e+7 
           3450      8.66172e+7 
           3470       8.5609e+7 
           3490      8.49306e+7 
           3510      8.45894e+7 
           3530        8.409e+7 
           3550      8.34202e+7 
           3570      8.25029e+7 
           3590      8.18203e+7 
           3610      8.11532e+7 
           3630      8.04358e+7 
           3640      8.01108e+7 
           3650      8.12956e+7 
           3670      8.07056e+7 
           3690       7.7714e+7 
           3710      7.89147e+7 
           3730      8.07431e+7 
           3750      1.03245e+8 
           3770      1.10409e+8 
           3790      1.35002e+8 
           3810      1.55775e+8 
           3830      1.24212e+8 
           3850      1.68783e+8 
           3870      1.87763e+8 
           3890      1.07462e+8 
           3910      1.84734e+8 
           3930      1.91323e+8 
           3950      1.82074e+8 
           3970      1.02096e+8 
           3990      1.73243e+8 
           4010      1.85435e+8 
           4030      1.83057e+8 
           4050      1.81678e+8 
           4070      1.75382e+8 
           4090      1.40631e+8 
           4110      1.08052e+8 
           4130      1.64835e+8 
           4150      1.69003e+8 
           4170      1.67271e+8 
           4190      1.65438e+8 
           4210      1.63378e+8 
           4230      1.60656e+8 
           4250      1.58326e+8 
           4270      1.55734e+8 
           4290      1.53213e+8 
           4310      1.47098e+8 
           4330      1.13544e+8 
           4350      9.66726e+7 
           4370       1.4061e+8 
           4390      1.41772e+8 
           4410      1.41496e+8 
           4430      1.39853e+8 
           4450      1.38549e+8 
           4470       1.3602e+8 
           4490      1.33305e+8 
           4510      1.32672e+8 
           4530       1.3087e+8 
           4550      1.28393e+8 
           4570      1.27777e+8 
           4590      1.25568e+8 
           4610      1.24791e+8 
           4630      1.22406e+8 
           4650      1.21545e+8 
           4670      1.19853e+8 
           4690      1.18155e+8 
           4710       1.1569e+8 
           4730      1.15303e+8 
           4750      1.13785e+8 
           4770       1.1219e+8 
           4790      1.10536e+8 
           4810      1.08443e+8 
           4830       1.0453e+8 
           4850      8.36454e+7 
           4870      6.80967e+7 
           4890      9.89702e+7 
           4910      1.01541e+8 
           4930      1.00556e+8 
           4950      1.00046e+8 
           4970      9.91069e+7 
           4990      9.78271e+7 
           5010      9.59938e+7 
           5030      9.53244e+7 
           5050      9.37064e+7 
           5070      9.31371e+7 
           5090      9.20201e+7 
           5110      9.08494e+7 
           5130      8.98448e+7 
           5150      8.86483e+7 
           5170      8.70714e+7 
           5190      8.62914e+7 
           5210       8.5526e+7 
           5230      8.42878e+7 
           5250      8.35785e+7 
           5270       8.2255e+7 
           5290      8.16773e+7 
           5310      8.04538e+7 
           5330      7.96932e+7 
           5350      7.88958e+7 
           5370      7.79475e+7 
           5390      7.70575e+7 
           5410      7.60987e+7 
           5430       7.5271e+7 
           5450       7.4472e+7 
           5470      7.35987e+7 
           5490      7.27773e+7 
           5510      7.19433e+7 
           5530      7.11405e+7 
           5550      7.03733e+7 
           5570      6.95809e+7 
           5590      6.88162e+7 
           5610      6.80739e+7 
           5630      6.73154e+7 
           5650      6.65317e+7 
           5670      6.58065e+7 
           5690      6.51083e+7 
           5710      6.44035e+7 
           5730      6.36999e+7 
           5750      6.29978e+7 
           5770      6.23197e+7 
           5790      6.16223e+7 
           5810      6.09691e+7 
           5830      6.03143e+7 
           5850      5.96713e+7 
           5870      5.88741e+7 
           5890      5.83012e+7 
           5910      5.77757e+7 
           5930      5.71701e+7 
           5950      5.65088e+7 
           5970       5.5947e+7 
           5990      5.53156e+7 
           6010      5.47832e+7 
           6030      5.42205e+7 
           6050      5.36455e+7 
           6070      5.30899e+7 
           6090      5.25419e+7 
           6110      5.19996e+7 
           6130      5.14582e+7 
           6150      5.07666e+7 
           6170      5.04014e+7 
           6190      4.98963e+7 
           6210      4.93878e+7 
           6230      4.88752e+7 
           6250      4.83005e+7 
           6270      4.78999e+7 
           6290      4.74149e+7 
           6310       4.6919e+7 
           6330      4.64651e+7 
           6350      4.57579e+7 
           6370      4.53922e+7 
           6390      4.50789e+7 
           6410      4.46211e+7 
           6430      4.41891e+7 
           6450      4.36654e+7 
           6470      4.32376e+7 
           6490      4.27021e+7 
           6510      4.20999e+7 
           6530       4.0996e+7 
           6550      3.60497e+7 
           6570      2.93146e+7 
           6590      3.88396e+7 
           6610       3.9927e+7 
           6630      3.98448e+7 
           6650       3.9569e+7 
           6670      3.92548e+7 
           6690      3.89044e+7 
           6710      3.85566e+7 
           6730      3.81747e+7 
           6750       3.7823e+7 
           6770      3.74693e+7 
           6790       3.7114e+7 
           6810      3.67638e+7 
           6830      3.64125e+7 
           6850      3.60734e+7 
           6870      3.57374e+7 
           6890      3.54058e+7 
           6910      3.50739e+7 
           6930      3.47432e+7 
           6950      3.44273e+7 
           6970      3.41107e+7 
           6990      3.37977e+7 
           7010       3.3467e+7 
           7030       3.3178e+7 
           7050      3.28632e+7 
           7070      3.25647e+7 
           7090      3.22814e+7 
           7110      3.19525e+7 
           7130      3.16899e+7 
           7150       3.1403e+7 
           7170      3.11269e+7 
           7190      3.08462e+7 
           7210      3.05707e+7 
           7230      3.02925e+7 
           7250      3.00179e+7 
           7270       2.9759e+7 
           7290      2.94903e+7 
           7310      2.92284e+7 
           7330      2.89737e+7 
           7350      2.87207e+7 
           7370      2.84679e+7 
           7390      2.82168e+7 
           7410      2.79672e+7 
           7430      2.77015e+7 
           7450      2.74709e+7 
           7470      2.72153e+7 
           7490      2.69956e+7 
           7510      2.67638e+7 
           7530      2.65415e+7 
           7550      2.63145e+7 
           7570      2.60875e+7 
           7590      2.58639e+7 
           7610      2.56435e+7 
           7630      2.54232e+7 
           7650      2.52042e+7 
           7670      2.49903e+7 
           7690      2.47796e+7 
           7710      2.45656e+7 
           7730      2.43624e+7 
           7750      2.41572e+7 
           7770      2.36467e+7 
           7790      2.37533e+7 
           7810      2.35558e+7 
           7830       2.3357e+7 
           7850      2.31531e+7 
           7870      2.29212e+7 
           7890      2.26999e+7 
           7910      2.25859e+7 
           7930      2.24044e+7 
           7950      2.21869e+7 
           7970      2.20383e+7 
           7990      2.17652e+7 
           8010      2.16772e+7 
           8030      2.15004e+7 
           8050      2.13251e+7 
           8070      2.11507e+7 
           8090      2.09795e+7 
           8110      2.08086e+7 
           8130      2.06425e+7 
           8150      2.04761e+7 
           8170      2.03116e+7 
           8190      2.01266e+7 
           8210      2.00767e+7 
           8230      1.99125e+7 
           8250      1.97978e+7 
           8270      1.96796e+7 
           8290      1.95245e+7 
           8310      1.93891e+7 
           8330      1.92228e+7 
           8350      1.90909e+7 
           8370      1.89358e+7 
           8390      1.87685e+7 
           8410      1.85691e+7 
           8430      1.83936e+7 
           8450      1.81347e+7 
           8470      1.78275e+7 
           8490      1.80405e+7 
           8510      1.72592e+7 
           8530      1.79664e+7 
           8550      1.63715e+7 
           8570      1.80812e+7 
           8590      1.67284e+7 
           8610      1.63149e+7 
           8630      1.81994e+7 
           8650       1.7338e+7 
           8670      1.45051e+7 
           8690      1.77614e+7 
           8710      1.84109e+7 
           8730      1.75847e+7 
           8750      1.37869e+7 
           8770      1.66032e+7 
           8790      1.82011e+7 
           8810      1.83278e+7 
           8830      1.78434e+7 
           8850      1.56806e+7 
           8870      1.32512e+7 
           8890      1.68235e+7 
           8910      1.76221e+7 
           8930      1.76708e+7 
           8950      1.75905e+7 
           8970      1.72856e+7 
           8990      1.63888e+7 
           9010      1.29433e+7 
           9030      1.41131e+7 
           9050      1.63452e+7 
           9070      1.66409e+7 
           9090      1.65905e+7 
           9110      1.66063e+7 
           9130       1.6507e+7 
           9150      1.63737e+7 
           9170       1.6159e+7 
           9190       1.5756e+7 
           9210      1.45333e+7 
           9230      1.12993e+7 
           9250      1.39227e+7 
           9270      1.50257e+7 
           9290      1.54286e+7 
           9310       1.5415e+7 
           9330      1.53312e+7 
           9350      1.52377e+7 
           9370      1.51324e+7 
           9390      1.49958e+7 
           9410       1.4813e+7 
           9430      1.47811e+7 
           9450      1.46592e+7 
           9470      1.45108e+7 
           9490      1.43104e+7 
           9510      1.39145e+7 
           9530      1.26059e+7 
           9550      1.01619e+7 
           9570      1.27196e+7 
           9590      1.35838e+7 
           9610      1.37076e+7 
           9630      1.36174e+7 
           9650      1.36237e+7 
           9670      1.35127e+7 
           9690      1.34613e+7 
           9710      1.33744e+7 
           9730      1.32769e+7 
           9750      1.31793e+7 
           9770      1.30863e+7 
           9790      1.29916e+7 
           9810      1.28964e+7 
           9830      1.27968e+7 
           9850      1.27084e+7 
           9870      1.26152e+7 
           9890      1.25072e+7 
           9910      1.24349e+7 
           9930      1.23245e+7 
           9950      1.22221e+7 
           9970      1.21076e+7 
           9990      1.19527e+7 
          10025      1.08123e+7 
          10075      1.02695e+7 
          10125      1.14071e+7 
          10175      1.13095e+7 
          10225      1.11372e+7 
          10275      1.09455e+7 
          10325      1.07567e+7 
          10375      1.05742e+7 
          10425      1.03961e+7 
          10475      1.02143e+7 
          10525      1.00417e+7 
          10575      9.87753e+6 
          10625      9.71471e+6 
          10675      9.50789e+6 
          10725      9.38144e+6 
          10775      9.23553e+6 
          10825      9.05202e+6 
          10875      8.81099e+6 
          10925      7.45725e+6 
          10975      8.09068e+6 
          11025      8.45043e+6 
          11075      8.36478e+6 
          11125      8.24501e+6 
          11175      8.11409e+6 
          11225      7.98575e+6 
          11275      7.82677e+6 
          11325      7.71228e+6 
          11375      7.61347e+6 
          11425      7.49388e+6 
          11475      7.38008e+6 
          11525      7.26625e+6 
          11575      7.15413e+6 
          11625      7.03754e+6 
          11675      6.92404e+6 
          11725      6.83059e+6 
          11775      6.70396e+6 
          11825      6.61909e+6 
          11875      6.51833e+6 
          11925        6.428e+6 
          11975      6.32769e+6 
          12025      6.23661e+6 
          12075       6.1432e+6 
          12125      6.05293e+6 
          12175      5.96467e+6 
          12225      5.87716e+6 
          12275      5.78989e+6 
          12325      5.70631e+6 
          12375      5.62387e+6 
          12425      5.54355e+6 
          12475      5.45877e+6 
          12525      5.38502e+6 
          12575      5.30393e+6 
          12625      5.23009e+6 
          12675      5.14998e+6 
          12725      5.05492e+6 
          12775        4.846e+6 
          12825       4.1917e+6 
          12875      4.75489e+6 
          12925      4.78289e+6 
          12975      4.73489e+6 
          13025      4.67463e+6 
          13075      4.61009e+6 
          13125       4.5468e+6 
          13175      4.48067e+6 
          13225      4.42338e+6 
          13275      4.36342e+6 
          13325      4.30421e+6 
          13375      4.24617e+6 
          13425       4.1887e+6 
          13475      4.13234e+6 
          13525       4.0761e+6 
          13575      4.02262e+6 
          13625      3.96922e+6 
          13675      3.91607e+6 
          13725      3.86379e+6 
          13775      3.81453e+6 
          13825      3.76473e+6 
          13875      3.71572e+6 
          13925      3.66694e+6 
          13975       3.6199e+6 
          14025      3.57308e+6 
          14075      3.52703e+6 
          14125       3.4817e+6 
          14175      3.43712e+6 
          14225      3.39344e+6 
          14275       3.3503e+6 
          14325      3.30767e+6 
          14375      3.26594e+6 
          14425      3.21962e+6 
          14475      3.18428e+6 
          14525      3.14239e+6 
          14570      3.10918e+6 
          14620      3.07719e+6 
          14675      3.03687e+6 
          14725      3.00011e+6 
          14775      2.96241e+6 
          14825      2.92823e+6 
          14875      2.89189e+6 
          14925      2.85902e+6 
          14975        2.824e+6 
          15025      2.78972e+6 
          15075      2.75599e+6 
          15125      2.72314e+6 
          15175      2.68968e+6 
          15225      2.65742e+6 
          15275      2.62116e+6 
          15325      2.58676e+6 
          15375      2.56183e+6 
          15425      2.51359e+6 
          15475      2.50036e+6 
          15525      2.46834e+6 
          15575      2.40173e+6 
          15625      2.43777e+6 
          15675      2.35999e+6 
          15725      2.29976e+6 
          15775      2.36559e+6 
          15825      2.33156e+6 
          15875      2.15336e+6 
          15925      2.24503e+6 
          15975      2.27853e+6 
          16050      2.20318e+6 
          16150      2.07675e+6 
          16250      2.16198e+6 
          16350      2.05331e+6 
          16450      1.93097e+6 
          16550      2.02874e+6 
          16650       1.9861e+6 
          16750       1.8741e+6 
          16850       1.7613e+6 
          16950      1.85662e+6 
          17050      1.82376e+6 
          17150      1.78347e+6 
          17250       1.7331e+6 
          17350      1.54673e+6 
          17450      1.64127e+6 
          17550      1.63436e+6 
          17650      1.60235e+6 
          17750      1.56904e+6 
          17850      1.53637e+6 
          17950      1.50434e+6 
          18050      1.46355e+6 
          18150      1.31949e+6 
          18250      1.37407e+6 
          18350      1.38174e+6 
          18450      1.35728e+6 
          18550      1.32824e+6 
          18650      1.29204e+6 
          18750      1.16407e+6 
          18850      1.23774e+6 
          18950      1.22597e+6 
          19050      1.20358e+6 
          19150      1.18015e+6 
          19250      1.15572e+6 
          19350      1.12147e+6 
          19450      1.00969e+6 
          19550      1.07863e+6 
          19650      1.06973e+6 
          19750      1.05062e+6 
          19850      1.03088e+6 
          19950      1.01158e+6 
          20050          992706 
          20150          974248 
          20250          956197 
          20350          938635 
          20450          921370 
          20550          904576 
          20650          888150 
          20750          872102 
          20850          856417 
          20950          841077 
          21050          826057 
          21150          811256 
          21250          796890 
          21350          782821 
          21450          768308 
          21550          748321 
          21650          678718 
          21750          717589 
          21850          715880 
          21950          705079 
          22050          693042 
          22150          681200 
          22250          669757 
          22350          658476 
          22450          647426 
          22550          636600 
          22650          626021 
          22750          615645 
          22850          606048 
          22950          596155 
          23050          586508 
          23150          577023 
          23250          567741 
          23350          558633 
          23450          549711 
          23550          540972 
          23650          532386 
          23750          523971 
          23850          515691 
          23950          507567 
          24050          499523 
          24150          491636 
          24250          484078 
          24350          476394 
          24450          468711 
          24550          461863 
          24650          454099 
          24750          447227 
          24850          441504 
          24950          431275 
          25050          428433 
          25150          422132 
          25250          409693 
          25350          408983 
          25450          404735 
          25550          396628 
          25650          382008 
          25750          385791 
          25850          381972 
          25950          376069 
          26050          365414 
          26150          348770 
          26250          330650 
          26350          349300 
          26450          349924 
          26550          345394 
          26650          337237 
          26750          316074 
          26850          327613 
          26950          326867 
          27050          323131 
          27150          319024 
          27250          314554 
          27350          309404 
          27450          302967 
          27550          282567 
          27650          287538 
          27750          291795 
          27850          289145 
          27950          285378 
          28050          281493 
          28150          277671 
          28250          273915 
          28350          270219 
          28450          266419 
          28550          261792 
          28650          252684 
          28750          237511 
          28850          249646 
          28950          248679 
          29050          246041 
          29150          242787 
          29250          239637 
          29350          236511 
          29450          233439 
          29550          230417 
          29650          227442 
          29750          224511 
          29850          221635 
          29950          218797 
          30050          215991 
          30150          212870 
          30250          208777 
          30350          195420 
          30450          196686 
          30550          201391 
          30650          199946 
          30750          197672 
          30850          195185 
          30950          192805 
          31050          190424 
          31150          188077 
          31250          185765 
          31350          183500 
          31450          181254 
          31550          179058 
          31650          176887 
          31750          174743 
          31850          172641 
          31950          170565 
          32100          167512 
          32300          163549 
          32500          159698 
          32700          155629 
          32900          145045 
          33100          146303 
          33300          144955 
          33500          141783 
          33700          138589 
          33900          135493 
          34100          132467 
          34300          129527 
          34500          126666 
          34700          123880 
          34900          121168 
          35100          118531 
          35300          115962 
          35500          113457 
          35700          111007 
          35900          108671 
          36100          106303 
          36300          104125 
          36500          101817 
          36700         99840.2 
          36900         97463.4 
          37100         95588.8 
          37300         91528.1 
          37500         88681.9 
          37700         89877.2 
          37900         88244.2 
          38100         85962.8 
          38300         84317.5 
          38500         83120.8 
          38700         81496.8 
          38900         79640.2 
          39100         77092.8 
          39300         76695.3 
          39500         75341.1 
          39700         73897.9 
          39900         72406.5 
          40100         70130.5 
          40300           68406 
          40500         65591.6 
          40700           66818 
          40900         65902.8 
          41100         64749.8 
          41300         63499.3 
          41500         61994.1 
          41700         59002.5 
          41900         59661.4 
          42100         58943.1 
          42300         57887.8 
          42500         56835.6 
          42700         55806.4 
          42900           54800 
          43100           53816 
          43300         52853.7 
          43500         51745.7 
          43700         49176.2 
          43900         49327.3 
          44100         49152.2 
          44300         48354.1 
          44500         47513.5 
          44700         46753.5 
          44900         45880.2 
          45100         45092.7 
          45300         44320.7 
          45500         43564.3 
          45700         42821.5 
          45900         42087.9 
          46100         41347.7 
          46300         40493.9 
          46500           38160 
          46700         37550.5 
          46900         38311.7 
          47100         38007.4 
          47300         37432.4 
          47500         36835.8 
          47700         36242.5 
          47900         35659.7 
          48100         35087.1 
          48300         34524.1 
          48500         33972.5 
          48700           33432 
          48900         32900.7 
          49100           32380 
          49300         31868.2 
          49500         31371.5 
          49700         30874.1 
          49900         30400.2 
          50100         29925.2 
          50300         29452.4 
          50500         29008.3 
          50700         28552.8 
          50900         28067.1 
          51100         27455.4 
          51300         26057.9 
          51500         26691.1 
          51700         26397.6 
          51900         26057.5 
          52100         25687.1 
          52300         25305.1 
          52500           24898 
          52700         24503.2 
          52900         24197.1 
          53100         23892.3 
          53300         23551.5 
          53500         23154.7 
          53700         22748.6 
          53900         22421.9 
          54100         22175.4 
          54300           21896 
          54500         21583.4 
          54700         21276.1 
          54900         20950.1 
          55100         20572.4 
          55300         20193.5 
          55500         20040.9 
          55700         19815.9 
          55900         19540.5 
          56100         19268.6 
          56300         19001.2 
          56500         18738.3 
          56700         18473.9 
          56900         18151.1 
          57100         17707.6 
          57300         17640.4 
          57500           17478 
          57700         17255.2 
          57900         17022.7 
          58100         16794.1 
          58300         16557.1 
          58500         16326.4 
          58700         16088.5 
          58900         15745.9 
          59100           14974 
          59300           15351 
          59500           14983 
          59700         14920.9 
          59900         14860.2 
          60100         14689.5 
          60300         14505.2 
          60500         14320.9 
          60700         14137.8 
          60900         13957.7 
          61100         13779.7 
          61300         13612.7 
          61500         13456.6 
          61700         13287.4 
          61900         13109.2 
          62100         12927.2 
          62300         12760.9 
          62500         12588.7 
          62700         12368.6 
          62900           11912 
          63100         12030.6 
          63300         11970.7 
          63500         11838.4 
          63700         11713.1 
          63900         11576.3 
          64200           11365 
          64600         11091.1 
          65000         10824.9 
          65400         10566.9 
          65800         10316.1 
          66200         10072.4 
          66600         9836.22 
          67000         9597.44 
          67400          9326.3 
          67800         8939.57 
          68200         8930.58 
          68600          8753.1 
          69000         8556.95 
          69400         8356.89 
          69800         8176.33 
          70200         7994.75 
          70600         7816.73 
          71000         7633.26 
          71400         7477.75 
          71800         7315.03 
          72200         7156.74 
          72600         6985.79 
          73000         6846.12 
          73400         6706.39 
          73800          6556.7 
          74200         6396.34 
          74600         6093.79 
          75000         5902.58 
          75400         5979.75 
          75800         5891.61 
          76200         5780.75 
          76600         5668.33 
          77000         5553.18 
          77400         5428.43 
          77800         5294.15 
          78200         5213.78 
          78600         5120.67 
          79000         5019.19 
          79400         4920.22 
          79800         4823.63 
          80200         4729.44 
          80600         4637.49 
          81000         4543.74 
          81400         4421.34 
          81800         4352.21 
          82200         4290.66 
          82600         4209.99 
          83000         4130.48 
          83400          4052.8 
          83800         3976.99 
          84200         3902.94 
          84600          3830.6 
          85000         3759.91 
          85400         3690.83 
          85800         3623.29 
          86200         3548.46 
          86600         3437.24 
          87000         3412.72 
          87400          3306.8 
          87800          3248.1 
          88200         3245.22 
          88600         3191.53 
          89000         3135.23 
          89400         3080.16 
          89800         3026.31 
          90200         2973.54 
          90600         2922.01 
          91000         2871.54 
          91400         2822.15 
          91800         2773.83 
          92200         2726.55 
          92600         2677.47 
          93000         2633.45 
          93400         2582.92 
          93800         2495.51 
          94200            2484 
          94600         2459.63 
          95000         2418.96 
          95400          2379.1 
          95800         2343.23 
          96200         2304.89 
          96600         2267.35 
          97000         2230.59 
          97400         2194.56 
          97800         2159.23 
          98200         2122.19 
          98600         2086.09 
          99000         2057.43 
          99400         2024.89 
          99800         1992.92 
         100200         1961.62 
         200000         125.395 
         400000         7.80045 
         600000         1.52848 
         800000        0.479896 
         1.0e+6        0.195222 
         1.2e+6       0.0935757 
         1.4e+6       0.0502377 
         1.6e+6       0.0293055 
