# Kurucz ODFNEW /NOVER models
# teff = 49000 K (value for the effective temperature for the model. Temperatures are given in K)
# logg = 5.00 log(cm/s2) (value for Log(G) for the model.)
# meta = -0.5  (value for the Metallicity for the model.)
# lh = 1.25  (l/Hp where l is the  mixing length of the convective element and Hp is the pressure scale height)
# vtur = 2.0 km/s (Microturbulence velocity)
#
# column 1: WAVELENGTH (ANGSTROM), Wavelength in Angstrom
# column 2: FLUX (ERG/CM2/S/A), Flux in erg/cm2/s/A
              0               0 
           90.9      0.00950669 
           93.5       0.0239373 
           96.1       0.0563715 
           97.7        0.095334 
           99.6        0.171239 
            102        0.347489 
          103.8        0.578291 
          105.6        0.945258 
          107.7         1.64144 
          110.4         3.23344 
            114         7.57983 
          117.8         17.5496 
          121.3         36.4551 
          124.8         72.2233 
          127.1         111.099 
          128.4         142.486 
          130.5         205.765 
          132.4         284.862 
          133.9         366.095 
          136.6          563.25 
          139.8         928.002 
          143.3         1545.86 
          147.2         2579.13 
            151         4382.61 
          155.2         7417.91 
          158.8         11433.5 
            162         17346.5 
            166         27061.2 
          170.3         41355.5 
          173.4         55881.3 
          176.8         78151.1 
          180.2          107564 
          181.7          119187 
          186.1          179461 
            191          265594 
          193.9          342378 
          198.4          480031 
          201.8          605164 
            205          772475 
          210.5      1.12058e+6 
          216.2       1.6092e+6 
          219.8      2.02838e+6 
            223      2.42649e+6 
          226.8      2.98538e+6 
            230      2.04389e+8 
            234      1.69073e+9 
            240      6.57316e+9 
          246.5       2.251e+10 
          252.4     6.09988e+10 
          256.8     8.41592e+10 
            260     9.56314e+10 
            264      2.0023e+11 
          268.5     2.23612e+11 
          273.5     2.51379e+11 
          278.5     2.05627e+11 
            284     3.03759e+11 
            290     3.64533e+11 
            296     3.07434e+11 
            301     1.73381e+11 
            308     2.04933e+11 
            318     1.11606e+11 
            328     1.28226e+11 
            338     8.94242e+10 
            348     8.79204e+10 
            357     1.76032e+11 
            366     2.67395e+11 
            375      3.0583e+11 
            385      2.6021e+11 
            395     3.53659e+11 
            405     4.35745e+11 
            414     4.28086e+11 
            422     3.96101e+11 
            430     3.71026e+11 
            441     4.23103e+11 
            451     4.24848e+11 
            460     3.79133e+11 
            470     3.89571e+11 
            480     4.09433e+11 
            490     3.61181e+11 
            500     4.11192e+11 
            506      3.6077e+11 
            512     4.11573e+11 
            520       3.903e+11 
            530     3.66029e+11 
            540     3.16203e+11 
            550     2.79117e+11 
            560     3.36391e+11 
            570     3.46848e+11 
            580     3.37914e+11 
            590     3.33354e+11 
            600      3.0604e+11 
            610     2.72671e+11 
            620     3.07452e+11 
            630       2.841e+11 
            640     2.99554e+11 
            650     2.82053e+11 
            658     2.61375e+11 
            665     2.79584e+11 
            675     2.76174e+11 
            685     2.53509e+11 
            695     2.63752e+11 
            705     2.41535e+11 
            716      2.5094e+11 
            726     2.49278e+11 
            735     2.43622e+11 
            745     2.33542e+11 
            755     2.25784e+11 
            765     2.10038e+11 
            775     2.15604e+11 
            785     2.02223e+11 
            795     2.05185e+11 
            805     2.03502e+11 
            815     1.99594e+11 
            825     1.96174e+11 
            835     1.81388e+11 
            845     1.86538e+11 
            855     1.78423e+11 
            865     1.79397e+11 
            875     1.76304e+11 
            885     1.70692e+11 
            895     1.67242e+11 
            905     1.61534e+11 
            915     1.19554e+11 
            925     1.78708e+11 
            935     2.20563e+11 
            945     2.52913e+11 
            955     2.78636e+11 
            965     2.99709e+11 
            975     2.34572e+11 
            985     2.74907e+11 
            995     2.47045e+11 
           1005     2.54801e+11 
           1015      2.5193e+11 
           1025      2.1548e+11 
           1035     2.50623e+11 
           1045     2.50654e+11 
           1055     2.44317e+11 
           1065     2.30311e+11 
           1075     2.31637e+11 
           1085     2.12602e+11 
           1095     2.19727e+11 
           1105      2.1285e+11 
           1115     2.08091e+11 
           1125     2.00182e+11 
           1135     2.00176e+11 
           1145     1.96419e+11 
           1155     1.88585e+11 
           1165     1.78899e+11 
           1175     1.66751e+11 
           1185     1.72004e+11 
           1195     1.65128e+11 
           1205      1.6168e+11 
           1215     1.33063e+11 
           1225     1.53356e+11 
           1235     1.46775e+11 
           1245     1.42606e+11 
           1255     1.43894e+11 
           1265     1.41275e+11 
           1275     1.38333e+11 
           1285     1.35456e+11 
           1295     1.33112e+11 
           1305     1.28235e+11 
           1315     1.25656e+11 
           1325     1.22401e+11 
           1335     1.20221e+11 
           1345     1.17472e+11 
           1355     1.12913e+11 
           1365     1.08143e+11 
           1375     1.04059e+11 
           1385     1.03991e+11 
           1395     1.00986e+11 
           1405      9.6651e+10 
           1415     9.99427e+10 
           1425     9.57267e+10 
           1435     9.58553e+10 
           1442     9.21316e+10 
           1447     9.15785e+10 
           1455     8.94479e+10 
           1465     8.80062e+10 
           1475      8.6798e+10 
           1485     8.62923e+10 
           1495     8.39821e+10 
           1505     8.24405e+10 
           1512     8.16791e+10 
           1517     7.97811e+10 
           1525     7.93269e+10 
           1535     7.57594e+10 
           1545       6.913e+10 
           1555     6.86989e+10 
           1565     7.08676e+10 
           1575     7.05082e+10 
           1585     6.86738e+10 
           1595     6.77618e+10 
           1605     6.54153e+10 
           1615     6.39448e+10 
           1625     6.29477e+10 
           1635     6.15402e+10 
           1645     5.83285e+10 
           1655     6.03794e+10 
           1665     5.94797e+10 
           1672     5.74924e+10 
           1677     5.86436e+10 
           1685     5.77709e+10 
           1695     5.68682e+10 
           1705     5.53609e+10 
           1715     5.32276e+10 
           1725     5.25956e+10 
           1735     5.27557e+10 
           1745     5.16554e+10 
           1755     5.05633e+10 
           1765      4.9726e+10 
           1775      4.8793e+10 
           1785     4.81059e+10 
           1795     4.69751e+10 
           1805     4.61462e+10 
           1815     4.52765e+10 
           1825     4.44706e+10 
           1835     4.37277e+10 
           1845     4.29905e+10 
           1855     4.21658e+10 
           1865     4.14691e+10 
           1875      4.0654e+10 
           1885     3.98781e+10 
           1895     3.94383e+10 
           1905     3.87452e+10 
           1915     3.80551e+10 
           1925     3.68919e+10 
           1935     3.67722e+10 
           1945     3.61631e+10 
           1955     3.54175e+10 
           1967     3.47705e+10 
           1976     3.41688e+10 
           1984      3.3807e+10 
           1995      3.3134e+10 
           2005     3.26243e+10 
           2015     3.20724e+10 
           2025     3.15367e+10 
           2035     3.09719e+10 
           2045     3.03363e+10 
           2055     2.31327e+10 
           2065     2.21158e+10 
           2074     2.22948e+10 
           2078     2.26549e+10 
           2085     2.37188e+10 
           2095     2.60276e+10 
           2105     2.72586e+10 
           2115      2.7164e+10 
           2125     2.66778e+10 
           2135     2.62648e+10 
           2145     2.58568e+10 
           2155     2.58194e+10 
           2165     2.45526e+10 
           2175     2.52097e+10 
           2185     2.39561e+10 
           2195     2.44615e+10 
           2205     2.41177e+10 
           2215     2.27855e+10 
           2225     2.33825e+10 
           2235     2.30508e+10 
           2245     2.26493e+10 
           2255     2.14635e+10 
           2265     2.19808e+10 
           2275     2.16854e+10 
           2285     2.12846e+10 
           2295     2.08177e+10 
           2305     1.98972e+10 
           2315     2.02894e+10 
           2325     2.00776e+10 
           2335      1.9781e+10 
           2345     1.94578e+10 
           2355     1.91489e+10 
           2365       1.886e+10 
           2375     1.85446e+10 
           2385     1.75483e+10 
           2395     1.79248e+10 
           2405     1.76686e+10 
           2415     1.74457e+10 
           2425     1.72784e+10 
           2435      1.7004e+10 
           2445     1.67663e+10 
           2455     1.64555e+10 
           2465     1.62808e+10 
           2475     1.60818e+10 
           2485      1.5816e+10 
           2495       1.512e+10 
           2505     1.53033e+10 
           2513     1.41024e+10 
           2518     1.49116e+10 
           2525     1.48385e+10 
           2535     1.47591e+10 
           2545     1.45666e+10 
           2555     1.43582e+10 
           2565     1.41691e+10 
           2575     1.39656e+10 
           2585      1.3772e+10 
           2595      1.3477e+10 
           2605     1.34081e+10 
           2615     1.31702e+10 
           2625     1.30504e+10 
           2635     1.28756e+10 
           2645     1.26879e+10 
           2655     1.25311e+10 
           2665     1.23592e+10 
           2675     1.21412e+10 
           2685     1.20227e+10 
           2695     1.18486e+10 
           2705     1.17261e+10 
           2715     1.15653e+10 
           2725      1.1406e+10 
           2735     1.08826e+10 
           2745     1.11214e+10 
           2755     1.09718e+10 
           2765      1.0832e+10 
           2775     1.06875e+10 
           2785     1.05342e+10 
           2795     1.03957e+10 
           2805     1.02815e+10 
           2815      1.0152e+10 
           2825     1.00104e+10 
           2835      9.89867e+9 
           2845      9.77848e+9 
           2855      9.65509e+9 
           2865      9.52174e+9 
           2875      9.39999e+9 
           2885      9.29468e+9 
           2895      9.17437e+9 
           2910      9.00795e+9 
           2930      8.79282e+9 
           2950      8.57703e+9 
           2970      8.36283e+9 
           2990      8.14638e+9 
           3010      7.95907e+9 
           3030      7.75092e+9 
           3050      7.57833e+9 
           3070      7.38877e+9 
           3090      7.24215e+9 
           3110      7.07414e+9 
           3130      6.90596e+9 
           3150      6.75816e+9 
           3170      6.59969e+9 
           3190      6.45165e+9 
           3210      6.19566e+9 
           3230      6.17189e+9 
           3250      6.03518e+9 
           3270      5.87278e+9 
           3290      5.76645e+9 
           3310      5.63886e+9 
           3330       5.5163e+9 
           3350      5.38283e+9 
           3370      5.27899e+9 
           3390      5.16147e+9 
           3410      5.04734e+9 
           3430      4.95245e+9 
           3450       4.8376e+9 
           3470      4.74383e+9 
           3490      4.64567e+9 
           3510      4.55346e+9 
           3530      4.45606e+9 
           3550      4.36501e+9 
           3570      4.27606e+9 
           3590      4.18879e+9 
           3610      4.10347e+9 
           3630      4.01863e+9 
           3640      3.89877e+9 
           3650       3.5285e+9 
           3670      3.46272e+9 
           3690      3.40261e+9 
           3710      3.35863e+9 
           3730      3.34329e+9 
           3750      3.34469e+9 
           3770       3.3464e+9 
           3790      3.36679e+9 
           3810      3.38343e+9 
           3830      3.21797e+9 
           3850      3.29901e+9 
           3870      3.27832e+9 
           3890      2.99749e+9 
           3910        3.168e+9 
           3930      3.09704e+9 
           3950      3.05513e+9 
           3970      2.76747e+9 
           3990      2.94047e+9 
           4010      2.90137e+9 
           4030       2.8005e+9 
           4050      2.80369e+9 
           4070      2.74868e+9 
           4090      2.62773e+9 
           4110      2.47019e+9 
           4130      2.59806e+9 
           4150      2.55842e+9 
           4170      2.51444e+9 
           4190      2.45466e+9 
           4210      2.38569e+9 
           4230      2.38445e+9 
           4250      2.34246e+9 
           4270      2.30155e+9 
           4290      2.26152e+9 
           4310      2.21705e+9 
           4330      2.11001e+9 
           4350       2.0164e+9 
           4370      2.10234e+9 
           4390      2.06798e+9 
           4410      2.03493e+9 
           4430      2.00258e+9 
           4450      1.96769e+9 
           4470      1.92769e+9 
           4490      1.90345e+9 
           4510      1.87049e+9 
           4530      1.83531e+9 
           4550      1.77264e+9 
           4570      1.78043e+9 
           4590      1.75153e+9 
           4610      1.72357e+9 
           4630      1.69186e+9 
           4650      1.65509e+9 
           4670      1.63806e+9 
           4690       1.5578e+9 
           4710      1.58804e+9 
           4730      1.56465e+9 
           4750      1.53987e+9 
           4770      1.51545e+9 
           4790        1.491e+9 
           4810      1.46821e+9 
           4830      1.44277e+9 
           4850      1.38732e+9 
           4870      1.30929e+9 
           4890      1.37495e+9 
           4910      1.35759e+9 
           4930      1.33497e+9 
           4950      1.31693e+9 
           4970       1.2969e+9 
           4990      1.27743e+9 
           5010      1.25659e+9 
           5030      1.23907e+9 
           5050      1.22031e+9 
           5070      1.20239e+9 
           5090      1.18467e+9 
           5110      1.16716e+9 
           5130      1.14985e+9 
           5150      1.13298e+9 
           5170      1.11652e+9 
           5190      1.10023e+9 
           5210      1.08414e+9 
           5230      1.06857e+9 
           5250      1.05285e+9 
           5270      1.03753e+9 
           5290      1.02316e+9 
           5310      1.00857e+9 
           5330      9.94178e+8 
           5350      9.80162e+8 
           5370      9.66306e+8 
           5390      9.52662e+8 
           5410      9.18768e+8 
           5430      9.25813e+8 
           5450      9.13375e+8 
           5470      9.00625e+8 
           5490      8.88252e+8 
           5510      8.75784e+8 
           5530      8.64002e+8 
           5550      8.52184e+8 
           5570      8.40381e+8 
           5590      8.28099e+8 
           5610       8.1793e+8 
           5630      8.06888e+8 
           5650      7.96027e+8 
           5670       7.8536e+8 
           5690      7.64489e+8 
           5710      7.12888e+8 
           5730      7.03757e+8 
           5750      6.94745e+8 
           5770      6.86021e+8 
           5790      6.77582e+8 
           5810      6.67524e+8 
           5830      6.62385e+8 
           5850      6.55973e+8 
           5870      6.47792e+8 
           5890      6.44746e+8 
           5910       6.3997e+8 
           5930      6.35638e+8 
           5950      6.31885e+8 
           5970       6.2844e+8 
           5990      6.25814e+8 
           6010      6.21176e+8 
           6030      6.17021e+8 
           6050       6.1196e+8 
           6070      6.04283e+8 
           6090      5.97405e+8 
           6110      5.90333e+8 
           6130      5.83237e+8 
           6150      5.76753e+8 
           6170      5.67804e+8 
           6190       5.6245e+8 
           6210      5.55872e+8 
           6230      5.46746e+8 
           6250      5.41632e+8 
           6270      5.35702e+8 
           6290      5.29188e+8 
           6310      5.19762e+8 
           6330      5.16015e+8 
           6350      5.10274e+8 
           6370      5.04149e+8 
           6390      4.97575e+8 
           6410      4.88332e+8 
           6430      4.86218e+8 
           6450      4.80501e+8 
           6470      4.74799e+8 
           6490      4.69247e+8 
           6510       4.6308e+8 
           6530       4.5295e+8 
           6550      4.46043e+8 
           6570      4.17629e+8 
           6590      4.41037e+8 
           6610      4.37328e+8 
           6630      4.32277e+8 
           6650      4.27303e+8 
           6670      4.20723e+8 
           6690      4.11654e+8 
           6710      4.12559e+8 
           6730      4.08048e+8 
           6750      4.03392e+8 
           6770      3.98868e+8 
           6790      3.94371e+8 
           6810      3.89931e+8 
           6830      3.85551e+8 
           6850      3.81231e+8 
           6870      3.76908e+8 
           6890      3.66922e+8 
           6910      3.68208e+8 
           6930      3.64548e+8 
           6950      3.60527e+8 
           6970      3.56552e+8 
           6990      3.52634e+8 
           7010       3.4874e+8 
           7030      3.44851e+8 
           7050      3.41149e+8 
           7070      3.36862e+8 
           7090       3.3384e+8 
           7110      3.30197e+8 
           7130      3.26621e+8 
           7150      3.23161e+8 
           7170      3.15972e+8 
           7190      3.13913e+8 
           7210      3.12905e+8 
           7230      3.09578e+8 
           7250      3.06295e+8 
           7270      3.03057e+8 
           7290      2.99716e+8 
           7310      2.96655e+8 
           7330      2.93586e+8 
           7350      2.90512e+8 
           7370       2.8746e+8 
           7390      2.84451e+8 
           7410      2.81504e+8 
           7430      2.78612e+8 
           7450      2.75659e+8 
           7470      2.72889e+8 
           7490      2.69989e+8 
           7510      2.67284e+8 
           7530      2.64577e+8 
           7550      2.61876e+8 
           7570      2.59205e+8 
           7590       2.5172e+8 
           7610      2.53514e+8 
           7630      2.51417e+8 
           7650      2.48881e+8 
           7670      2.46381e+8 
           7690       2.4384e+8 
           7710      2.41429e+8 
           7730      2.38965e+8 
           7750      2.36686e+8 
           7770      2.34339e+8 
           7790       2.3202e+8 
           7810      2.29728e+8 
           7830      2.27462e+8 
           7850      2.25173e+8 
           7870      2.22996e+8 
           7890      2.20826e+8 
           7910      2.18687e+8 
           7930      2.16561e+8 
           7950      2.14454e+8 
           7970      2.12335e+8 
           7990      2.10329e+8 
           8010      2.08299e+8 
           8030      2.06276e+8 
           8050      2.04322e+8 
           8070      2.02362e+8 
           8090       2.0043e+8 
           8110       1.9852e+8 
           8130      1.96638e+8 
           8150      1.94773e+8 
           8170      1.92883e+8 
           8190      1.90241e+8 
           8210      1.81105e+8 
           8230      1.78212e+8 
           8250      1.77487e+8 
           8270      1.76173e+8 
           8290      1.74584e+8 
           8310      1.73002e+8 
           8330      1.71391e+8 
           8350      1.69874e+8 
           8370      1.68369e+8 
           8390      1.66888e+8 
           8410      1.65456e+8 
           8430      1.64036e+8 
           8450      1.62627e+8 
           8470      1.61308e+8 
           8490      1.60053e+8 
           8510      1.58755e+8 
           8530      1.57571e+8 
           8550      1.56268e+8 
           8570      1.55211e+8 
           8590      1.53918e+8 
           8610      1.52792e+8 
           8630      1.51933e+8 
           8650      1.50697e+8 
           8670      1.49101e+8 
           8690      1.48759e+8 
           8710      1.47898e+8 
           8730      1.46678e+8 
           8750       1.4429e+8 
           8770      1.44432e+8 
           8790      1.44097e+8 
           8810      1.43298e+8 
           8830      1.42239e+8 
           8850       1.3973e+8 
           8870      1.36898e+8 
           8890      1.38499e+8 
           8910      1.38068e+8 
           8930      1.37124e+8 
           8950       1.3608e+8 
           8970      1.34794e+8 
           8990      1.32899e+8 
           9010      1.28203e+8 
           9030       1.2868e+8 
           9050      1.29869e+8 
           9070      1.29182e+8 
           9090        1.283e+8 
           9110      1.27038e+8 
           9130      1.26243e+8 
           9150      1.25219e+8 
           9170       1.2401e+8 
           9190      1.22606e+8 
           9210      1.20306e+8 
           9230      1.14833e+8 
           9250      1.17956e+8 
           9270      1.18473e+8 
           9290      1.17889e+8 
           9310      1.17014e+8 
           9330      1.15786e+8 
           9350      1.12158e+8 
           9370       1.1359e+8 
           9390      1.13123e+8 
           9410      1.12247e+8 
           9430      1.11331e+8 
           9450      1.10417e+8 
           9470      1.09489e+8 
           9490      1.08493e+8 
           9510      1.07175e+8 
           9530      1.04788e+8 
           9550      9.96573e+7 
           9570      1.03585e+8 
           9590      1.03866e+8 
           9610      1.03357e+8 
           9630      1.02562e+8 
           9650      1.01757e+8 
           9670      1.00938e+8 
           9690      1.00129e+8 
           9710       9.9213e+7 
           9730       9.8519e+7 
           9750      9.75567e+7 
           9770      9.63563e+7 
           9790      9.61911e+7 
           9810      9.54272e+7 
           9830      9.46652e+7 
           9850      9.39238e+7 
           9870      9.31839e+7 
           9890      9.24494e+7 
           9910      9.17197e+7 
           9930      9.10029e+7 
           9950      9.02912e+7 
           9970      8.95846e+7 
           9990      8.88486e+7 
          10025      8.61115e+7 
          10075      8.37743e+7 
          10125      8.28351e+7 
          10175      8.27325e+7 
          10225      8.11649e+7 
          10275       7.9624e+7 
          10325      7.81019e+7 
          10375      7.66722e+7 
          10425      7.48015e+7 
          10475      7.38488e+7 
          10525      7.24856e+7 
          10575      7.11548e+7 
          10625      6.98528e+7 
          10675      6.85817e+7 
          10725      6.73379e+7 
          10775      6.61237e+7 
          10825      6.48457e+7 
          10875      6.37029e+7 
          10925       6.0356e+7 
          10975      6.09019e+7 
          11025      6.04376e+7 
          11075      5.93802e+7 
          11125      5.83423e+7 
          11175      5.73629e+7 
          11225      5.63658e+7 
          11275      5.53927e+7 
          11325      5.44378e+7 
          11375      5.35088e+7 
          11425      5.25971e+7 
          11475      5.17019e+7 
          11525      5.08289e+7 
          11575      4.99718e+7 
          11625      4.85115e+7 
          11675      4.78619e+7 
          11725      4.75093e+7 
          11775      4.67236e+7 
          11825      4.59522e+7 
          11875      4.51973e+7 
          11925      4.44589e+7 
          11975      4.37073e+7 
          12025      4.30241e+7 
          12075      4.23301e+7 
          12125       4.1646e+7 
          12175      4.09795e+7 
          12225      4.03248e+7 
          12275      3.96844e+7 
          12325      3.90555e+7 
          12375      3.84379e+7 
          12425      3.78338e+7 
          12475      3.72432e+7 
          12525      3.66583e+7 
          12575      3.60911e+7 
          12625      3.55338e+7 
          12675      3.49843e+7 
          12725      3.44471e+7 
          12775      3.37395e+7 
          12825      3.20154e+7 
          12875      3.28084e+7 
          12925      3.23971e+7 
          12975       3.1906e+7 
          13025      3.14308e+7 
          13075      3.09617e+7 
          13125      3.04988e+7 
          13175      3.00464e+7 
          13225       2.9602e+7 
          13275      2.91656e+7 
          13325      2.87371e+7 
          13375      2.83163e+7 
          13425       2.7903e+7 
          13475      2.74992e+7 
          13525      2.71006e+7 
          13575      2.67092e+7 
          13625      2.63248e+7 
          13675      2.59493e+7 
          13725      2.55786e+7 
          13775      2.52146e+7 
          13825      2.48571e+7 
          13875       2.4506e+7 
          13925      2.41613e+7 
          13975      2.38229e+7 
          14025      2.34905e+7 
          14075      2.31623e+7 
          14125      2.28418e+7 
          14175      2.25254e+7 
          14225      2.22147e+7 
          14275      2.19096e+7 
          14325      2.16082e+7 
          14375      2.13141e+7 
          14425      2.10253e+7 
          14475      2.07401e+7 
          14525      2.04601e+7 
          14570      2.02132e+7 
          14620      1.99465e+7 
          14675      1.96521e+7 
          14725      1.93781e+7 
          14775      1.89159e+7 
          14825      1.88776e+7 
          14875      1.86317e+7 
          14925      1.83887e+7 
          14975      1.81485e+7 
          15025      1.79445e+7 
          15075      1.77013e+7 
          15125      1.74824e+7 
          15175      1.72561e+7 
          15225      1.70341e+7 
          15275       1.6813e+7 
          15325      1.65863e+7 
          15375      1.63846e+7 
          15425      1.61582e+7 
          15475      1.59627e+7 
          15525      1.57538e+7 
          15575      1.55441e+7 
          15625      1.53753e+7 
          15675      1.51544e+7 
          15725      1.49589e+7 
          15775      1.48059e+7 
          15825      1.46101e+7 
          15875      1.43898e+7 
          15925      1.42346e+7 
          15975      1.40869e+7 
          16050      1.38078e+7 
          16150      1.34476e+7 
          16250       1.3168e+7 
          16350      1.28206e+7 
          16450      1.24781e+7 
          16550      1.22493e+7 
          16650       1.1961e+7 
          16750       1.1637e+7 
          16850      1.13176e+7 
          16950      1.11454e+7 
          17050      1.08831e+7 
          17150      1.06401e+7 
          17250       1.0394e+7 
          17350      1.00245e+7 
          17450      9.91591e+6 
          17550      9.71223e+6 
          17650      9.49632e+6 
          17750      9.28628e+6 
          17850      9.08203e+6 
          17950      8.88339e+6 
          18050      8.68981e+6 
          18150      8.36367e+6 
          18250      8.28842e+6 
          18350      8.14083e+6 
          18450      7.96749e+6 
          18550      7.80015e+6 
          18650      7.53681e+6 
          18750      7.28478e+6 
          18850      7.31688e+6 
          18950      7.16801e+6 
          19050      7.01829e+6 
          19150      6.87574e+6 
          19250      6.73526e+6 
          19350      6.59088e+6 
          19450      6.32292e+6 
          19550      6.32709e+6 
          19650      6.20774e+6 
          19750      6.08408e+6 
          19850      5.96338e+6 
          19950      5.84571e+6 
          20050      5.73095e+6 
          20150      5.61892e+6 
          20250      5.50962e+6 
          20350      5.40304e+6 
          20450      5.29886e+6 
          20550      5.19684e+6 
          20650      5.09815e+6 
          20750      5.00012e+6 
          20850      4.90667e+6 
          20950      4.81446e+6 
          21050      4.72428e+6 
          21150      4.63542e+6 
          21250      4.55016e+6 
          21350      4.46616e+6 
          21450      4.38402e+6 
          21550      4.30049e+6 
          21650      4.11771e+6 
          21750      4.14013e+6 
          21850      4.07376e+6 
          21950      4.00061e+6 
          22050      3.92908e+6 
          22150      3.85905e+6 
          22250      3.79058e+6 
          22350      3.72369e+6 
          22450      3.65816e+6 
          22550      3.59415e+6 
          22650       3.5315e+6 
          22750      3.47022e+6 
          22850      3.41308e+6 
          22950      3.35438e+6 
          23050      3.29688e+6 
          23150      3.24064e+6 
          23250      3.18556e+6 
          23350      3.13166e+6 
          23450       3.0789e+6 
          23550      3.02727e+6 
          23650      2.97668e+6 
          23750      2.92715e+6 
          23850      2.87868e+6 
          23950      2.83118e+6 
          24050      2.78463e+6 
          24150      2.73901e+6 
          24250      2.69436e+6 
          24350      2.65061e+6 
          24450      2.60774e+6 
          24550      2.56572e+6 
          24650      2.52455e+6 
          24750      2.48395e+6 
          24850      2.44466e+6 
          24950      2.40592e+6 
          25050       2.3679e+6 
          25150      2.33064e+6 
          25250      2.29414e+6 
          25350      2.25831e+6 
          25450      2.22321e+6 
          25550      2.18875e+6 
          25650       2.1546e+6 
          25750      2.12188e+6 
          25850      2.08937e+6 
          25950      2.05746e+6 
          26050      2.02493e+6 
          26150      1.98744e+6 
          26250      1.90628e+6 
          26350      1.93069e+6 
          26450      1.90691e+6 
          26550      1.87841e+6 
          26650       1.8498e+6 
          26750      1.81599e+6 
          26850      1.79549e+6 
          26950      1.76984e+6 
          27050      1.74391e+6 
          27150      1.71846e+6 
          27250      1.69349e+6 
          27350      1.66894e+6 
          27450      1.64481e+6 
          27550      1.61155e+6 
          27650      1.59331e+6 
          27750      1.57509e+6 
          27850      1.55268e+6 
          27950      1.53069e+6 
          28050      1.50902e+6 
          28150      1.48781e+6 
          28250      1.46691e+6 
          28350      1.44641e+6 
          28450      1.42621e+6 
          28550      1.40639e+6 
          28650      1.38259e+6 
          28750      1.35408e+6 
          28850      1.34769e+6 
          28950      1.33053e+6 
          29050      1.31237e+6 
          29150      1.29451e+6 
          29250      1.27692e+6 
          29350      1.25966e+6 
          29450      1.24269e+6 
          29550      1.22601e+6 
          29650      1.20961e+6 
          29750      1.19345e+6 
          29850       1.1776e+6 
          29950      1.16198e+6 
          30050      1.14663e+6 
          30150      1.13153e+6 
          30250      1.11599e+6 
          30350      1.08906e+6 
          30450      1.07956e+6 
          30550      1.07351e+6 
          30650      1.05966e+6 
          30750      1.04597e+6 
          30850      1.03251e+6 
          30950      1.01924e+6 
          31050       1.0062e+6 
          31150          993383 
          31250          980747 
          31350          968330 
          31450          956086 
          31550          944055 
          31650          932196 
          31750          920540 
          31850          909049 
          31950          897759 
          32100          881126 
          32300          859523 
          32500          838597 
          32700          818296 
          32900          788364 
          33100          777422 
          33300          761281 
          33500          743323 
          33700          725837 
          33900          708871 
          34100          692416 
          34300          676422 
          34500          660880 
          34700          645807 
          34900          631126 
          35100          616892 
          35300          603027 
          35500          589557 
          35700          576465 
          35900          563748 
          36100          551360 
          36300          539327 
          36500          527578 
          36700          516195 
          36900          505078 
          37100          494229 
          37300          480061 
          37500          467988 
          37700          463566 
          37900          453862 
          38100          444385 
          38300          435185 
          38500          426203 
          38700          417458 
          38900          408944 
          39100          400631 
          39300          392539 
          39500          384637 
          39700          376947 
          39900          369416 
          40100          361945 
          40300          354535 
          40500          341623 
          40700          341140 
          40900          334568 
          41100          328087 
          41300          321758 
          41500          315604 
          41700          308681 
          41900          303705 
          42100          297978 
          42300          292366 
          42500          286888 
          42700          281563 
          42900          276303 
          43100          271230 
          43300          266238 
          43500          261367 
          43700          255429 
          43900          251563 
          44100          247407 
          44300          242971 
          44500          238623 
          44700          234437 
          44900          230279 
          45100          226204 
          45300          222228 
          45500          218332 
          45700          214531 
          45900          210806 
          46100          207172 
          46300          203523 
          46500          195539 
          46700          194645 
          46900          193006 
          47100          190080 
          47300          186876 
          47500          183753 
          47700          180675 
          47900          177675 
          48100          174719 
          48300          171838 
          48500          169014 
          48700          166247 
          48900          163535 
          49100          160877 
          49300          158272 
          49500          155735 
          49700          153234 
          49900          150781 
          50100          148380 
          50300          146028 
          50500          143721 
          50700          141458 
          50900          139240 
          51100          136850 
          51300          133203 
          51500          132711 
          51700          130793 
          51900          128782 
          52100          126809 
          52300          124874 
          52500          122974 
          52700          121112 
          52900          119284 
          53100          117491 
          53300          115731 
          53500          114004 
          53700          112309 
          53900          110644 
          54100          109012 
          54300          107409 
          54500          105835 
          54700          104289 
          54900          102772 
          55100          101282 
          55300         99818.3 
          55500         98382.3 
          55700         96971.5 
          55900         95585.5 
          56100         94225.4 
          56300           92888 
          56500         91574.3 
          56700         90283.7 
          56900         89014.7 
          57100         87768.1 
          57300           86545 
          57500         85342.5 
          57700           84161 
          57900         82998.7 
          58100         81856.8 
          58300         80734.1 
          58500         79644.7 
          58700         78559.7 
          58900         77290.7 
          59100         74980.2 
          59300         75284.2 
          59500         74279.9 
          59700         73373.9 
          59900         72424.8 
          60100         71460.6 
          60300         70513.9 
          60500         69581.2 
          60700         68664.5 
          60900           67763 
          61100         66876.2 
          61300         66003.5 
          61500         65144.6 
          61700         64300.4 
          61900         63468.5 
          62100         62651.2 
          62300         61846.6 
          62500         61054.2 
          62700         60274.2 
          62900         59278.3 
          63100         58715.9 
          63300         58010.7 
          63500         57280.4 
          63700         56561.2 
          63900         55852.5 
          64200         54810.8 
          64600         53458.7 
          65000         52147.4 
          65400         50877.5 
          65800         49644.7 
          66200         48449.2 
          66600         47289.6 
          67000         46164.4 
          67400         45044.1 
          67800         43818.6 
          68200         42982.7 
          68600         41983.5 
          69000         41013.1 
          69400         40070.9 
          69800           39155 
          70200         38265.2 
          70600         37399.7 
          71000         36559.4 
          71400         35742.5 
          71800         34947.7 
          72200         34174.8 
          72600         33424.2 
          73000         32692.7 
          73400         31982.2 
          73800         31289.6 
          74200         30608.5 
          74600         29371.3 
          75000         28707.9 
          75400         28650.6 
          75800         28097.2 
          76200         27508.4 
          76600         26934.9 
          77000         26376.2 
          77400         25831.4 
          77800         25300.7 
          78200         24784.4 
          78600         24280.3 
          79000         23789.4 
          79400         23310.1 
          79800         22843.3 
          80200         22388.1 
          80600         21943.8 
          81000         21510.6 
          81400         21087.6 
          81800         20675.8 
          82200         20273.8 
          82600         19881.3 
          83000         19498.2 
          83400         19124.2 
          83800         18759.2 
          84200         18402.8 
          84600           18055 
          85000         17715.5 
          85400         17383.6 
          85800         17059.1 
          86200         16742.5 
          86600         16412.8 
          87000         16130.4 
          87400         15732.5 
          87800         15445.3 
          88200         15264.9 
          88600         14989.1 
          89000         14719.6 
          89400         14455.8 
          89800         14198.3 
          90200         13946.3 
          90600         13699.9 
          91000         13458.8 
          91400         13223.1 
          91800         12992.3 
          92200         12766.8 
          92600         12545.6 
          93000         12329.9 
          93400         12118.2 
          93800         11877.2 
          94200         11699.8 
          94600         11510.5 
          95000         11316.5 
          95400         11126.6 
          95800         10940.3 
          96200         10758.3 
          96600         10579.8 
          97000           10405 
          97400         10233.6 
          97800         10066.1 
          98200         9901.88 
          98600         9740.71 
          99000         9582.96 
          99400         9428.59 
          99800         9277.14 
         100200         9128.53 
         200000         559.763 
         400000         33.8232 
         600000         6.53587 
         800000          2.0347 
         1.0e+6         0.82278 
         1.2e+6        0.392611 
         1.4e+6        0.210046 
         1.6e+6        0.122168 
