# Kurucz ODFNEW /NOVER models
# teff = 26000 K (value for the effective temperature for the model. Temperatures are given in K)
# logg = 4.00 log(cm/s2) (value for Log(G) for the model.)
# meta = -0.5  (value for the Metallicity for the model.)
# lh = 1.25  (l/Hp where l is the  mixing length of the convective element and Hp is the pressure scale height)
# vtur = 2.0 km/s (Microturbulence velocity)
#
# column 1: WAVELENGTH (ANGSTROM), Wavelength in Angstrom
# column 2: FLUX (ERG/CM2/S/A), Flux in erg/cm2/s/A
              0               0 
           90.9               0 
           93.5               0 
           96.1               0 
           97.7               0 
           99.6               0 
            102               0 
          103.8               0 
          105.6     1.32512e-22 
          107.7     7.16612e-22 
          110.4     4.39007e-21 
            114     4.14037e-20 
          117.8     3.84688e-19 
          121.3     2.67921e-18 
          124.8     1.69108e-17 
          127.1     5.40292e-17 
          128.4     1.02483e-16 
          130.5     2.81448e-16 
          132.4     6.85389e-16 
          133.9     1.36209e-15 
          136.6     4.54087e-15 
          139.8     1.79504e-14 
          143.3      7.5906e-14 
          147.2     3.52409e-13 
            151     1.46766e-12 
          155.2     6.60149e-12 
          158.8      2.2621e-11 
            162     6.48496e-11 
            166     2.29448e-10 
          170.3     8.38502e-10 
          173.4      2.05659e-9 
          176.8      5.31346e-9 
          180.2      1.32619e-8 
          181.7       1.9645e-8 
          186.1      6.00874e-8 
            191      1.96704e-7 
          193.9      3.85926e-7 
          198.4      1.05642e-6 
          201.8      2.19461e-6 
            205      4.27129e-6 
          210.5      1.27991e-5 
          216.2      3.76051e-5 
          219.8      7.21325e-5 
            223       0.0001264 
          226.8      0.00024114 
            230       0.0351782 
            234       0.0810759 
            240        0.176494 
          246.5        0.397915 
          252.4        0.809748 
          256.8         1.23417 
            260         1.96502 
            264         2.96061 
          268.5         4.74646 
          273.5         7.79325 
          278.5         12.5353 
            284         21.8385 
            290         36.6853 
            296         60.6141 
            301         89.1046 
            308         149.685 
            318         339.218 
            328         655.208 
            338         1283.89 
            348         2346.69 
            357         5385.11 
            366         9213.25 
            375         13850.6 
            385         22415.8 
            395         36136.1 
            405         54052.6 
            414         78110.6 
            422          103180 
            430          140325 
            441          205023 
            451          282361 
            460          368130 
            470          502404 
            480          664952 
            490          879345 
            500      1.14205e+6 
            506       6.7468e+6 
            512       2.9353e+7 
            520      3.28009e+7 
            530      3.81747e+7 
            540       3.9974e+7 
            550      5.34446e+7 
            560      6.16415e+7 
            570      7.18501e+7 
            580      7.01373e+7 
            590      8.77367e+7 
            600      9.64303e+7 
            610      1.10184e+8 
            620      1.21242e+8 
            630      1.30702e+8 
            640       1.2997e+8 
            650      1.25922e+8 
            658      1.54202e+8 
            665      1.72194e+8 
            675       1.7959e+8 
            685      1.86685e+8 
            695       2.2474e+8 
            705      2.29536e+8 
            716      2.56305e+8 
            726      2.66832e+8 
            735      2.77695e+8 
            745      3.07752e+8 
            755      3.25647e+8 
            765      3.46722e+8 
            775      3.68976e+8 
            785      3.93559e+8 
            795      4.08419e+8 
            805       4.2534e+8 
            815      4.37262e+8 
            825      4.70072e+8 
            835      4.45621e+8 
            845      4.93494e+8 
            855       5.0897e+8 
            865      5.37534e+8 
            875      5.68619e+8 
            885      6.03557e+8 
            895      6.27816e+8 
            905      6.34349e+8 
            915      8.73041e+8 
            925      5.71638e+9 
            935       1.357e+10 
            945     2.67323e+10 
            955     3.20967e+10 
            965     3.85581e+10 
            975     1.00343e+10 
            985     3.52244e+10 
            995     3.29319e+10 
           1005     3.60782e+10 
           1015     3.55728e+10 
           1025     1.85402e+10 
           1035     2.99176e+10 
           1045     4.00007e+10 
           1055     3.74048e+10 
           1065     3.20325e+10 
           1075     3.52142e+10 
           1085     3.17537e+10 
           1095     3.48791e+10 
           1105     3.23932e+10 
           1115     3.19573e+10 
           1125     2.73121e+10 
           1135     3.18089e+10 
           1145     2.91637e+10 
           1155      2.9734e+10 
           1165     2.93756e+10 
           1175     2.01923e+10 
           1185     2.75339e+10 
           1195     2.58918e+10 
           1205     2.05891e+10 
           1215     1.31749e+10 
           1225     2.33847e+10 
           1235     2.56954e+10 
           1245     2.50752e+10 
           1255      2.4682e+10 
           1265      2.4703e+10 
           1275     2.50725e+10 
           1285     2.46153e+10 
           1295     2.01958e+10 
           1305     2.10596e+10 
           1315     2.35181e+10 
           1325     2.22353e+10 
           1335     2.14785e+10 
           1345     2.14436e+10 
           1355     2.13478e+10 
           1365     2.00996e+10 
           1375      1.9624e+10 
           1385     1.93029e+10 
           1395     1.55691e+10 
           1405     1.63194e+10 
           1415      1.7544e+10 
           1425     1.68675e+10 
           1435     1.72308e+10 
           1442     1.74742e+10 
           1447     1.71207e+10 
           1455     1.66637e+10 
           1465     1.57868e+10 
           1475     1.57844e+10 
           1485     1.55305e+10 
           1495     1.51917e+10 
           1505     1.41581e+10 
           1512     1.29656e+10 
           1517     1.32756e+10 
           1525     1.34154e+10 
           1535     1.17536e+10 
           1545     1.15977e+10 
           1555     1.11041e+10 
           1565     1.18094e+10 
           1575     1.23061e+10 
           1585     1.21696e+10 
           1595     1.20884e+10 
           1605     1.18147e+10 
           1615     1.14832e+10 
           1625     1.14373e+10 
           1635     1.17839e+10 
           1645     1.15659e+10 
           1655     1.15212e+10 
           1665     1.14961e+10 
           1672     1.10754e+10 
           1677     1.17994e+10 
           1685     1.14058e+10 
           1695     1.09219e+10 
           1705     1.05765e+10 
           1715     1.01238e+10 
           1725      9.94094e+9 
           1735     1.01334e+10 
           1745      9.93063e+9 
           1755      9.93045e+9 
           1765      9.69766e+9 
           1775      9.27123e+9 
           1785      9.33614e+9 
           1795       9.4196e+9 
           1805      9.41459e+9 
           1815      8.69578e+9 
           1825      8.86801e+9 
           1835      8.64341e+9 
           1845      7.93287e+9 
           1855      7.98036e+9 
           1865      8.08684e+9 
           1875      8.22981e+9 
           1885       7.4455e+9 
           1895      6.95545e+9 
           1905      7.40478e+9 
           1915      7.07258e+9 
           1925      6.74218e+9 
           1935      7.06518e+9 
           1945      7.20245e+9 
           1955      6.54207e+9 
           1967      6.94916e+9 
           1976      7.23054e+9 
           1984      6.72548e+9 
           1995       6.5847e+9 
           2005      6.71475e+9 
           2015      6.68957e+9 
           2025      6.80493e+9 
           2035      6.29417e+9 
           2045       6.3216e+9 
           2055      6.05218e+9 
           2065      6.05176e+9 
           2074      6.29774e+9 
           2078      5.84652e+9 
           2085      6.01621e+9 
           2095      5.77202e+9 
           2105      5.94111e+9 
           2115      5.90837e+9 
           2125      5.96362e+9 
           2135      5.84316e+9 
           2145      5.57806e+9 
           2155      5.72514e+9 
           2165      5.67222e+9 
           2175      5.58166e+9 
           2185      5.46336e+9 
           2195      5.47046e+9 
           2205      5.41296e+9 
           2215      5.33954e+9 
           2225       5.2184e+9 
           2235      5.12435e+9 
           2245      5.13158e+9 
           2255      5.00809e+9 
           2265      5.00465e+9 
           2275       4.9365e+9 
           2285      4.89939e+9 
           2295      4.61674e+9 
           2305       4.7458e+9 
           2315      4.63959e+9 
           2325      4.58221e+9 
           2335      4.48334e+9 
           2345      4.48259e+9 
           2355      4.44472e+9 
           2365      4.39106e+9 
           2375      4.30895e+9 
           2385      4.26434e+9 
           2395      4.20654e+9 
           2405       4.1491e+9 
           2415      4.09169e+9 
           2425       4.0707e+9 
           2435      3.98097e+9 
           2445      3.95633e+9 
           2455        3.931e+9 
           2465      3.87479e+9 
           2475      3.81888e+9 
           2485       3.7624e+9 
           2495      3.43166e+9 
           2505      3.65465e+9 
           2513      3.52076e+9 
           2518      3.60204e+9 
           2525      3.57886e+9 
           2535      3.53689e+9 
           2545      3.44093e+9 
           2555      3.43997e+9 
           2565      3.40163e+9 
           2575       3.3786e+9 
           2585        3.336e+9 
           2595      3.29853e+9 
           2605       3.2731e+9 
           2615      3.23185e+9 
           2625      3.20076e+9 
           2635      3.16338e+9 
           2645      3.12357e+9 
           2655      3.09326e+9 
           2665      3.02224e+9 
           2675      3.00164e+9 
           2685       2.9894e+9 
           2695      2.90439e+9 
           2705      2.88408e+9 
           2715       2.8637e+9 
           2725      2.82567e+9 
           2735      2.80882e+9 
           2745       2.7572e+9 
           2755      2.73826e+9 
           2765      2.69479e+9 
           2775      2.69526e+9 
           2785      2.65705e+9 
           2795      2.57673e+9 
           2805      2.58362e+9 
           2815      2.57604e+9 
           2825      2.52781e+9 
           2835      2.46745e+9 
           2845      2.48765e+9 
           2855      2.45163e+9 
           2865      2.43266e+9 
           2875      2.40611e+9 
           2885      2.38095e+9 
           2895      2.35046e+9 
           2910      2.30716e+9 
           2930      2.26229e+9 
           2950      2.19727e+9 
           2970      2.16593e+9 
           2990      2.11683e+9 
           3010      2.05898e+9 
           3030      2.03242e+9 
           3050      1.99273e+9 
           3070       1.9539e+9 
           3090      1.89294e+9 
           3110      1.87152e+9 
           3130      1.83068e+9 
           3150      1.79547e+9 
           3170      1.75561e+9 
           3190      1.71122e+9 
           3210      1.68931e+9 
           3230       1.6526e+9 
           3250      1.62259e+9 
           3270      1.58998e+9 
           3290      1.55716e+9 
           3310      1.52964e+9 
           3330      1.49864e+9 
           3350      1.46869e+9 
           3370      1.44168e+9 
           3390      1.41584e+9 
           3410      1.38924e+9 
           3430      1.35688e+9 
           3450      1.32682e+9 
           3470      1.30482e+9 
           3490      1.27982e+9 
           3510      1.25977e+9 
           3530      1.24022e+9 
           3550      1.21743e+9 
           3570      1.20094e+9 
           3590      1.16915e+9 
           3610       1.1499e+9 
           3630      1.12937e+9 
           3640       1.1275e+9 
           3650      1.10433e+9 
           3670      1.09059e+9 
           3690      1.06721e+9 
           3710      1.03031e+9 
           3730      9.91857e+8 
           3750      1.03309e+9 
           3770      1.02738e+9 
           3790      1.06857e+9 
           3810      1.10459e+9 
           3830      9.78211e+8 
           3850      1.12022e+9 
           3870       1.1141e+9 
           3890       9.2733e+8 
           3910       1.0978e+9 
           3930      1.06966e+9 
           3950      1.05745e+9 
           3970      8.60623e+8 
           3990      1.01771e+9 
           4010      1.00929e+9 
           4030      9.58011e+8 
           4050      9.81302e+8 
           4070      9.48348e+8 
           4090       8.8964e+8 
           4110      7.94759e+8 
           4130      8.97759e+8 
           4150       8.9059e+8 
           4170      8.83303e+8 
           4190      8.70771e+8 
           4210      8.59796e+8 
           4230      8.43496e+8 
           4250      8.25314e+8 
           4270      8.04811e+8 
           4290      7.96363e+8 
           4310      7.77185e+8 
           4330      7.18704e+8 
           4350      6.59867e+8 
           4370      7.38848e+8 
           4390      7.21124e+8 
           4410        7.219e+8 
           4430      7.12211e+8 
           4450      7.02075e+8 
           4470       6.6777e+8 
           4490      6.79234e+8 
           4510      6.71667e+8 
           4530      6.60626e+8 
           4550      6.49698e+8 
           4570      6.38957e+8 
           4590      6.29019e+8 
           4610      6.17953e+8 
           4630      6.08654e+8 
           4650      5.92471e+8 
           4670      5.90034e+8 
           4690      5.83075e+8 
           4710      5.64413e+8 
           4730      5.63844e+8 
           4750      5.54631e+8 
           4770      5.50569e+8 
           4790      5.41809e+8 
           4810      5.32267e+8 
           4830      5.21747e+8 
           4850      4.90098e+8 
           4870      4.41969e+8 
           4890       4.9919e+8 
           4910      4.94211e+8 
           4930      4.77608e+8 
           4950      4.79812e+8 
           4970      4.74694e+8 
           4990      4.67505e+8 
           5010       4.5227e+8 
           5030      4.53982e+8 
           5050      4.44334e+8 
           5070      4.41468e+8 
           5090      4.34981e+8 
           5110      4.28625e+8 
           5130      4.21439e+8 
           5150      4.15755e+8 
           5170      4.10982e+8 
           5190      4.05484e+8 
           5210      3.99503e+8 
           5230      3.94266e+8 
           5250      3.88903e+8 
           5270      3.83351e+8 
           5290      3.78359e+8 
           5310      3.73068e+8 
           5330        3.681e+8 
           5350      3.62929e+8 
           5370      3.58351e+8 
           5390      3.53401e+8 
           5410      3.48797e+8 
           5430      3.44036e+8 
           5450      3.39398e+8 
           5470      3.34916e+8 
           5490      3.30545e+8 
           5510      3.26387e+8 
           5530      3.21911e+8 
           5550      3.17921e+8 
           5570      3.13685e+8 
           5590      3.09722e+8 
           5610      3.05626e+8 
           5630      3.01783e+8 
           5650      2.97454e+8 
           5670      2.93004e+8 
           5690      2.88737e+8 
           5710      2.86233e+8 
           5730      2.82701e+8 
           5750      2.78675e+8 
           5770       2.7583e+8 
           5790       2.7231e+8 
           5810       2.6892e+8 
           5830      2.65316e+8 
           5850      2.62173e+8 
           5870      2.51949e+8 
           5890      2.54574e+8 
           5910      2.52325e+8 
           5930       2.4903e+8 
           5950        2.459e+8 
           5970      2.43494e+8 
           5990      2.40139e+8 
           6010       2.3749e+8 
           6030      2.34456e+8 
           6050      2.31735e+8 
           6070      2.29055e+8 
           6090      2.26314e+8 
           6110      2.23624e+8 
           6130      2.20994e+8 
           6150      2.17985e+8 
           6170      2.15565e+8 
           6190      2.13171e+8 
           6210      2.10697e+8 
           6230      2.08249e+8 
           6250      2.05674e+8 
           6270      2.03348e+8 
           6290       2.0102e+8 
           6310      1.98631e+8 
           6330        1.964e+8 
           6350      1.93913e+8 
           6370      1.91843e+8 
           6390      1.89647e+8 
           6410      1.87494e+8 
           6430        1.854e+8 
           6450      1.83274e+8 
           6470      1.80936e+8 
           6490      1.78955e+8 
           6510      1.77084e+8 
           6530      1.74473e+8 
           6550      1.68149e+8 
           6570      1.50265e+8 
           6590       1.6732e+8 
           6610       1.6718e+8 
           6630      1.65555e+8 
           6650       1.6376e+8 
           6670      1.60544e+8 
           6690       1.5882e+8 
           6710      1.58485e+8 
           6730      1.56605e+8 
           6750      1.55066e+8 
           6770      1.53379e+8 
           6790      1.51243e+8 
           6810      1.49998e+8 
           6830      1.48378e+8 
           6850      1.46838e+8 
           6870      1.45266e+8 
           6890      1.43654e+8 
           6910       1.4209e+8 
           6930      1.40652e+8 
           6950      1.39172e+8 
           6970        1.377e+8 
           6990      1.36235e+8 
           7010      1.34807e+8 
           7030      1.33385e+8 
           7050      1.31985e+8 
           7070      1.28617e+8 
           7090      1.29256e+8 
           7110      1.27748e+8 
           7130      1.26491e+8 
           7150      1.25269e+8 
           7170      1.23962e+8 
           7190      1.22713e+8 
           7210      1.21453e+8 
           7230      1.19139e+8 
           7250      1.18905e+8 
           7270       1.1776e+8 
           7290      1.15655e+8 
           7310      1.15368e+8 
           7330      1.14213e+8 
           7350       1.1307e+8 
           7370      1.11937e+8 
           7390      1.10814e+8 
           7410      1.09709e+8 
           7430      1.08601e+8 
           7450      1.07536e+8 
           7470      1.06327e+8 
           7490       1.0541e+8 
           7510      1.04335e+8 
           7530      1.03323e+8 
           7550      1.02334e+8 
           7570      1.01334e+8 
           7590      1.00343e+8 
           7610      9.93215e+7 
           7630      9.83874e+7 
           7650      9.74424e+7 
           7670       9.6493e+7 
           7690      9.55585e+7 
           7710      9.46388e+7 
           7730      9.37208e+7 
           7750      9.28301e+7 
           7770      9.18099e+7 
           7790      9.10722e+7 
           7810      9.01494e+7 
           7830      8.93453e+7 
           7850      8.85542e+7 
           7870      8.76911e+7 
           7890      8.67692e+7 
           7910      8.60779e+7 
           7930       8.5243e+7 
           7950      8.43973e+7 
           7970       8.3476e+7 
           7990      8.26986e+7 
           8010      8.19282e+7 
           8030        8.117e+7 
           8050      8.04649e+7 
           8070      7.97772e+7 
           8090       7.8894e+7 
           8110      7.81388e+7 
           8130      7.76238e+7 
           8150      7.67951e+7 
           8170      7.62333e+7 
           8190      7.53729e+7 
           8210      7.45032e+7 
           8230      7.39522e+7 
           8250      7.34006e+7 
           8270      7.22803e+7 
           8290      7.20086e+7 
           8310      7.13953e+7 
           8330      7.07378e+7 
           8350      6.97671e+7 
           8370      6.93426e+7 
           8390      6.88359e+7 
           8410      6.82052e+7 
           8430      6.75375e+7 
           8450      6.64742e+7 
           8470      6.62445e+7 
           8490      6.56297e+7 
           8510      6.48691e+7 
           8530        6.456e+7 
           8550      6.30937e+7 
           8570      6.41331e+7 
           8590      6.16038e+7 
           8610      6.13942e+7 
           8630      6.29816e+7 
           8650      6.12203e+7 
           8670      5.76156e+7 
           8690      6.13963e+7 
           8710      6.15816e+7 
           8730      5.97624e+7 
           8750      5.44756e+7 
           8770      5.80626e+7 
           8790      5.97342e+7 
           8810      5.93907e+7 
           8830      5.86484e+7 
           8850      5.52523e+7 
           8870      5.14123e+7 
           8890       5.6644e+7 
           8910      5.69357e+7 
           8930      5.65154e+7 
           8950      5.62021e+7 
           8970      5.56286e+7 
           8990      5.41323e+7 
           9010      4.85787e+7 
           9030      5.08769e+7 
           9050      5.34536e+7 
           9070      5.29158e+7 
           9090      5.28702e+7 
           9110      5.26609e+7 
           9130      5.22679e+7 
           9150      5.18326e+7 
           9170      5.11857e+7 
           9190      5.06643e+7 
           9210      4.85568e+7 
           9230      4.32768e+7 
           9250      4.78649e+7 
           9270      4.88818e+7 
           9290       4.8811e+7 
           9310      4.82843e+7 
           9330      4.80603e+7 
           9350      4.77084e+7 
           9370      4.73591e+7 
           9390      4.69823e+7 
           9410      4.65743e+7 
           9430      4.62244e+7 
           9450      4.58518e+7 
           9470      4.51964e+7 
           9490      4.49976e+7 
           9510      4.40755e+7 
           9530      4.22893e+7 
           9550      3.80194e+7 
           9570       4.2492e+7 
           9590      4.30934e+7 
           9610      4.27957e+7 
           9630      4.24149e+7 
           9650      4.23445e+7 
           9670      4.20126e+7 
           9690      4.16427e+7 
           9710      4.12236e+7 
           9730      4.10344e+7 
           9750      4.07115e+7 
           9770      4.03991e+7 
           9790       4.0085e+7 
           9810      3.97612e+7 
           9830      3.94668e+7 
           9850      3.91592e+7 
           9870      3.88498e+7 
           9890      3.85389e+7 
           9910      3.81309e+7 
           9930      3.79717e+7 
           9950      3.76803e+7 
           9970      3.73805e+7 
           9990      3.70253e+7 
          10025      3.52052e+7 
          10075      3.40567e+7 
          10125      3.51258e+7 
          10175      3.46017e+7 
          10225      3.39455e+7 
          10275      3.33333e+7 
          10325      3.25979e+7 
          10375      3.21231e+7 
          10425      3.15385e+7 
          10475      3.09671e+7 
          10525      3.04059e+7 
          10575      2.98624e+7 
          10625      2.93287e+7 
          10675      2.87501e+7 
          10725      2.82963e+7 
          10775      2.77968e+7 
          10825      2.70185e+7 
          10875      2.67623e+7 
          10925       2.4423e+7 
          10975      2.54074e+7 
          11025      2.52902e+7 
          11075      2.50059e+7 
          11125      2.45944e+7 
          11175      2.41757e+7 
          11225       2.3753e+7 
          11275       2.3357e+7 
          11325      2.29609e+7 
          11375      2.25856e+7 
          11425      2.22048e+7 
          11475       2.1841e+7 
          11525      2.14797e+7 
          11575       2.1121e+7 
          11625      2.07775e+7 
          11675      2.04355e+7 
          11725       2.0107e+7 
          11775      1.97798e+7 
          11825      1.94617e+7 
          11875      1.91491e+7 
          11925      1.88426e+7 
          11975      1.83698e+7 
          12025      1.82471e+7 
          12075      1.79589e+7 
          12125      1.76755e+7 
          12175      1.73979e+7 
          12225      1.71259e+7 
          12275      1.68593e+7 
          12325      1.65976e+7 
          12375       1.6341e+7 
          12425      1.60894e+7 
          12475      1.58389e+7 
          12525      1.55662e+7 
          12575      1.53603e+7 
          12625      1.51282e+7 
          12675      1.49015e+7 
          12725      1.46743e+7 
          12775      1.42178e+7 
          12825      1.32038e+7 
          12875      1.39471e+7 
          12925      1.38203e+7 
          12975      1.35233e+7 
          13025      1.34152e+7 
          13075      1.32201e+7 
          13125       1.3027e+7 
          13175      1.28368e+7 
          13225      1.26511e+7 
          13275      1.24683e+7 
          13325       1.2288e+7 
          13375      1.21112e+7 
          13425      1.19275e+7 
          13475       1.1769e+7 
          13525      1.16008e+7 
          13575      1.14376e+7 
          13625      1.12745e+7 
          13675       1.1118e+7 
          13725       1.0961e+7 
          13775      1.08099e+7 
          13825      1.06595e+7 
          13875      1.05118e+7 
          13925       1.0364e+7 
          13975       1.0223e+7 
          14025      1.00832e+7 
          14075      9.94627e+6 
          14125      9.81065e+6 
          14175      9.67745e+6 
          14225      9.54677e+6 
          14275       9.4181e+6 
          14325       9.2915e+6 
          14375      9.16681e+6 
          14425      9.04492e+6 
          14475      8.92446e+6 
          14525      8.80616e+6 
          14570      8.70145e+6 
          14620      8.58405e+6 
          14675      8.46086e+6 
          14725      8.35084e+6 
          14775      8.24231e+6 
          14825      8.13607e+6 
          14875      8.03123e+6 
          14925      7.92813e+6 
          14975      7.82638e+6 
          15025      7.72583e+6 
          15075      7.61233e+6 
          15125      7.53013e+6 
          15175      7.43365e+6 
          15225      7.33988e+6 
          15275      7.24395e+6 
          15325      7.15089e+6 
          15375      7.06542e+6 
          15425      6.96346e+6 
          15475      6.88911e+6 
          15525      6.80121e+6 
          15575      6.68774e+6 
          15625      6.65332e+6 
          15675      6.53353e+6 
          15725      6.42545e+6 
          15775      6.41976e+6 
          15825      6.33623e+6 
          15875      6.12479e+6 
          15925      6.15753e+6 
          15975      6.12686e+6 
          16050       5.9874e+6 
          16150      5.76384e+6 
          16250      5.75347e+6 
          16350       5.5631e+6 
          16450      5.34017e+6 
          16550      5.36344e+6 
          16650       5.2401e+6 
          16750      5.05822e+6 
          16850      4.84641e+6 
          16950      4.88578e+6 
          17050      4.75087e+6 
          17150      4.66939e+6 
          17250      4.55993e+6 
          17350      4.27939e+6 
          17450       4.3454e+6 
          17550      4.26803e+6 
          17650      4.17458e+6 
          17750      4.08341e+6 
          17850      3.99324e+6 
          17950      3.90887e+6 
          18050      3.82184e+6 
          18150      3.59298e+6 
          18250      3.63414e+6 
          18350      3.58648e+6 
          18450      3.51096e+6 
          18550      3.43478e+6 
          18650      3.33966e+6 
          18750      3.16182e+6 
          18850      3.22508e+6 
          18950      3.16185e+6 
          19050      3.08618e+6 
          19150      3.03534e+6 
          19250       2.9744e+6 
          19350      2.90791e+6 
          19450      2.72284e+6 
          19550      2.78899e+6 
          19650      2.74448e+6 
          19750      2.69048e+6 
          19850      2.63782e+6 
          19950      2.58646e+6 
          20050      2.53626e+6 
          20150       2.4873e+6 
          20250      2.43956e+6 
          20350       2.3929e+6 
          20450      2.34658e+6 
          20550      2.29819e+6 
          20650      2.25956e+6 
          20750      2.21718e+6 
          20850      2.17577e+6 
          20950      2.13531e+6 
          21050      2.09585e+6 
          21150       2.0493e+6 
          21250      2.01955e+6 
          21350      1.98274e+6 
          21450       1.9462e+6 
          21550      1.90749e+6 
          21650      1.78719e+6 
          21750      1.83562e+6 
          21850      1.80931e+6 
          21950       1.7784e+6 
          22050      1.74696e+6 
          22150      1.71625e+6 
          22250      1.68579e+6 
          22350      1.65671e+6 
          22450      1.62793e+6 
          22550      1.59974e+6 
          22650      1.57214e+6 
          22750      1.54517e+6 
          22850      1.51862e+6 
          22950      1.49282e+6 
          23050      1.46721e+6 
          23150      1.44289e+6 
          23250      1.41873e+6 
          23350      1.39506e+6 
          23450      1.37181e+6 
          23550      1.34912e+6 
          23650      1.32682e+6 
          23750      1.30505e+6 
          23850      1.28367e+6 
          23950      1.26272e+6 
          24050      1.24215e+6 
          24150      1.22194e+6 
          24250      1.20233e+6 
          24350      1.18289e+6 
          24450      1.16371e+6 
          24550       1.1455e+6 
          24650       1.1268e+6 
          24750      1.10714e+6 
          24850      1.09245e+6 
          24950      1.07251e+6 
          25050      1.05862e+6 
          25150      1.04224e+6 
          25250      1.02124e+6 
          25350       1.0098e+6 
          25450          995536 
          25550          978813 
          25650          956482 
          25750          949805 
          25850          937736 
          25950          922800 
          26050          904516 
          26150          877942 
          26250          839503 
          26350          864829 
          26450          856687 
          26550          843619 
          26650          828228 
          26750          798884 
          26850          803708 
          26950          796147 
          27050          784608 
          27150          773216 
          27250          762072 
          27350          751121 
          27450          738958 
          27550          708835 
          27650          710814 
          27750          708832 
          27850          699281 
          27950          689415 
          28050          679722 
          28150          670288 
          28250          660973 
          28350          651773 
          28450          642776 
          28550          633428 
          28650          619560 
          28750          593697 
          28850          606426 
          28950          599999 
          29050          591856 
          29150          583900 
          29250          576039 
          29350          568317 
          29450          560729 
          29550          553228 
          29650          545904 
          29750          538664 
          29850          531595 
          29950          524565 
          30050          517700 
          30150          510873 
          30250          503385 
          30350          481422 
          30450          481799 
          30550          484504 
          30650          478742 
          30750          472524 
          30850          466537 
          30950          460658 
          31050          454803 
          31150          449014 
          31250          443330 
          31350          437784 
          31450          432301 
          31550          426913 
          31650          421589 
          31750          416358 
          31850          411186 
          31950          406144 
          32100          398664 
          32300          388975 
          32500          379567 
          32700          370427 
          32900          351564 
          33100          350730 
          33300          344288 
          33500          336331 
          33700          328528 
          33900          320925 
          34100          313538 
          34300          306361 
          34500          299384 
          34700          292604 
          34900          286019 
          35100          279610 
          35300          273382 
          35500          267321 
          35700          261422 
          35900          255726 
          36100          250096 
          36300          244732 
          36500          239349 
          36700          234442 
          36900          229097 
          37100          224090 
          37300          216736 
          37500          210771 
          37700          210679 
          37900          206647 
          38100          201659 
          38300          197612 
          38500          194141 
          38700          190185 
          38900          186071 
          39100          181284 
          39300          178824 
          39500          175323 
          39700          171840 
          39900          168437 
          40100          164165 
          40300          160271 
          40500          154631 
          40700          155519 
          40900          152644 
          41100          149710 
          41300          146718 
          41500          143881 
          41700          138989 
          41900          138423 
          42100          136051 
          42300          133508 
          42500          130959 
          42700          128599 
          42900          126017 
          43100          123911 
          43300          121648 
          43500          119387 
          43700          115081 
          43900          114453 
          44100          113094 
          44300          111075 
          44500          109101 
          44700          107288 
          44900          105398 
          45100          103547 
          45300          101737 
          45500           99967 
          45700         98235.4 
          45900         96540.7 
          46100         94838.1 
          46300         93043.3 
          46500         88589.3 
          46700           87561 
          46900         88062.5 
          47100         87070.2 
          47300         85643.2 
          47500         84213.8 
          47700         82815.6 
          47900         81445.5 
          48100         80103.6 
          48300         78789.4 
          48500         77501.7 
          48700         76240.8 
          48900         75003.9 
          49100         73793.9 
          49300         72605.8 
          49500         71443.8 
          49700         70302.5 
          49900         69186.4 
          50100         68090.4 
          50300         67016.8 
          50500         65964.2 
          50700         64931.7 
          50900         63881.6 
          51100         62649.7 
          51300         60097.9 
          51500           60794 
          51700         60011.6 
          51900         59144.3 
          52100         58242.8 
          52300           57359 
          52500         56490.8 
          52700         55593.5 
          52900         54806.3 
          53100         53986.6 
          53300           53182 
          53500         52392.9 
          53700         51549.9 
          53900         50793.2 
          54100         50110.9 
          54300         49378.2 
          54500         48658.7 
          54700         47952.4 
          54900         47258.7 
          55100         46519.1 
          55300           45736 
          55500         45250.4 
          55700         44605.5 
          55900         43971.2 
          56100         43347.9 
          56300         42736.3 
          56500         42135.8 
          56700         41544.9 
          56900         40935.8 
          57100         40136.5 
          57300           39781 
          57500         39283.6 
          57700         38742.5 
          57900           38210 
          58100         37687.5 
          58300         37173.4 
          58500         36692.8 
          58700         36188.2 
          58900         35518.5 
          59100         34058.5 
          59300         34597.2 
          59500         33937.4 
          59700         33642.7 
          59900         33363.9 
          60100         32940.9 
          60300         32507.1 
          60500         32079.6 
          60700           31659 
          60900         31245.3 
          61100         30838.2 
          61300         30438.5 
          61500         30044.9 
          61700         29657.4 
          61900         29275.3 
          62100         28900.4 
          62300         28530.7 
          62500         28167.1 
          62700         27722.3 
          62900         26977.8 
          63100         26984.9 
          63300         26770.5 
          63500         26434.9 
          63700         26104.8 
          63900         25780.2 
          64200         25301.3 
          64600         24680.2 
          65000         24078.6 
          65400         23494.3 
          65800         22928.5 
          66200         22378.9 
          66600         21845.9 
          67000           21329 
          67400         20783.1 
          67800         20051.7 
          68200         19862.6 
          68600         19407.5 
          69000         18960.7 
          69400         18526.9 
          69800         18105.6 
          70200         17696.5 
          70600         17298.6 
          71000         16911.4 
          71400         16535.5 
          71800         16169.8 
          72200         15814.1 
          72600           15468 
          73000         15131.4 
          73400         14804.7 
          73800         14485.6 
          74200         14143.7 
          74600         13576.1 
          75000         13170.5 
          75400         13244.5 
          75800         13015.2 
          76200           12744 
          76600         12480.3 
          77000         12222.6 
          77400         11971.5 
          77800         11693.7 
          78200         11488.7 
          78600         11256.2 
          79000         11030.3 
          79400         10809.5 
          79800         10593.7 
          80200           10384 
          80600         10179.2 
          81000         9978.95 
          81400         9748.08 
          81800          9578.1 
          82200         9408.18 
          82600         9227.25 
          83000         9050.49 
          83400         8877.78 
          83800            8709 
          84200         8544.62 
          84600            8384 
          85000         8227.05 
          85400         8073.71 
          85800          7923.9 
          86200         7774.49 
          86600         7574.74 
          87000         7484.35 
          87400         7273.44 
          87800         7142.83 
          88200         7094.17 
          88600         6966.91 
          89000         6842.13 
          89400         6720.24 
          89800         6601.16 
          90200         6484.39 
          90600         6370.35 
          91000         6258.98 
          91400         6149.73 
          91800         6043.07 
          92200         5938.47 
          92600          5836.3 
          93000         5736.56 
          93400         5636.55 
          93800         5481.11 
          94200         5428.73 
          94600         5357.23 
          95000         5267.11 
          95400         5179.18 
          95800         5093.32 
          96200         5008.72 
          96600         4926.16 
          97000         4845.16 
          97400         4765.74 
          97800         4688.24 
          98200         4611.83 
          98600          4537.3 
          99000         4464.57 
          99400         4392.86 
          99800         4322.56 
         100200         4253.97 
         200000         265.086 
         400000         16.3028 
         600000         3.18233 
         800000        0.997451 
         1.0e+6        0.405361 
         1.2e+6        0.194163 
         1.4e+6        0.104199 
         1.6e+6       0.0607712 
