# Kurucz ODFNEW /NOVER models
# teff = 3500 K (value for the effective temperature for the model. Temperatures are given in K)
# logg = 4.00 log(cm/s2) (value for Log(G) for the model.)
# meta = -0.5  (value for the Metallicity for the model.)
# lh = 1.25  (l/Hp where l is the  mixing length of the convective element and Hp is the pressure scale height)
# vtur = 2.0 km/s (Microturbulence velocity)
#
# column 1: WAVELENGTH (ANGSTROM), Wavelength in Angstrom
# column 2: FLUX (ERG/CM2/S/A), Flux in erg/cm2/s/A
              0               0 
           90.9               0 
           93.5               0 
           96.1               0 
           97.7               0 
           99.6               0 
            102               0 
          103.8               0 
          105.6               0 
          107.7               0 
          110.4               0 
            114               0 
          117.8               0 
          121.3               0 
          124.8               0 
          127.1               0 
          128.4               0 
          130.5               0 
          132.4               0 
          133.9               0 
          136.6               0 
          139.8               0 
          143.3               0 
          147.2               0 
            151               0 
          155.2               0 
          158.8               0 
            162               0 
            166               0 
          170.3               0 
          173.4               0 
          176.8               0 
          180.2               0 
          181.7               0 
          186.1               0 
            191               0 
          193.9               0 
          198.4               0 
          201.8               0 
            205               0 
          210.5               0 
          216.2               0 
          219.8               0 
            223               0 
          226.8               0 
            230               0 
            234               0 
            240               0 
          246.5               0 
          252.4               0 
          256.8               0 
            260               0 
            264               0 
          268.5               0 
          273.5               0 
          278.5               0 
            284               0 
            290               0 
            296               0 
            301               0 
            308               0 
            318               0 
            328               0 
            338               0 
            348               0 
            357               0 
            366               0 
            375               0 
            385               0 
            395               0 
            405               0 
            414               0 
            422               0 
            430               0 
            441               0 
            451               0 
            460               0 
            470               0 
            480               0 
            490               0 
            500               0 
            506               0 
            512               0 
            520               0 
            530               0 
            540               0 
            550               0 
            560               0 
            570               0 
            580               0 
            590               0 
            600               0 
            610               0 
            620               0 
            630               0 
            640               0 
            650               0 
            658               0 
            665               0 
            675               0 
            685               0 
            695               0 
            705               0 
            716               0 
            726               0 
            735               0 
            745               0 
            755               0 
            765     3.60087e-25 
            775     9.11618e-25 
            785     2.25112e-24 
            795     5.41557e-24 
            805     1.27688e-23 
            815     2.94221e-23 
            825     6.63267e-23 
            835     1.46478e-22 
            845     3.16584e-22 
            855      6.6866e-22 
            865     1.38583e-21 
            875     2.82017e-21 
            885      5.6349e-21 
            895     1.11191e-20 
            905     2.14329e-20 
            915     3.00551e-17 
            925      1.4171e-16 
            935     2.61872e-16 
            945     4.42698e-16 
            955     9.29821e-16 
            965     1.81544e-15 
            975     3.20328e-15 
            985     6.37341e-15 
            995     1.24664e-14 
           1005     1.97633e-14 
           1015      3.4406e-14 
           1025     5.82365e-14 
           1035     1.13906e-13 
           1045     1.85152e-13 
           1055      2.7409e-13 
           1065     5.47511e-13 
           1075     8.33411e-13 
           1085     1.46692e-12 
           1095     2.27306e-12 
           1105     3.67959e-12 
           1115     5.68841e-12 
           1125     1.10406e-11 
           1135      1.6942e-11 
           1145      2.6164e-11 
           1155     3.93328e-11 
           1165     5.80323e-11 
           1175     9.67103e-11 
           1185     1.43888e-10 
           1195      2.1459e-10 
           1205     2.86279e-10 
           1215     1.20109e-10 
           1225     5.56049e-10 
           1235      1.01053e-9 
           1245      1.39986e-9 
           1255      2.05364e-9 
           1265      3.05602e-9 
           1275      4.31045e-9 
           1285      5.96137e-9 
           1295       8.2985e-9 
           1305      1.19457e-8 
           1315      1.67757e-8 
           1325      2.24499e-8 
           1335      2.91221e-8 
           1345      3.91157e-8 
           1355      5.56511e-8 
           1365      6.89963e-8 
           1375      8.49195e-8 
           1385      1.06289e-7 
           1395      1.35693e-7 
           1405      1.90765e-7 
           1415      2.40388e-7 
           1425      2.99993e-7 
           1435      4.02283e-7 
           1442      5.15028e-7 
           1447      5.04638e-7 
           1455      6.54207e-7 
           1465      8.61034e-7 
           1475      1.00388e-6 
           1485      1.28243e-6 
           1495      1.81654e-6 
           1505       2.3856e-6 
           1512      2.15758e-6 
           1517      2.83928e-6 
           1525      3.64368e-6 
           1535      4.68549e-6 
           1545      4.77102e-6 
           1555      6.65923e-6 
           1565      7.97289e-6 
           1575        1.092e-5 
           1585      1.37296e-5 
           1595      1.57503e-5 
           1605      1.93262e-5 
           1615      2.40491e-5 
           1625      2.81839e-5 
           1635      3.58069e-5 
           1645      4.42119e-5 
           1655       4.9925e-5 
           1665      6.22261e-5 
           1672      6.61477e-5 
           1677      7.69408e-5 
           1685      9.05196e-5 
           1695     0.000111574 
           1705     0.000127657 
           1715     0.000154293 
           1725     0.000187237 
           1735     0.000221378 
           1745     0.000269128 
           1755     0.000309761 
           1765     0.000360776 
           1775     0.000426997 
           1785     0.000539872 
           1795     0.000605242 
           1805     0.000760924 
           1815     0.000836139 
           1825      0.00101056 
           1835      0.00114858 
           1845      0.00138484 
           1855      0.00152289 
           1865      0.00183479 
           1875      0.00205756 
           1885      0.00242786 
           1895      0.00285237 
           1905      0.00327967 
           1915      0.00386549 
           1925       0.0042447 
           1935      0.00470674 
           1945      0.00556787 
           1955       0.0065204 
           1967      0.00760055 
           1976      0.00858845 
           1984      0.00977081 
           1995       0.0107557 
           2005       0.0122455 
           2015       0.0139512 
           2025       0.0152874 
           2035        0.017511 
           2045       0.0195327 
           2055        0.022022 
           2065       0.0242909 
           2074       0.0264952 
           2078       0.0287201 
           2085       0.0341023 
           2095       0.0510663 
           2105       0.0659966 
           2115       0.0667857 
           2125       0.0842792 
           2135         0.10655 
           2145        0.085294 
           2155        0.112491 
           2165         0.11352 
           2175        0.127219 
           2185        0.125134 
           2195        0.206849 
           2205        0.175029 
           2215        0.231695 
           2225        0.201301 
           2235         0.35058 
           2245         0.37349 
           2255        0.542882 
           2265        0.263846 
           2275        0.577844 
           2285        0.468378 
           2295        0.925906 
           2305        0.341311 
           2315         1.42721 
           2325         0.86286 
           2335         1.61341 
           2345         1.00557 
           2355        0.765412 
           2365         1.15298 
           2375         1.01833 
           2385         2.27307 
           2395         1.91963 
           2405         4.71705 
           2415         2.15862 
           2425           3.084 
           2435          5.0989 
           2445         8.10615 
           2455         10.0605 
           2465         4.95629 
           2475         11.9588 
           2485         2.76946 
           2495         3.72003 
           2505         8.78272 
           2513         5.44696 
           2518         6.71484 
           2525         9.09618 
           2535          28.602 
           2545         38.4517 
           2555         39.0198 
           2565         14.8752 
           2575         33.0929 
           2585         16.8688 
           2595          25.547 
           2605         39.3556 
           2615         29.7248 
           2625          62.677 
           2635         116.564 
           2645         79.5029 
           2655          128.79 
           2665          94.991 
           2675         86.0165 
           2685         120.838 
           2695         67.6641 
           2705         165.386 
           2715         148.587 
           2725         115.211 
           2735         116.591 
           2745         203.964 
           2755         184.066 
           2765         301.025 
           2775         412.853 
           2785         221.534 
           2795         371.323 
           2805         353.539 
           2815         320.658 
           2825         323.203 
           2835           232.8 
           2845         135.974 
           2855         52.9853 
           2865         275.224 
           2875         330.512 
           2885         663.504 
           2895          815.22 
           2910         1046.72 
           2930         1224.73 
           2950         1164.63 
           2970         1085.23 
           2990          1393.3 
           3010         1526.91 
           3030         1919.12 
           3050         2390.01 
           3070         2418.25 
           3090         2146.57 
           3110         3648.26 
           3130         3625.84 
           3150         5371.62 
           3170         8415.68 
           3190         7011.43 
           3210         8994.04 
           3230         9728.72 
           3250         14728.2 
           3270         19637.2 
           3290         25320.1 
           3310         21250.2 
           3330         23580.4 
           3350         21074.1 
           3370         14104.7 
           3390         19844.1 
           3410         23472.6 
           3430         26156.8 
           3450         21380.8 
           3470         21627.2 
           3490         29380.7 
           3510         39776.5 
           3530         39529.7 
           3550         59535.5 
           3570         28132.2 
           3590         23543.7 
           3610         36380.4 
           3630         49784.1 
           3640         54009.1 
           3650         58088.1 
           3670           79338 
           3690         64502.4 
           3710         49042.4 
           3730         21492.5 
           3750           29308 
           3770         70686.9 
           3790         80092.6 
           3810         75472.8 
           3830         33492.2 
           3850           57082 
           3870         52793.5 
           3890         54739.1 
           3910         75658.6 
           3930         29409.3 
           3950         53776.8 
           3970         41265.8 
           3990          114999 
           4010          153114 
           4030          116311 
           4050          141310 
           4070          137441 
           4090          164645 
           4110          108982 
           4130          129987 
           4150          124430 
           4170          125648 
           4190          134636 
           4210          103728 
           4230         44804.6 
           4250          113823 
           4270          124487 
           4290          125632 
           4310          146913 
           4330          197440 
           4350          202974 
           4370          214515 
           4390          192669 
           4410          197042 
           4430          192503 
           4450          204969 
           4470          223162 
           4490          237343 
           4510          257024 
           4530          218832 
           4550          244463 
           4570          268556 
           4590          237985 
           4610          252978 
           4630          241466 
           4650          232023 
           4670          252825 
           4690          246939 
           4710          250807 
           4730          241787 
           4750          249756 
           4770          160389 
           4790          188528 
           4810          201733 
           4830          219509 
           4850          247716 
           4870          264476 
           4890          289683 
           4910          304190 
           4930          303525 
           4950          276892 
           4970          177194 
           4990          198395 
           5010          154879 
           5030          188686 
           5050          186471 
           5070          193312 
           5090          193599 
           5110          202835 
           5130          197978 
           5150          185847 
           5170          160875 
           5190          158728 
           5210          201758 
           5230          330854 
           5250          328174 
           5270          309952 
           5290          378398 
           5310          414607 
           5330          376320 
           5350          405982 
           5370          394956 
           5390          403494 
           5410          406372 
           5430          405583 
           5450          343607 
           5470          322328 
           5490          358579 
           5510          327577 
           5530          386058 
           5550          411336 
           5570          415626 
           5590          383192 
           5610          316362 
           5630          341098 
           5650          378647 
           5670          372561 
           5690          414232 
           5710          411450 
           5730          458119 
           5750          484048 
           5770          448019 
           5790          470461 
           5810          475968 
           5830          486230 
           5850          446781 
           5870          385785 
           5890          187376 
           5910          305704 
           5930          352958 
           5950          368403 
           5970          384565 
           5990          418034 
           6010          431443 
           6030          471172 
           6050          492751 
           6070          512372 
           6090          527896 
           6110          526052 
           6130          509620 
           6150          533034 
           6170          346965 
           6190          365168 
           6210          356213 
           6230          302341 
           6250          334559 
           6270          388843 
           6290          420351 
           6310          457588 
           6330          479656 
           6350          503322 
           6370          494058 
           6390          507171 
           6410          517424 
           6430          485928 
           6450          490526 
           6470          518728 
           6490          492136 
           6510          528807 
           6530          563661 
           6550          545550 
           6570          543230 
           6590          552263 
           6610          550953 
           6630          536997 
           6650          493845 
           6670          465011 
           6690          395720 
           6710          405319 
           6730          341332 
           6750          360048 
           6770          409469 
           6790          368508 
           6810          405601 
           6830          439076 
           6850          462643 
           6870          470647 
           6890          512567 
           6910          559137 
           6930          552778 
           6950          590873 
           6970          628737 
           6990          638729 
           7010          656869 
           7030          673969 
           7050          623682 
           7070          455409 
           7090          407373 
           7110          398505 
           7130          321375 
           7150          324597 
           7170          364500 
           7190          431677 
           7210          413696 
           7230          485982 
           7250          531826 
           7270          582848 
           7290          614751 
           7310          647609 
           7330          666930 
           7350          684456 
           7370          713902 
           7390          728391 
           7410          733316 
           7430          743635 
           7450          746300 
           7470          752029 
           7490          755474 
           7510          761542 
           7530          766207 
           7550          766446 
           7570          767202 
           7590          727524 
           7610          707636 
           7630          684324 
           7650          675214 
           7670          602319 
           7690          613001 
           7710          592759 
           7730          634832 
           7750          617683 
           7770          621404 
           7790          629558 
           7810          658704 
           7830          650733 
           7850          658365 
           7870          676008 
           7890          698364 
           7910          691708 
           7930          702300 
           7950          704671 
           7970          731209 
           7990          728145 
           8010          735961 
           8030          742583 
           8050          747619 
           8070          746345 
           8090          755900 
           8110          760481 
           8130          767232 
           8150          769822 
           8170          769897 
           8190          716717 
           8210          725525 
           8230          740748 
           8250          742253 
           8270          740649 
           8290          725624 
           8310          720497 
           8330          718833 
           8350          718474 
           8370          716552 
           8390          682954 
           8410          721789 
           8430          683221 
           8450          691387 
           8470          678937 
           8490          691837 
           8510          669239 
           8530          693339 
           8550          647378 
           8570          717146 
           8590          720344 
           8610          725285 
           8630          735079 
           8650          737274 
           8670          673484 
           8690          714289 
           8710          750093 
           8730          748144 
           8750          749499 
           8770          747113 
           8790          755420 
           8810          743209 
           8830          741923 
           8850          748291 
           8870          657676 
           8890          666972 
           8910          684339 
           8930          687937 
           8950          676260 
           8970          686264 
           8990          701346 
           9010          692898 
           9030          706050 
           9050          717883 
           9070          725893 
           9090          716822 
           9110          723936 
           9130          731751 
           9150          735034 
           9170          736401 
           9190          739177 
           9210          733883 
           9230          730528 
           9250          725789 
           9270          723579 
           9290          713659 
           9310          719724 
           9330          719715 
           9350          721508 
           9370          713668 
           9390          719517 
           9410          719016 
           9430          721010 
           9450          712772 
           9470          720057 
           9490          721669 
           9510          720470 
           9530          719232 
           9550          707010 
           9570          714342 
           9590          719601 
           9610          707183 
           9630          716396 
           9650          685314 
           9670          689774 
           9690          703742 
           9710          698846 
           9730          684039 
           9750          684087 
           9770          690605 
           9790          673990 
           9810          695360 
           9830          685125 
           9850          692596 
           9870          694238 
           9890          694823 
           9910          689834 
           9930          689121 
           9950          690884 
           9970          692928 
           9990          691969 
          10025          686246 
          10075          685239 
          10125          686390 
          10175          682900 
          10225          682867 
          10275          682304 
          10325          674509 
          10375          674182 
          10425          676677 
          10475          670264 
          10525          672006 
          10575          665902 
          10625          666391 
          10675          658674 
          10725          656414 
          10775          656923 
          10825          649294 
          10875          649482 
          10925          643490 
          10975          635824 
          11025          630071 
          11075          625100 
          11125          618856 
          11175          615261 
          11225          616310 
          11275          608336 
          11325          603623 
          11375          595592 
          11425          589524 
          11475          598847 
          11525          595733 
          11575          592087 
          11625          582877 
          11675          582236 
          11725          586103 
          11775          572876 
          11825          574966 
          11875          566449 
          11925          573470 
          11975          559943 
          12025          568898 
          12075          566236 
          12125          566650 
          12175          565334 
          12225          563037 
          12275          560162 
          12325          557659 
          12375          556016 
          12425          552721 
          12475          551519 
          12525          548036 
          12575          546381 
          12625          543809 
          12675          540535 
          12725          539950 
          12775          538640 
          12825          527737 
          12875          531553 
          12925          526999 
          12975          529233 
          13025          526487 
          13075          521807 
          13125          511716 
          13175          510813 
          13225          512043 
          13275          500495 
          13325          466576 
          13375          429525 
          13425          418912 
          13475          434210 
          13525          415662 
          13575          419068 
          13625          413177 
          13675          423355 
          13725          422477 
          13775          425450 
          13825          421217 
          13875          409244 
          13925          380703 
          13975          381474 
          14025          388066 
          14075          384232 
          14125          369128 
          14175          367824 
          14225          368613 
          14275          360617 
          14325          366550 
          14375          363822 
          14425          365342 
          14475          362659 
          14525          359472 
          14570          360590 
          14620          347307 
          14675          343973 
          14725          351423 
          14775          345993 
          14825          345448 
          14875          346671 
          14925          350523 
          14975          353917 
          15025          343553 
          15075          351174 
          15125          352481 
          15175          351552 
          15225          359340 
          15275          350355 
          15325          355950 
          15375          351357 
          15425          343844 
          15475          358267 
          15525          351636 
          15575          351881 
          15625          359229 
          15675          357464 
          15725          356474 
          15775          357458 
          15825          364167 
          15875          361445 
          15925          364602 
          15975          370484 
          16050          366739 
          16150          369692 
          16250          366670 
          16350          372528 
          16450          372912 
          16550          375283 
          16650          371536 
          16750          364413 
          16850          362464 
          16950          354055 
          17050          342918 
          17150          321138 
          17250          314842 
          17350          300710 
          17450          289876 
          17550          270913 
          17650          261116 
          17750          245281 
          17850          235197 
          17950          228831 
          18050          217168 
          18150          212654 
          18250          210760 
          18350          205426 
          18450          192879 
          18550          183700 
          18650          182233 
          18750          179234 
          18850          187876 
          18950          182332 
          19050          185883 
          19150          183094 
          19250          181522 
          19350          177125 
          19450          175996 
          19550          177176 
          19650          173055 
          19750          168458 
          19850          161583 
          19950          158169 
          20050          157110 
          20150          153115 
          20250          151266 
          20350          151039 
          20450          148547 
          20550          149505 
          20650          144827 
          20750          145972 
          20850          142954 
          20950          144837 
          21050          144459 
          21150          144394 
          21250          143855 
          21350          144899 
          21450          145033 
          21550          145654 
          21650          147438 
          21750          145440 
          21850          146661 
          21950          146883 
          22050          144555 
          22150          147537 
          22250          145605 
          22350          146477 
          22450          146229 
          22550          144772 
          22650          142975 
          22750          142645 
          22850          141457 
          22950          129334 
          23050          131483 
          23150          129098 
          23250          119446 
          23350          119696 
          23450          119458 
          23550          109479 
          23650          112280 
          23750          112532 
          23850          101391 
          23950          102129 
          24050         94820.5 
          24150         90761.9 
          24250         88336.5 
          24350         84028.8 
          24450         80280.2 
          24550           77196 
          24650         74233.4 
          24750         71740.6 
          24850         68992.4 
          24950         68041.2 
          25050         65889.9 
          25150         63437.3 
          25250         61251.8 
          25350           61262 
          25450         60339.5 
          25550         60451.1 
          25650         57231.3 
          25750         58765.6 
          25850           58712 
          25950         57935.8 
          26050         58063.8 
          26150         59262.4 
          26250         58691.3 
          26350         58767.7 
          26450         56805.6 
          26550           59847 
          26650         58046.1 
          26750         56107.1 
          26850         55904.1 
          26950         53031.5 
          27050         53587.6 
          27150         51246.2 
          27250           49222 
          27350         49164.8 
          27450         49013.7 
          27550         47407.4 
          27650         46623.1 
          27750         46523.9 
          27850         44824.1 
          27950         46070.6 
          28050         42547.7 
          28150         43328.4 
          28250         42584.3 
          28350         42159.5 
          28450         42286.9 
          28550         40974.7 
          28650         41315.3 
          28750         40900.7 
          28850         40007.9 
          28950         40690.5 
          29050         38449.3 
          29150         39922.5 
          29250         36527.9 
          29350         39573.5 
          29450         35866.9 
          29550           37641 
          29650           35961 
          29750         36933.5 
          29850         34946.2 
          29950         36425.7 
          30050         34073.8 
          30150         36162.2 
          30250         33602.5 
          30350         34785.5 
          30450         33471.8 
          30550         34105.6 
          30650         33813.9 
          30750         33307.5 
          30850         32744.8 
          30950           32085 
          31050         32876.4 
          31150           31867 
          31250         32456.4 
          31350         31519.6 
          31450         31719.2 
          31550         31198.2 
          31650           31629 
          31750         30755.4 
          31850           31319 
          31950         30478.1 
          32100         30795.3 
          32300         30342.6 
          32500         30144.4 
          32700         29822.3 
          32900         29679.4 
          33100         29569.1 
          33300         29263.2 
          33500         28914.1 
          33700         28882.5 
          33900         28625.3 
          34100         28329.7 
          34300         28547.2 
          34500           27706 
          34700         28181.3 
          34900         27423.2 
          35100         27494.1 
          35300         26960.6 
          35500         27033.4 
          35700         26582.4 
          35900           26463 
          36100         26309.3 
          36300         25911.3 
          36500         25641.4 
          36700         25429.6 
          36900         25196.7 
          37100         24932.6 
          37300         24691.7 
          37500         24664.8 
          37700         24081.4 
          37900         24213.2 
          38100         23732.9 
          38300           23225 
          38500         23150.8 
          38700           22901 
          38900         22336.5 
          39100         22052.2 
          39300         21743.4 
          39500         21354.3 
          39700         20813.6 
          39900         20022.4 
          40100         19845.9 
          40300         19451.3 
          40500         18667.8 
          40700         18129.6 
          40900         17559.7 
          41100           17443 
          41300         17025.5 
          41500         16857.2 
          41700         16201.7 
          41900         16157.9 
          42100         15720.6 
          42300         15719.9 
          42500         14969.3 
          42700         14867.2 
          42900           14513 
          43100         13876.3 
          43300         13858.1 
          43500         13303.1 
          43700         12897.1 
          43900         12756.2 
          44100         12348.3 
          44300         11876.5 
          44500         11866.8 
          44700         11505.8 
          44900         11375.3 
          45100         11148.3 
          45300         10876.2 
          45500           10751 
          45700         10543.8 
          45900           10357 
          46100         10203.7 
          46300         9963.18 
          46500         9915.13 
          46700         9666.63 
          46900          9598.4 
          47100         9483.42 
          47300         9320.04 
          47500         9201.98 
          47700         8882.76 
          47900         8886.39 
          48100         8584.68 
          48300         8672.79 
          48500         8385.05 
          48700          8194.8 
          48900         8069.45 
          49100         8163.23 
          49300         7808.99 
          49500         7779.37 
          49700         7567.57 
          49900         7530.04 
          50100         7318.44 
          50300         7150.62 
          50500         7107.99 
          50700         6978.75 
          50900         6857.69 
          51100         6780.47 
          51300         6643.94 
          51500         6605.93 
          51700         6374.25 
          51900         6343.94 
          52100         6322.95 
          52300         6172.64 
          52500         6034.37 
          52700         6009.82 
          52900         5862.44 
          53100          5910.8 
          53300         5759.79 
          53500         5629.26 
          53700         5575.93 
          53900         5579.23 
          54100         5381.39 
          54300         5208.56 
          54500         5311.84 
          54700         5225.59 
          54900         5192.59 
          55100         5111.16 
          55300         4975.21 
          55500         4877.29 
          55700         4870.61 
          55900         4891.65 
          56100          4777.7 
          56300          4732.4 
          56500         4670.77 
          56700         4574.11 
          56900         4485.14 
          57100         4527.26 
          57300         4336.08 
          57500         4532.95 
          57700         4353.23 
          57900         4232.98 
          58100          4309.7 
          58300         4170.53 
          58500         4139.86 
          58700          4125.5 
          58900         4115.55 
          59100         4023.66 
          59300         4030.86 
          59500         3975.73 
          59700         3902.19 
          59900         3891.31 
          60100         3940.95 
          60300         3764.31 
          60500         3681.81 
          60700         3805.87 
          60900         3771.66 
          61100          3614.3 
          61300         3774.33 
          61500         3605.18 
          61700         3591.45 
          61900         3559.26 
          62100         3537.43 
          62300         3539.71 
          62500         3426.81 
          62700         3366.07 
          62900         3391.37 
          63100         3322.87 
          63300         3304.64 
          63500          3182.3 
          63700         3229.75 
          63900         3144.25 
          64200         3028.08 
          64600         2833.36 
          65000         2726.19 
          65400         2623.36 
          65800         2490.98 
          66200          2422.2 
          66600         2379.68 
          67000         2312.83 
          67400         2291.77 
          67800         2197.68 
          68200         2158.37 
          68600         2153.53 
          69000         2084.48 
          69400         2037.68 
          69800         2046.17 
          70200         1969.71 
          70600         1933.02 
          71000         1885.22 
          71400         1860.83 
          71800         1851.26 
          72200         1780.36 
          72600         1756.51 
          73000         1732.22 
          73400         1693.96 
          73800         1675.99 
          74200         1621.91 
          74600         1619.39 
          75000         1573.56 
          75400         1551.81 
          75800         1505.44 
          76200         1463.27 
          76600         1442.44 
          77000         1431.82 
          77400         1379.07 
          77800         1373.58 
          78200         1339.24 
          78600         1312.65 
          79000         1268.97 
          79400          1268.7 
          79800          1223.6 
          80200         1223.72 
          80600         1184.23 
          81000         1158.21 
          81400         1149.47 
          81800         1132.51 
          82200         1099.66 
          82600         1095.22 
          83000         1065.44 
          83400          1040.3 
          83800          1014.4 
          84200         1023.65 
          84600          997.52 
          85000         975.066 
          85400         969.052 
          85800         948.318 
          86200         937.004 
          86600         920.684 
          87000         919.005 
          87400         882.058 
          87800         877.214 
          88200         862.836 
          88600         853.047 
          89000         843.019 
          89400         828.231 
          89800         811.808 
          90200         810.828 
          90600         794.918 
          91000         785.852 
          91400         772.901 
          91800         762.693 
          92200         749.751 
          92600         730.987 
          93000         729.764 
          93400         718.174 
          93800         705.765 
          94200         691.846 
          94600         684.072 
          95000         673.232 
          95400         676.041 
          95800          652.84 
          96200         640.339 
          96600         632.058 
          97000         623.652 
          97400         619.374 
          97800         609.907 
          98200         601.081 
          98600         592.687 
          99000           566.5 
          99400         572.816 
          99800         561.652 
         100200         553.348 
         200000         39.8844 
         400000          2.6543 
         600000        0.533703 
         800000        0.170017 
         1.0e+6       0.0698157 
         1.2e+6       0.0336859 
         1.4e+6       0.0181738 
         1.6e+6       0.0106415 
