# Kurucz ODFNEW /NOVER models
# teff = 36000 K (value for the effective temperature for the model. Temperatures are given in K)
# logg = 4.00 log(cm/s2) (value for Log(G) for the model.)
# meta = -0.5  (value for the Metallicity for the model.)
# lh = 1.25  (l/Hp where l is the  mixing length of the convective element and Hp is the pressure scale height)
# vtur = 2.0 km/s (Microturbulence velocity)
#
# column 1: WAVELENGTH (ANGSTROM), Wavelength in Angstrom
# column 2: FLUX (ERG/CM2/S/A), Flux in erg/cm2/s/A
              0               0 
           90.9     9.19529e-13 
           93.5     3.91901e-12 
           96.1     1.54854e-11 
           97.7     3.50245e-11 
           99.6     8.91529e-11 
            102     2.77109e-10 
          103.8     6.28953e-10 
          105.6      1.39069e-9 
          107.7      3.40312e-9 
          110.4      1.02629e-8 
            114      4.14706e-8 
          117.8      1.66619e-7 
          121.3      5.59014e-7 
          124.8      1.76181e-6 
          127.1      3.63079e-6 
          128.4      5.40694e-6 
          130.5      1.01311e-5 
          132.4      1.76049e-5 
          133.9      2.69711e-5 
          136.6       5.6951e-5 
          139.8     0.000133744 
          143.3     0.000326282 
          147.2     0.000839044 
            151      0.00203359 
          155.2      0.00514162 
          158.8       0.0109827 
            162       0.0209912 
            166       0.0457789 
          170.3        0.101609 
          173.4         0.17654 
          176.8        0.316962 
          180.2        0.556487 
          181.7        0.708685 
          186.1         1.41236 
            191         2.93331 
          193.9         4.44634 
          198.4         8.27796 
          201.8         12.9893 
            205         19.6007 
          210.5         38.6199 
          216.2         75.0938 
          219.8         112.601 
            223         159.331 
          226.8         236.951 
            230          306960 
            234      1.09374e+6 
            240      1.65644e+6 
          246.5      2.57328e+6 
          252.4      4.14787e+6 
          256.8      4.67014e+6 
            260        7.587e+6 
            264      2.85483e+7 
          268.5      4.20138e+7 
          273.5      5.10133e+7 
          278.5       4.0251e+7 
            284      9.37763e+7 
            290      1.23282e+8 
            296      9.68956e+7 
            301      9.96579e+7 
            308      4.72065e+8 
            318      8.55955e+8 
            328      1.33801e+9 
            338      1.50644e+9 
            348      1.84001e+9 
            357       3.6751e+9 
            366      6.26338e+9 
            375      7.17643e+9 
            385      7.01002e+9 
            395      9.87357e+9 
            405     1.22495e+10 
            414     1.22104e+10 
            422     1.21569e+10 
            430     1.13975e+10 
            441     1.30177e+10 
            451     1.33816e+10 
            460     1.22824e+10 
            470     1.25963e+10 
            480     1.39022e+10 
            490     1.21378e+10 
            500     1.46232e+10 
            506     1.87441e+10 
            512     4.80987e+10 
            520     4.46349e+10 
            530     4.02951e+10 
            540     3.63474e+10 
            550     3.58198e+10 
            560     4.64175e+10 
            570     4.94586e+10 
            580     4.67328e+10 
            590     4.78148e+10 
            600     4.02516e+10 
            610     4.26988e+10 
            620     5.11182e+10 
            630     4.90119e+10 
            640     5.15154e+10 
            650      4.9386e+10 
            658     4.39244e+10 
            665     4.90922e+10 
            675     5.24706e+10 
            685     4.48007e+10 
            695     5.09362e+10 
            705     4.35137e+10 
            716     5.21435e+10 
            726     5.17154e+10 
            735     5.21093e+10 
            745     4.91084e+10 
            755     4.85208e+10 
            765     4.64103e+10 
            775      4.8111e+10 
            785     4.64609e+10 
            795     4.79203e+10 
            805     4.69256e+10 
            815     4.68627e+10 
            825     4.72602e+10 
            835     4.11261e+10 
            845     4.56128e+10 
            855     4.46532e+10 
            865     4.53934e+10 
            875     4.50117e+10 
            885     4.44673e+10 
            895     4.40629e+10 
            905     4.28676e+10 
            915     3.89224e+10 
            925     7.58457e+10 
            935     1.01252e+11 
            945     1.14501e+11 
            955     1.21806e+11 
            965     1.29854e+11 
            975     9.36411e+10 
            985     1.15893e+11 
            995     1.07065e+11 
           1005     1.07086e+11 
           1015     1.09517e+11 
           1025     9.64393e+10 
           1035      1.0759e+11 
           1045     1.10588e+11 
           1055     1.07682e+11 
           1065      1.0177e+11 
           1075     1.00906e+11 
           1085     9.54383e+10 
           1095     9.76085e+10 
           1105     9.42362e+10 
           1115     9.21232e+10 
           1125     8.60365e+10 
           1135     8.92677e+10 
           1145     8.75025e+10 
           1155      8.3232e+10 
           1165     8.09434e+10 
           1175     6.74287e+10 
           1185     7.50899e+10 
           1195     7.34216e+10 
           1205     7.16399e+10 
           1215     6.11762e+10 
           1225     6.81272e+10 
           1235     6.91996e+10 
           1245     6.73972e+10 
           1255     6.68633e+10 
           1265     6.68744e+10 
           1275     6.64667e+10 
           1285     6.56258e+10 
           1295     6.35692e+10 
           1305     6.21542e+10 
           1315      6.2245e+10 
           1325     6.07017e+10 
           1335     5.93475e+10 
           1345     5.89599e+10 
           1355     5.67981e+10 
           1365     5.52128e+10 
           1375      5.3757e+10 
           1385     5.29266e+10 
           1395     4.98009e+10 
           1405     4.81898e+10 
           1415     5.04107e+10 
           1425      4.6934e+10 
           1435     4.80145e+10 
           1442     4.71022e+10 
           1447     4.67682e+10 
           1455     4.52926e+10 
           1465     4.49149e+10 
           1475     4.42476e+10 
           1485     4.40944e+10 
           1495     4.28017e+10 
           1505     4.26008e+10 
           1512     4.21808e+10 
           1517     4.15905e+10 
           1525     4.07181e+10 
           1535      3.7826e+10 
           1545     3.32521e+10 
           1555     3.34613e+10 
           1565     3.52979e+10 
           1575     3.60189e+10 
           1585     3.56843e+10 
           1595     3.51863e+10 
           1605      3.3297e+10 
           1615     3.23587e+10 
           1625     3.22757e+10 
           1635     3.19792e+10 
           1645     3.09026e+10 
           1655     3.18161e+10 
           1665     3.11715e+10 
           1672      2.9581e+10 
           1677     3.17597e+10 
           1685      3.0923e+10 
           1695     3.03546e+10 
           1705     2.96729e+10 
           1715      2.8658e+10 
           1725     2.81317e+10 
           1735     2.86081e+10 
           1745     2.81364e+10 
           1755     2.74424e+10 
           1765     2.72024e+10 
           1775     2.67198e+10 
           1785     2.64981e+10 
           1795     2.58085e+10 
           1805     2.55407e+10 
           1815      2.5093e+10 
           1825     2.46141e+10 
           1835     2.44808e+10 
           1845     2.40014e+10 
           1855     2.36437e+10 
           1865     2.32793e+10 
           1875     2.27734e+10 
           1885     2.23691e+10 
           1895     2.22722e+10 
           1905     2.20576e+10 
           1915     2.16697e+10 
           1925     2.08382e+10 
           1935      2.1056e+10 
           1945     2.07942e+10 
           1955     2.00941e+10 
           1967     2.00259e+10 
           1976      1.9787e+10 
           1984     1.95608e+10 
           1995     1.91535e+10 
           2005     1.90116e+10 
           2015     1.87241e+10 
           2025     1.84267e+10 
           2035     1.81223e+10 
           2045     1.77951e+10 
           2055     1.39424e+10 
           2065     1.35003e+10 
           2074     1.39159e+10 
           2078     1.42314e+10 
           2085     1.54081e+10 
           2095     1.63584e+10 
           2105     1.62228e+10 
           2115     1.61566e+10 
           2125     1.58455e+10 
           2135     1.56809e+10 
           2145     1.54605e+10 
           2155     1.54472e+10 
           2165     1.47936e+10 
           2175     1.50449e+10 
           2185     1.45161e+10 
           2195     1.46469e+10 
           2205     1.44322e+10 
           2215     1.39006e+10 
           2225     1.40058e+10 
           2235     1.38136e+10 
           2245     1.35974e+10 
           2255     1.31437e+10 
           2265     1.32246e+10 
           2275     1.30548e+10 
           2285     1.28123e+10 
           2295     1.23232e+10 
           2305     1.22343e+10 
           2315     1.22799e+10 
           2325     1.21467e+10 
           2335     1.19779e+10 
           2345     1.17944e+10 
           2355     1.16191e+10 
           2365     1.14523e+10 
           2375     1.12713e+10 
           2385     1.08272e+10 
           2395     1.08999e+10 
           2405     1.08088e+10 
           2415     1.06678e+10 
           2425     1.05589e+10 
           2435     1.04011e+10 
           2445     1.02652e+10 
           2455     1.01042e+10 
           2465      9.98771e+9 
           2475      9.87025e+9 
           2485       9.6964e+9 
           2495      8.61726e+9 
           2505      9.41432e+9 
           2513      8.92197e+9 
           2518      9.16702e+9 
           2525      9.19841e+9 
           2535      9.11249e+9 
           2545      8.99506e+9 
           2555      8.87113e+9 
           2565        8.762e+9 
           2575       8.6458e+9 
           2585       8.5362e+9 
           2595      8.38439e+9 
           2605      8.32512e+9 
           2615      8.19711e+9 
           2625      8.11346e+9 
           2635      8.01564e+9 
           2645      7.90346e+9 
           2655      7.81034e+9 
           2665      7.70305e+9 
           2675      7.56817e+9 
           2685      7.51295e+9 
           2695      7.40802e+9 
           2705      7.33841e+9 
           2715      7.23489e+9 
           2725      7.14483e+9 
           2735      6.92044e+9 
           2745      6.98412e+9 
           2755      6.89529e+9 
           2765      6.79869e+9 
           2775      6.72971e+9 
           2785      6.63776e+9 
           2795      6.52813e+9 
           2805      6.47881e+9 
           2815      6.40764e+9 
           2825      6.31894e+9 
           2835      6.25055e+9 
           2845      6.18574e+9 
           2855      6.11106e+9 
           2865      6.03128e+9 
           2875      5.96341e+9 
           2885      5.89365e+9 
           2895      5.82422e+9 
           2910      5.71716e+9 
           2930      5.59113e+9 
           2950      5.45281e+9 
           2970      5.32791e+9 
           2990      5.19199e+9 
           3010      5.07872e+9 
           3030       4.9487e+9 
           3050      4.84797e+9 
           3070      4.74664e+9 
           3090       4.6428e+9 
           3110      4.54237e+9 
           3130       4.4422e+9 
           3150       4.3499e+9 
           3170      4.25322e+9 
           3190      4.15785e+9 
           3210      4.02867e+9 
           3230      3.98979e+9 
           3250      3.90729e+9 
           3270      3.80398e+9 
           3290      3.73874e+9 
           3310       3.6593e+9 
           3330      3.58354e+9 
           3350      3.49858e+9 
           3370      3.43496e+9 
           3390      3.36865e+9 
           3410      3.29847e+9 
           3430      3.23578e+9 
           3450      3.16074e+9 
           3470      3.10564e+9 
           3490      3.04277e+9 
           3510      2.98345e+9 
           3530      2.92205e+9 
           3550       2.8639e+9 
           3570      2.81198e+9 
           3590      2.75185e+9 
           3610      2.69754e+9 
           3630      2.64371e+9 
           3640      2.58709e+9 
           3650      2.39744e+9 
           3670      2.35536e+9 
           3690      2.31874e+9 
           3710      2.28733e+9 
           3730      2.27126e+9 
           3750       2.2879e+9 
           3770       2.2762e+9 
           3790      2.28604e+9 
           3810      2.29898e+9 
           3830      2.16555e+9 
           3850      2.24953e+9 
           3870      2.21899e+9 
           3890      2.04586e+9 
           3910        2.155e+9 
           3930      2.09899e+9 
           3950      2.07388e+9 
           3970      1.89327e+9 
           3990      2.00414e+9 
           4010      1.96712e+9 
           4030       1.9038e+9 
           4050      1.90378e+9 
           4070       1.8642e+9 
           4090      1.79892e+9 
           4110      1.69035e+9 
           4130      1.76638e+9 
           4150      1.73645e+9 
           4170      1.71214e+9 
           4190       1.6797e+9 
           4210       1.6387e+9 
           4230      1.62759e+9 
           4250      1.59867e+9 
           4270      1.57111e+9 
           4290      1.54519e+9 
           4310      1.51689e+9 
           4330      1.45975e+9 
           4350      1.38818e+9 
           4370      1.44291e+9 
           4390      1.41123e+9 
           4410       1.3941e+9 
           4430      1.37378e+9 
           4450      1.35164e+9 
           4470      1.31597e+9 
           4490      1.30807e+9 
           4510      1.28408e+9 
           4530      1.26451e+9 
           4550      1.23163e+9 
           4570      1.22658e+9 
           4590        1.206e+9 
           4610      1.18769e+9 
           4630      1.16538e+9 
           4650      1.13078e+9 
           4670      1.13052e+9 
           4690      1.08614e+9 
           4710      1.09327e+9 
           4730      1.08246e+9 
           4750      1.06575e+9 
           4770      1.04941e+9 
           4790      1.03341e+9 
           4810      1.01756e+9 
           4830      1.00183e+9 
           4850      9.71771e+8 
           4870      9.12325e+8 
           4890      9.56536e+8 
           4910      9.42727e+8 
           4930      9.22911e+8 
           4950      9.14871e+8 
           4970      9.01908e+8 
           4990      8.88732e+8 
           5010      8.71581e+8 
           5030      8.62413e+8 
           5050      8.48889e+8 
           5070      8.37854e+8 
           5090      8.25784e+8 
           5110      8.13895e+8 
           5130      8.02134e+8 
           5150      7.90634e+8 
           5170      7.79355e+8 
           5190      7.68296e+8 
           5210      7.57456e+8 
           5230       7.4681e+8 
           5250      7.35814e+8 
           5270      7.25372e+8 
           5290      7.15817e+8 
           5310      7.05864e+8 
           5330      6.96016e+8 
           5350      6.86453e+8 
           5370      6.76985e+8 
           5390      6.67641e+8 
           5410      6.50613e+8 
           5430      6.49572e+8 
           5450      6.40743e+8 
           5470      6.31998e+8 
           5490      6.23514e+8 
           5510      6.14889e+8 
           5530      6.06879e+8 
           5550      5.98769e+8 
           5570      5.90663e+8 
           5590      5.81936e+8 
           5610      5.75221e+8 
           5630      5.67624e+8 
           5650      5.60153e+8 
           5670      5.52763e+8 
           5690      5.39507e+8 
           5710      5.13676e+8 
           5730      5.07216e+8 
           5750      5.00788e+8 
           5770      4.94676e+8 
           5790      4.88803e+8 
           5810      4.82765e+8 
           5830      4.78559e+8 
           5850      4.74556e+8 
           5870      4.65149e+8 
           5890      4.66438e+8 
           5910      4.62856e+8 
           5930      4.59513e+8 
           5950      4.56545e+8 
           5970       4.5328e+8 
           5990      4.49512e+8 
           6010      4.44805e+8 
           6030      4.39217e+8 
           6050      4.34043e+8 
           6070      4.28346e+8 
           6090      4.23556e+8 
           6110      4.17953e+8 
           6130      4.12874e+8 
           6150      4.08209e+8 
           6170      4.02283e+8 
           6190      3.98448e+8 
           6210      3.93648e+8 
           6230      3.87797e+8 
           6250      3.84094e+8 
           6270      3.79645e+8 
           6290      3.75121e+8 
           6310      3.69188e+8 
           6330      3.66256e+8 
           6350      3.61906e+8 
           6370      3.57661e+8 
           6390      3.53452e+8 
           6410      3.47618e+8 
           6430      3.45241e+8 
           6450      3.41146e+8 
           6470      3.37141e+8 
           6490      3.33306e+8 
           6510      3.29448e+8 
           6530      3.23395e+8 
           6550      3.18982e+8 
           6570      2.97266e+8 
           6590      3.14269e+8 
           6610      3.11035e+8 
           6630      3.07515e+8 
           6650       3.0405e+8 
           6670      2.99004e+8 
           6690      2.93818e+8 
           6710      2.93642e+8 
           6730      2.90469e+8 
           6750       2.8722e+8 
           6770      2.84145e+8 
           6790      2.81011e+8 
           6810      2.77909e+8 
           6830      2.74838e+8 
           6850      2.71806e+8 
           6870      2.68797e+8 
           6890      2.63755e+8 
           6910      2.62909e+8 
           6930      2.60107e+8 
           6950      2.57279e+8 
           6970      2.54494e+8 
           6990      2.51736e+8 
           7010      2.48976e+8 
           7030      2.46143e+8 
           7050      2.43634e+8 
           7070      2.39296e+8 
           7090      2.38525e+8 
           7110      2.35978e+8 
           7130      2.33477e+8 
           7150      2.31016e+8 
           7170      2.27238e+8 
           7190      2.25582e+8 
           7210      2.23788e+8 
           7230      2.21399e+8 
           7250      2.19125e+8 
           7270      2.16852e+8 
           7290      2.13892e+8 
           7310      2.12328e+8 
           7330      2.10175e+8 
           7350      2.08008e+8 
           7370      2.05854e+8 
           7390      2.03755e+8 
           7410      2.01648e+8 
           7430      1.99608e+8 
           7450      1.97534e+8 
           7470      1.95566e+8 
           7490      1.93422e+8 
           7510      1.91605e+8 
           7530      1.89698e+8 
           7550      1.87788e+8 
           7570       1.8589e+8 
           7590      1.82394e+8 
           7610      1.82133e+8 
           7630      1.80377e+8 
           7650      1.78585e+8 
           7670      1.76829e+8 
           7690       1.7498e+8 
           7710      1.73313e+8 
           7730      1.71522e+8 
           7750      1.69961e+8 
           7770        1.683e+8 
           7790      1.66655e+8 
           7810      1.65018e+8 
           7830      1.63427e+8 
           7850      1.61843e+8 
           7870      1.60274e+8 
           7890      1.58742e+8 
           7910      1.57242e+8 
           7930       1.5573e+8 
           7950      1.54239e+8 
           7970      1.52718e+8 
           7990      1.51306e+8 
           8010       1.4987e+8 
           8030      1.48411e+8 
           8050      1.47041e+8 
           8070      1.45648e+8 
           8090       1.4425e+8 
           8110      1.42869e+8 
           8130       1.4158e+8 
           8150      1.40199e+8 
           8170      1.38916e+8 
           8190      1.37233e+8 
           8210      1.32697e+8 
           8230      1.30896e+8 
           8250      1.30268e+8 
           8270      1.29055e+8 
           8290      1.27999e+8 
           8310       1.2686e+8 
           8330      1.25633e+8 
           8350      1.24411e+8 
           8370       1.2344e+8 
           8390      1.22414e+8 
           8410      1.21385e+8 
           8430      1.20364e+8 
           8450       1.1922e+8 
           8470      1.18363e+8 
           8490      1.17435e+8 
           8510      1.16255e+8 
           8530      1.15622e+8 
           8550      1.14257e+8 
           8570      1.14115e+8 
           8590      1.12282e+8 
           8610      1.11532e+8 
           8630      1.11774e+8 
           8650      1.10367e+8 
           8670      1.07518e+8 
           8690      1.09338e+8 
           8710      1.08886e+8 
           8730      1.07479e+8 
           8750      1.02933e+8 
           8770      1.05374e+8 
           8790      1.05787e+8 
           8810      1.05001e+8 
           8830      1.04067e+8 
           8850      1.01221e+8 
           8870       9.7131e+7 
           8890      1.01099e+8 
           8910      1.00741e+8 
           8930      9.98318e+7 
           8950      9.91132e+7 
           8970      9.82738e+7 
           8990      9.67367e+7 
           9010      9.13609e+7 
           9030       9.3165e+7 
           9050      9.47224e+7 
           9070      9.38884e+7 
           9090      9.33209e+7 
           9110      9.25166e+7 
           9130       9.1854e+7 
           9150      9.10928e+7 
           9170      9.02525e+7 
           9190      8.94632e+7 
           9210      8.75472e+7 
           9230      8.19809e+7 
           9250      8.61532e+7 
           9270      8.64832e+7 
           9290      8.59016e+7 
           9310      8.50985e+7 
           9330      8.44788e+7 
           9350      8.26998e+7 
           9370      8.28665e+7 
           9390      8.24327e+7 
           9410      8.17294e+7 
           9430      8.10783e+7 
           9450      8.04316e+7 
           9470      7.96426e+7 
           9490      7.91233e+7 
           9510      7.80702e+7 
           9530      7.64363e+7 
           9550      7.16801e+7 
           9570      7.58562e+7 
           9590      7.59006e+7 
           9610       7.5328e+7 
           9630      7.46621e+7 
           9650      7.41788e+7 
           9670      7.35904e+7 
           9690      7.29899e+7 
           9710      7.19703e+7 
           9730      7.18063e+7 
           9750      7.12544e+7 
           9770      7.04578e+7 
           9790      7.01622e+7 
           9810      6.96142e+7 
           9830      6.90623e+7 
           9850      6.85257e+7 
           9870      6.79893e+7 
           9890      6.74563e+7 
           9910      6.69197e+7 
           9930      6.64136e+7 
           9950      6.58995e+7 
           9970      6.53889e+7 
           9990      6.48859e+7 
          10025      6.29192e+7 
          10075      6.11792e+7 
          10125      6.08813e+7 
          10175      6.04373e+7 
          10225      5.92927e+7 
          10275      5.81855e+7 
          10325      5.70013e+7 
          10375      5.60471e+7 
          10425      5.48731e+7 
          10475      5.40004e+7 
          10525      5.30123e+7 
          10575      5.20473e+7 
          10625      5.11047e+7 
          10675      5.01577e+7 
          10725      4.92784e+7 
          10775       4.8397e+7 
          10825      4.72824e+7 
          10875      4.66828e+7 
          10925      4.41007e+7 
          10975      4.47413e+7 
          11025      4.42032e+7 
          11075      4.34978e+7 
          11125      4.27456e+7 
          11175      4.20198e+7 
          11225      4.12907e+7 
          11275      4.05874e+7 
          11325      3.98949e+7 
          11375      3.92188e+7 
          11425       3.8556e+7 
          11475      3.79061e+7 
          11525      3.72714e+7 
          11575      3.66466e+7 
          11625      3.58273e+7 
          11675      3.53138e+7 
          11725      3.48572e+7 
          11775      3.42846e+7 
          11825      3.37204e+7 
          11875      3.31726e+7 
          11925      3.26327e+7 
          11975      3.19747e+7 
          12025      3.15894e+7 
          12075      3.10828e+7 
          12125      3.05836e+7 
          12175      3.00992e+7 
          12225      2.96241e+7 
          12275      2.91557e+7 
          12325      2.86964e+7 
          12375      2.82485e+7 
          12425      2.78069e+7 
          12475      2.73738e+7 
          12525        2.693e+7 
          12575      2.65328e+7 
          12625      2.61269e+7 
          12675      2.57265e+7 
          12725       2.5334e+7 
          12775      2.47736e+7 
          12825      2.35937e+7 
          12875      2.41698e+7 
          12925      2.38389e+7 
          12975      2.34272e+7 
          13025        2.313e+7 
          13075      2.27882e+7 
          13125      2.24509e+7 
          13175      2.21202e+7 
          13225      2.17938e+7 
          13275      2.14761e+7 
          13325      2.11618e+7 
          13375      2.08541e+7 
          13425      2.05465e+7 
          13475      2.02555e+7 
          13525      1.99639e+7 
          13575      1.96783e+7 
          13625       1.9397e+7 
          13675      1.91212e+7 
          13725      1.88486e+7 
          13775      1.85839e+7 
          13825      1.83222e+7 
          13875      1.80652e+7 
          13925      1.78123e+7 
          13975      1.75643e+7 
          14025      1.73198e+7 
          14075      1.70809e+7 
          14125      1.68452e+7 
          14175      1.66135e+7 
          14225      1.63862e+7 
          14275      1.61625e+7 
          14325      1.59425e+7 
          14375      1.57264e+7 
          14425       1.5514e+7 
          14475      1.53051e+7 
          14525      1.50997e+7 
          14570      1.49177e+7 
          14620      1.47197e+7 
          14675       1.4505e+7 
          14725      1.43113e+7 
          14775      1.40568e+7 
          14825      1.39387e+7 
          14875      1.37566e+7 
          14925      1.35772e+7 
          14975      1.34005e+7 
          15025      1.32265e+7 
          15075      1.30467e+7 
          15125      1.28867e+7 
          15175      1.27206e+7 
          15225       1.2558e+7 
          15275      1.23954e+7 
          15325      1.22358e+7 
          15375       1.2083e+7 
          15425      1.19218e+7 
          15475      1.17788e+7 
          15525      1.16288e+7 
          15575      1.14656e+7 
          15625      1.13505e+7 
          15675       1.1186e+7 
          15725      1.10294e+7 
          15775      1.09376e+7 
          15825      1.07991e+7 
          15875      1.05792e+7 
          15925      1.05189e+7 
          15975      1.04328e+7 
          16050      1.02146e+7 
          16150      9.90811e+6 
          16250      9.75729e+6 
          16350       9.4878e+6 
          16450      9.18903e+6 
          16550      9.07981e+6 
          16650      8.86726e+6 
          16750      8.62137e+6 
          16850      8.34062e+6 
          16950      8.26543e+6 
          17050      8.05641e+6 
          17150      7.89255e+6 
          17250      7.71369e+6 
          17350      7.39036e+6 
          17450       7.3617e+6 
          17550      7.20734e+6 
          17650      7.04779e+6 
          17750      6.89256e+6 
          17850      6.74164e+6 
          17950      6.59483e+6 
          18050      6.45189e+6 
          18150       6.1852e+6 
          18250      6.16059e+6 
          18350      6.04585e+6 
          18450      5.91775e+6 
          18550      5.79235e+6 
          18650      5.61853e+6 
          18750      5.41893e+6 
          18850      5.43749e+6 
          18950      5.32548e+6 
          19050      5.20734e+6 
          19150      5.10933e+6 
          19250      5.00545e+6 
          19350      4.90182e+6 
          19450      4.68893e+6 
          19550      4.70407e+6 
          19650      4.61504e+6 
          19750      4.52342e+6 
          19850      4.43408e+6 
          19950      4.34696e+6 
          20050        4.262e+6 
          20150      4.17896e+6 
          20250       4.0981e+6 
          20350      4.01908e+6 
          20450      3.94149e+6 
          20550      3.86364e+6 
          20650      3.79324e+6 
          20750      3.72144e+6 
          20850      3.65141e+6 
          20950        3.583e+6 
          21050      3.51621e+6 
          21150       3.4453e+6 
          21250      3.38718e+6 
          21350      3.32488e+6 
          21450      3.26363e+6 
          21550      3.20373e+6 
          21650      3.06433e+6 
          21750      3.08576e+6 
          21850      3.03327e+6 
          21950      2.97958e+6 
          22050       2.9265e+6 
          22150      2.87457e+6 
          22250      2.82368e+6 
          22350       2.7741e+6 
          22450      2.72552e+6 
          22550        2.678e+6 
          22650      2.63149e+6 
          22750      2.58599e+6 
          22850      2.54544e+6 
          22950      2.50177e+6 
          23050      2.45856e+6 
          23150      2.41726e+6 
          23250       2.3763e+6 
          23350      2.33623e+6 
          23450      2.29702e+6 
          23550      2.25861e+6 
          23650      2.22102e+6 
          23750      2.18419e+6 
          23850       2.1481e+6 
          23950      2.11279e+6 
          24050      2.07819e+6 
          24150      2.04429e+6 
          24250      2.01081e+6 
          24350       1.9785e+6 
          24450       1.9466e+6 
          24550      1.91534e+6 
          24650      1.88402e+6 
          24750      1.85228e+6 
          24850      1.82532e+6 
          24950      1.79341e+6 
          25050      1.76819e+6 
          25150      1.74046e+6 
          25250      1.70856e+6 
          25350      1.68632e+6 
          25450      1.66053e+6 
          25550      1.63417e+6 
          25650      1.60278e+6 
          25750      1.58496e+6 
          25850      1.56088e+6 
          25950      1.53713e+6 
          26050      1.51113e+6 
          26150      1.47828e+6 
          26250      1.42762e+6 
          26350      1.44431e+6 
          26450      1.42501e+6 
          26550      1.40329e+6 
          26650      1.38153e+6 
          26750      1.34811e+6 
          26850      1.34091e+6 
          26950      1.32293e+6 
          27050      1.30365e+6 
          27150      1.28466e+6 
          27250      1.26606e+6 
          27350      1.24776e+6 
          27450      1.22968e+6 
          27550       1.1965e+6 
          27650      1.18949e+6 
          27750      1.17785e+6 
          27850      1.16115e+6 
          27950      1.14475e+6 
          28050      1.12861e+6 
          28150      1.11276e+6 
          28250       1.0972e+6 
          28350      1.08188e+6 
          28450      1.06689e+6 
          28550      1.05194e+6 
          28650      1.03419e+6 
          28750      1.00499e+6 
          28850      1.00863e+6 
          28950          995515 
          29050          981934 
          29150          968647 
          29250          955517 
          29350          942676 
          29450          929986 
          29550          917533 
          29650          905313 
          29750          893277 
          29850          881426 
          29950          869794 
          30050          858342 
          30150          847064 
          30250          835956 
          30350          811068 
          30450          807416 
          30550          803795 
          30650          793425 
          30750          783214 
          30850          773156 
          30950          763251 
          31050          753537 
          31150          743932 
          31250          734510 
          31350          725231 
          31450          716093 
          31550          707135 
          31650          698274 
          31750          689547 
          31850          680988 
          31950          672563 
          32100          660113 
          32300          644020 
          32500          628377 
          32700          613210 
          32900          589557 
          33100          583075 
          33300          570757 
          33500          557350 
          33700          544318 
          33900          531619 
          34100          519312 
          34300          507351 
          34500          495755 
          34700          484456 
          34900          473507 
          35100          462838 
          35300          452468 
          35500          442392 
          35700          432601 
          35900          423088 
          36100          413816 
          36300          404810 
          36500          396029 
          36700          387503 
          36900          379189 
          37100          370816 
          37300          360647 
          37500          351186 
          37700          348107 
          37900          340849 
          38100          333492 
          38300          326654 
          38500          320142 
          38700          313595 
          38900          307194 
          39100          300239 
          39300          294922 
          39500          288998 
          39700          283249 
          39900          277624 
          40100          271605 
          40300          265668 
          40500          257355 
          40700          256469 
          40900          251490 
          41100          246640 
          41300          241805 
          41500          237293 
          41700          231057 
          41900          228320 
          42100          224073 
          42300          219875 
          42500          215724 
          42700          211766 
          42900          207688 
          43100          204020 
          43300          200280 
          43500          196625 
          43700          191335 
          43900          189170 
          44100          186156 
          44300          182822 
          44500          179562 
          44700          176448 
          44900          173329 
          45100          170276 
          45300          167293 
          45500          164373 
          45700          161518 
          45900          158722 
          46100          155967 
          46300          153310 
          46500          147539 
          46700          145989 
          46900          145358 
          47100          143163 
          47300          140760 
          47500          138405 
          47700          136099 
          47900          133840 
          48100          131629 
          48300          129462 
          48500          127341 
          48700          125262 
          48900          123225 
          49100          121229 
          49300          119274 
          49500          117357 
          49700          115480 
          49900          113639 
          50100          111834 
          50300          110066 
          50500          108333 
          50700          106633 
          50900          104964 
          51100          103219 
          51300          100001 
          51500          100111 
          51700         98612.2 
          51900           97101 
          52100         95617.3 
          52300           94163 
          52500         92733.3 
          52700         91332.4 
          52900           89959 
          53100         88609.4 
          53300         87286.7 
          53500         85986.2 
          53700         84709.4 
          53900         83456.8 
          54100           82231 
          54300         81024.3 
          54500           79841 
          54700         78677.8 
          54900         77535.6 
          55100         76412.9 
          55300           75238 
          55500         74231.9 
          55700         73170.3 
          55900           72128 
          56100         71103.6 
          56300         70096.6 
          56500         69107.9 
          56700         68135.9 
          56900         67180.8 
          57100         66062.9 
          57300         65320.3 
          57500         64416.4 
          57700           63526 
          57900         62651.8 
          58100         61791.7 
          58300           60946 
          58500         60132.7 
          58700         59314.5 
          58900         58421.8 
          59100         56502.8 
          59300         56905.7 
          59500         55912.8 
          59700         55326.4 
          59900         54694.1 
          60100         53968.6 
          60300         53253.9 
          60500         52552.4 
          60700         51861.1 
          60900         51181.8 
          61100         50513.2 
          61300         49856.1 
          61500         49208.8 
          61700         48572.7 
          61900         47946.7 
          62100         47330.6 
          62300         46723.3 
          62500         46126.7 
          62700         45510.9 
          62900         44550.7 
          63100         44332.1 
          63300         43832.4 
          63500         43281.9 
          63700         42739.6 
          63900           42206 
          64200         41420.2 
          64600         40400.6 
          65000         39412.8 
          65400         38453.8 
          65800         37524.7 
          66200         36622.9 
          66600         35748.8 
          67000         34899.4 
          67400           34060 
          67800         33032.3 
          68200         32499.6 
          68600         31746.2 
          69000         31014.4 
          69400         30302.7 
          69800         29611.6 
          70200         28940.3 
          70600         28287.5 
          71000         27652.8 
          71400         27036.4 
          71800         26437.1 
          72200         25853.8 
          72600         25285.9 
          73000         24734.6 
          73400         24197.9 
          73800         23675.5 
          74200         23146.6 
          74600         22318.2 
          75000         21709.1 
          75400         21696.7 
          75800           21265 
          76200         20820.5 
          76600         20387.2 
          77000           19965 
          77400         19554.2 
          77800         19135.8 
          78200         18762.5 
          78600         18382.3 
          79000         18011.4 
          79400         17649.3 
          79800         17296.5 
          80200         16952.8 
          80600         16617.3 
          81000         16289.9 
          81400         15943.2 
          81800           15652 
          82200           15355 
          82600         15058.2 
          83000           14769 
          83400         14486.3 
          83800         14210.5 
          84200         13940.8 
          84600         13677.7 
          85000           13421 
          85400           13170 
          85800         12925.2 
          86200         12685.4 
          86600         12399.2 
          87000         12222.2 
          87400         11915.3 
          87800         11697.5 
          88200         11567.9 
          88600         11359.6 
          89000         11155.9 
          89400         10956.4 
          89800         10761.3 
          90200         10570.7 
          90600         10384.4 
          91000         10201.9 
          91400         10023.5 
          91800         9849.17 
          92200         9678.35 
          92600         9511.46 
          93000         9347.92 
          93400         9187.68 
          93800         8972.49 
          94200         8865.88 
          94600         8727.92 
          95000         8581.11 
          95400         8437.27 
          95800         8296.37 
          96200          8158.7 
          96600         8023.47 
          97000         7891.35 
          97400         7761.54 
          97800         7634.78 
          98200         7510.19 
          98600         7388.54 
          99000         7269.01 
          99400         7152.27 
          99800         7037.57 
         100200         6925.21 
         200000         426.722 
         400000         25.8814 
         600000         5.01304 
         800000          1.5629 
         1.0e+6        0.632793 
         1.2e+6        0.302299 
         1.4e+6        0.161875 
         1.6e+6       0.0942416 
