# Kurucz ODFNEW /NOVER models
# teff = 3750 K (value for the effective temperature for the model. Temperatures are given in K)
# logg = 3.00 log(cm/s2) (value for Log(G) for the model.)
# meta = -0.5  (value for the Metallicity for the model.)
# lh = 1.25  (l/Hp where l is the  mixing length of the convective element and Hp is the pressure scale height)
# vtur = 2.0 km/s (Microturbulence velocity)
#
# column 1: WAVELENGTH (ANGSTROM), Wavelength in Angstrom
# column 2: FLUX (ERG/CM2/S/A), Flux in erg/cm2/s/A
              0               0 
           90.9               0 
           93.5               0 
           96.1               0 
           97.7               0 
           99.6               0 
            102               0 
          103.8               0 
          105.6               0 
          107.7               0 
          110.4               0 
            114               0 
          117.8               0 
          121.3               0 
          124.8               0 
          127.1               0 
          128.4               0 
          130.5               0 
          132.4               0 
          133.9               0 
          136.6               0 
          139.8               0 
          143.3               0 
          147.2               0 
            151               0 
          155.2               0 
          158.8               0 
            162               0 
            166               0 
          170.3               0 
          173.4               0 
          176.8               0 
          180.2               0 
          181.7               0 
          186.1               0 
            191               0 
          193.9               0 
          198.4               0 
          201.8               0 
            205               0 
          210.5               0 
          216.2               0 
          219.8               0 
            223               0 
          226.8               0 
            230               0 
            234               0 
            240               0 
          246.5               0 
          252.4               0 
          256.8               0 
            260               0 
            264               0 
          268.5               0 
          273.5               0 
          278.5               0 
            284               0 
            290               0 
            296               0 
            301               0 
            308               0 
            318               0 
            328               0 
            338               0 
            348               0 
            357               0 
            366               0 
            375               0 
            385               0 
            395               0 
            405               0 
            414               0 
            422               0 
            430               0 
            441               0 
            451               0 
            460               0 
            470               0 
            480               0 
            490               0 
            500               0 
            506               0 
            512               0 
            520               0 
            530               0 
            540               0 
            550               0 
            560               0 
            570               0 
            580               0 
            590               0 
            600               0 
            610               0 
            620               0 
            630               0 
            640               0 
            650               0 
            658               0 
            665               0 
            675               0 
            685               0 
            695               0 
            705               0 
            716               0 
            726               0 
            735               0 
            745               0 
            755               0 
            765               0 
            775     3.01948e-25 
            785     7.45911e-25 
            795     1.79524e-24 
            805     4.23457e-24 
            815     9.76103e-24 
            825      2.2013e-23 
            835     4.86311e-23 
            845     1.05243e-22 
            855     2.23057e-22 
            865     4.63923e-22 
            875     9.47206e-22 
            885     1.90105e-21 
            895     3.75772e-21 
            905     7.27908e-21 
            915     2.49984e-15 
            925     1.37289e-14 
            935     1.79457e-14 
            945     3.22601e-14 
            955     2.92371e-14 
            965     7.04611e-14 
            975       4.324e-14 
            985     1.34166e-13 
            995     2.23829e-13 
           1005     2.42097e-13 
           1015     2.57064e-13 
           1025     3.76326e-13 
           1035     1.06869e-12 
           1045     1.80885e-12 
           1055     2.20574e-12 
           1065     6.43735e-12 
           1075     8.83386e-12 
           1085     2.00551e-11 
           1095     2.94789e-11 
           1105     4.02453e-11 
           1115     5.75206e-11 
           1125     1.49924e-10 
           1135     2.64063e-10 
           1145     4.50285e-10 
           1155     6.61552e-10 
           1165     7.98081e-10 
           1175      1.23042e-9 
           1185      1.48567e-9 
           1195     8.29136e-10 
           1205     3.20967e-10 
           1215        6.86e-11 
           1225     5.07018e-10 
           1235      3.30437e-9 
           1245      1.00605e-8 
           1255      1.80215e-8 
           1265      2.55175e-8 
           1275       3.8574e-8 
           1285      4.15123e-8 
           1295      5.63943e-8 
           1305      7.58604e-8 
           1315      9.83904e-8 
           1325      1.16745e-7 
           1335      1.35527e-7 
           1345      1.86717e-7 
           1355      2.53776e-7 
           1365      2.85981e-7 
           1375      3.15951e-7 
           1385      3.94284e-7 
           1395      4.62292e-7 
           1405      6.64574e-7 
           1415      8.76824e-7 
           1425      9.62037e-7 
           1435      1.41642e-6 
           1442      2.12428e-6 
           1447      1.76718e-6 
           1455      2.08187e-6 
           1465      3.17342e-6 
           1475      3.05159e-6 
           1485      3.96559e-6 
           1495      6.41175e-6 
           1505       9.6931e-6 
           1512      5.13086e-6 
           1517      9.04072e-6 
           1525      1.35912e-5 
           1535      2.51519e-5 
           1545      1.76526e-5 
           1555      2.86751e-5 
           1565      2.56642e-5 
           1575      5.23006e-5 
           1585      5.42807e-5 
           1595      5.13616e-5 
           1605      5.43695e-5 
           1615      5.61538e-5 
           1625      5.51552e-5 
           1635      7.64968e-5 
           1645     0.000107873 
           1655      8.70762e-5 
           1665     0.000150028 
           1672     0.000121128 
           1677     0.000204324 
           1685     0.000271598 
           1695     0.000403829 
           1705     0.000426347 
           1715     0.000479515 
           1725      0.00068111 
           1735     0.000784641 
           1745      0.00112729 
           1755      0.00112014 
           1765       0.0014559 
           1775      0.00134269 
           1785      0.00265975 
           1795      0.00212345 
           1805      0.00394083 
           1815      0.00274683 
           1825      0.00465982 
           1835      0.00402975 
           1845      0.00648892 
           1855       0.0048865 
           1865      0.00866652 
           1875      0.00808043 
           1885       0.0105136 
           1895       0.0132154 
           1905       0.0141608 
           1915       0.0205304 
           1925       0.0177171 
           1935       0.0129202 
           1945       0.0256251 
           1955       0.0365048 
           1967       0.0399584 
           1976       0.0465806 
           1984       0.0606147 
           1995       0.0544912 
           2005       0.0665854 
           2015       0.0760777 
           2025       0.0734659 
           2035       0.0926718 
           2045       0.0969475 
           2055        0.116516 
           2065        0.112757 
           2074        0.101884 
           2078         0.14172 
           2085         0.17553 
           2095         0.24032 
           2105        0.260598 
           2115        0.268372 
           2125        0.317234 
           2135        0.406869 
           2145        0.305468 
           2155         0.39953 
           2165        0.389772 
           2175        0.429902 
           2185        0.399384 
           2195        0.680871 
           2205        0.572996 
           2215        0.699545 
           2225        0.594533 
           2235         1.00525 
           2245         1.15381 
           2255         1.43261 
           2265        0.797268 
           2275         1.62757 
           2285         1.51681 
           2295         2.54312 
           2305        0.947812 
           2315         3.31915 
           2325          2.6251 
           2335         4.09909 
           2345         2.53139 
           2355         2.26329 
           2365         3.06235 
           2375         2.99548 
           2385         5.13269 
           2395         4.89315 
           2405         8.85092 
           2415         5.34914 
           2425         6.86051 
           2435         10.4062 
           2445         14.1535 
           2455         16.5412 
           2465         10.7807 
           2475         19.3752 
           2485          8.0419 
           2495         9.12319 
           2505         17.3547 
           2513         12.5299 
           2518         14.8219 
           2525         18.1628 
           2535         36.8622 
           2545         46.3563 
           2555         48.1548 
           2565         27.1255 
           2575         43.4522 
           2585         32.1629 
           2595         39.2386 
           2605         53.5309 
           2615         48.7927 
           2625         75.5744 
           2635         114.432 
           2645         90.2891 
           2655         127.684 
           2665         108.661 
           2675           100.3 
           2685         131.525 
           2695         95.7513 
           2705         165.056 
           2715         157.981 
           2725         140.046 
           2735         144.558 
           2745         206.573 
           2755         195.308 
           2765         281.004 
           2775         363.726 
           2785         243.828 
           2795         337.779 
           2805         330.734 
           2815         354.493 
           2825         364.323 
           2835         314.764 
           2845         250.413 
           2855         133.873 
           2865         388.147 
           2875         417.653 
           2885          673.19 
           2895         769.504 
           2910          959.92 
           2930         1051.74 
           2950         1042.81 
           2970         1025.74 
           2990         1279.65 
           3010         1413.89 
           3030         1840.67 
           3050         2158.93 
           3070         2509.03 
           3090         2518.76 
           3110         4455.91 
           3130         4098.82 
           3150         7376.27 
           3170         12130.5 
           3190         8602.21 
           3210         11340.2 
           3230         10887.8 
           3250         18782.5 
           3270         27175.7 
           3290         36155.3 
           3310         27567.8 
           3330         30022.1 
           3350         27249.8 
           3370         15212.3 
           3390         20405.9 
           3410         25425.8 
           3430         29638.5 
           3450         26480.5 
           3470         26481.1 
           3490         38081.1 
           3510           55974 
           3530         52584.2 
           3550         80078.2 
           3570         32716.4 
           3590         28684.8 
           3610           49499 
           3630         71318.2 
           3640         81225.5 
           3650         89739.6 
           3670          118463 
           3690         92383.4 
           3710         70547.5 
           3730         26926.7 
           3750           36852 
           3770         95263.3 
           3790          107802 
           3810           94649 
           3830         36522.8 
           3850         64640.7 
           3870           59990 
           3890         68586.2 
           3910          100964 
           3930         30809.4 
           3950         67047.4 
           3970         44375.6 
           3990          165344 
           4010          229802 
           4030          175687 
           4050          196871 
           4070          187309 
           4090          247661 
           4110          153062 
           4130          178072 
           4150          168290 
           4170          158867 
           4190          177411 
           4210          153423 
           4230         92314.5 
           4250          176144 
           4270          167727 
           4290          170381 
           4310          195921 
           4330          282896 
           4350          290215 
           4370          304274 
           4390          267201 
           4410          284096 
           4430          296836 
           4450          318011 
           4470          344360 
           4490          367366 
           4510          421847 
           4530          347322 
           4550          386456 
           4570          427186 
           4590          401368 
           4610          421862 
           4630          406027 
           4650          394371 
           4670          430454 
           4690          416583 
           4710          403290 
           4730          392039 
           4750          395255 
           4770          293117 
           4790          324483 
           4810          371860 
           4830          390459 
           4850          425202 
           4870          432391 
           4890          461584 
           4910          470458 
           4930          452435 
           4950          434303 
           4970          338574 
           4990          337998 
           5010          274592 
           5030          316011 
           5050          298725 
           5070          298322 
           5090          288087 
           5110          306640 
           5130          292101 
           5150          279496 
           5170          260086 
           5190          271232 
           5210          323656 
           5230          501571 
           5250          510768 
           5270          469853 
           5290          562105 
           5310          618978 
           5330          546102 
           5350          593502 
           5370          584976 
           5390          575041 
           5410          580953 
           5430          576207 
           5450          538907 
           5470          522535 
           5490          551645 
           5510          519393 
           5530          589359 
           5550          613849 
           5570          607386 
           5590          575871 
           5610          532677 
           5630          558303 
           5650          599723 
           5670          583300 
           5690          632025 
           5710          604981 
           5730          672294 
           5750          689424 
           5770          670894 
           5790          661951 
           5810          690524 
           5830          711464 
           5850          673760 
           5870          633120 
           5890          393181 
           5910          564845 
           5930          596941 
           5950          604621 
           5970          628038 
           5990          646026 
           6010          650640 
           6030          692251 
           6050          714669 
           6070          724934 
           6090          724275 
           6110          730714 
           6130          691615 
           6150          725959 
           6170          574375 
           6190          608453 
           6210          593472 
           6230          540049 
           6250          554451 
           6270          608744 
           6290          645345 
           6310          664613 
           6330          691201 
           6350          714175 
           6370          706968 
           6390          722506 
           6410          719580 
           6430          701781 
           6450          703031 
           6470          723774 
           6490          696850 
           6510          732915 
           6530          764366 
           6550          740940 
           6570          743147 
           6590          752209 
           6610          751046 
           6630          744334 
           6650          713011 
           6670          687403 
           6690          640078 
           6710          636876 
           6730          593748 
           6750          598518 
           6770          644149 
           6790          608866 
           6810          639901 
           6830          671913 
           6850          684333 
           6870          690587 
           6890          724383 
           6910          756970 
           6930          750566 
           6950          775212 
           6970          807575 
           6990          801186 
           7010          814713 
           7030          832497 
           7050          797763 
           7070          678191 
           7090          632568 
           7110          628014 
           7130          553732 
           7150          557479 
           7170          600583 
           7190          645780 
           7210          635377 
           7230          701607 
           7250          726907 
           7270          767391 
           7290          789201 
           7310          808013 
           7330          818125 
           7350          824975 
           7370          852895 
           7390          858216 
           7410          856402 
           7430          867425 
           7450          868544 
           7470          872678 
           7490          874135 
           7510          883911 
           7530          888924 
           7550          889904 
           7570          889151 
           7590          862695 
           7610          852508 
           7630          841508 
           7650          836148 
           7670          781010 
           7690          797403 
           7710          776984 
           7730          802853 
           7750          787738 
           7770          798104 
           7790          800653 
           7810          820832 
           7830          808963 
           7850          811265 
           7870          830017 
           7890          838340 
           7910          827724 
           7930          834397 
           7950          826033 
           7970          856882 
           7990          849354 
           8010          855098 
           8030          857913 
           8050          859529 
           8070          852496 
           8090          859166 
           8110          863696 
           8130          872219 
           8150          874297 
           8170          873859 
           8190          835057 
           8210          836973 
           8230          853098 
           8250          850352 
           8270          858747 
           8290          846662 
           8310          832062 
           8330          829427 
           8350          831187 
           8370          830230 
           8390          788976 
           8410          832527 
           8430          797673 
           8450          815480 
           8470          810216 
           8490          814245 
           8510          783684 
           8530          812012 
           8550          730501 
           8570          833636 
           8590          831954 
           8610          832362 
           8630          839788 
           8650          842153 
           8670          749613 
           8690          809224 
           8710          847225 
           8730          843991 
           8750          844662 
           8770          840963 
           8790          849084 
           8810          830626 
           8830          833342 
           8850          842180 
           8870          787918 
           8890          798677 
           8910          808762 
           8930          802781 
           8950          793931 
           8970          801117 
           8990          811961 
           9010          790028 
           9030          807740 
           9050          822433 
           9070          827649 
           9090          807323 
           9110          816086 
           9130          825167 
           9150          820934 
           9170          818745 
           9190          823305 
           9210          813514 
           9230          816449 
           9250          808564 
           9270          810207 
           9290          803189 
           9310          813346 
           9330          813106 
           9350          811400 
           9370          799229 
           9390          808004 
           9410          801765 
           9430          807434 
           9450          794444 
           9470          806634 
           9490          807548 
           9510          806529 
           9530          804100 
           9550          790451 
           9570          795790 
           9590          805539 
           9610          792726 
           9630          801138 
           9650          767478 
           9670          769786 
           9690          787918 
           9710          782596 
           9730          769393 
           9750          772424 
           9770          778105 
           9790          759128 
           9810          785513 
           9830          773860 
           9850          783999 
           9870          782644 
           9890          782485 
           9910          778447 
           9930          777800 
           9950          777605 
           9970          779679 
           9990          779694 
          10025          770551 
          10075          767301 
          10125          769516 
          10175          763826 
          10225          764878 
          10275          764732 
          10325          754695 
          10375          752545 
          10425          756056 
          10475          748477 
          10525          750872 
          10575          742643 
          10625          743012 
          10675          732993 
          10725          731416 
          10775          730678 
          10825          721211 
          10875          723417 
          10925          720030 
          10975          707699 
          11025          703961 
          11075          703022 
          11125          699398 
          11175          696169 
          11225          697905 
          11275          687520 
          11325          688306 
          11375          680028 
          11425          676485 
          11475          684018 
          11525          683911 
          11575          677762 
          11625          668043 
          11675          669353 
          11725          675468 
          11775          662325 
          11825          661666 
          11875          653943 
          11925          664178 
          11975          644065 
          12025          656644 
          12075          652483 
          12125          654852 
          12175          654084 
          12225          651719 
          12275          648571 
          12325          646320 
          12375          644701 
          12425          641277 
          12475          640555 
          12525          635905 
          12575          635935 
          12625          633222 
          12675          629879 
          12725          630149 
          12775          629798 
          12825          615528 
          12875          621599 
          12925          615444 
          12975          621677 
          13025          618622 
          13075          617845 
          13125          606870 
          13175          607826 
          13225          610974 
          13275          601974 
          13325          588936 
          13375          573548 
          13425          567279 
          13475          575961 
          13525          567033 
          13575          566893 
          13625          560549 
          13675          570295 
          13725          572088 
          13775          571575 
          13825          570997 
          13875          559805 
          13925          521657 
          13975          535022 
          14025          540694 
          14075          542507 
          14125          530819 
          14175          532761 
          14225          533508 
          14275          524307 
          14325          533190 
          14375          530675 
          14425          531637 
          14475          534893 
          14525          529589 
          14570          529928 
          14620          506886 
          14675          510247 
          14725          519594 
          14775          517445 
          14825          521384 
          14875          517409 
          14925          531163 
          14975          536946 
          15025          513437 
          15075          524178 
          15125          531469 
          15175          535384 
          15225          542828 
          15275          532968 
          15325          543275 
          15375          531859 
          15425          524298 
          15475          549831 
          15525          536308 
          15575          536658 
          15625          551732 
          15675          548431 
          15725          546000 
          15775          534005 
          15825          552104 
          15875          542385 
          15925          555204 
          15975          560489 
          16050          555102 
          16150          560930 
          16250          550524 
          16350          558115 
          16450          549358 
          16550          554073 
          16650          541200 
          16750          530420 
          16850          522802 
          16950          517583 
          17050          501331 
          17150          479479 
          17250          472389 
          17350          455133 
          17450          447704 
          17550          427084 
          17650          415983 
          17750          400439 
          17850          386271 
          17950          380107 
          18050          362272 
          18150          356999 
          18250          348383 
          18350          345166 
          18450          327334 
          18550          315133 
          18650          313160 
          18750          305231 
          18850          311691 
          18950          302694 
          19050          304601 
          19150          299927 
          19250          297053 
          19350          287270 
          19450          283895 
          19550          283275 
          19650          277658 
          19750          267976 
          19850          261765 
          19950          255219 
          20050          254901 
          20150          248303 
          20250          242963 
          20350          241573 
          20450          238252 
          20550          235850 
          20650          229613 
          20750          229566 
          20850          223999 
          20950          223376 
          21050          221590 
          21150          219837 
          21250          217430 
          21350          216812 
          21450          215163 
          21550          213382 
          21650          212637 
          21750          208695 
          21850          208115 
          21950          206630 
          22050          201544 
          22150          204413 
          22250          198698 
          22350          198470 
          22450          196743 
          22550          194825 
          22650          190574 
          22750          190140 
          22850          186726 
          22950          163366 
          23050          171396 
          23150          169616 
          23250          150034 
          23350          156504 
          23450          156830 
          23550          138145 
          23650          146968 
          23750          146581 
          23850          129426 
          23950          135086 
          24050          131132 
          24150          120785 
          24250          122296 
          24350          120087 
          24450          112351 
          24550          109312 
          24650          108805 
          24750          103961 
          24850         99758.3 
          24950          100292 
          25050         97481.1 
          25150         92490.8 
          25250         89177.5 
          25350         90069.6 
          25450         89223.6 
          25550         89265.3 
          25650         85157.8 
          25750         87009.1 
          25850         86032.6 
          25950         85812.9 
          26050         85532.9 
          26150         87607.2 
          26250         86202.6 
          26350         86157.4 
          26450         84274.1 
          26550         84153.5 
          26650         83613.3 
          26750         82267.8 
          26850         82131.7 
          26950         78089.6 
          27050         78996.2 
          27150         76120.6 
          27250         73711.2 
          27350         72649.3 
          27450         72700.9 
          27550         70034.8 
          27650           68928 
          27750         68901.9 
          27850         66207.7 
          27950         66713.7 
          28050         61656.5 
          28150         63082.9 
          28250         62070.5 
          28350         61680.5 
          28450         61968.9 
          28550         59774.7 
          28650           60368 
          28750         59734.5 
          28850           58357 
          28950         59168.2 
          29050         55788.4 
          29150           58071 
          29250         52773.7 
          29350         56927.9 
          29450         50999.5 
          29550         54110.7 
          29650         51372.1 
          29750         52934.4 
          29850         50009.6 
          29950         52070.1 
          30050           48349 
          30150           51680 
          30250         47658.3 
          30350         49786.5 
          30450         47131.9 
          30550         48482.7 
          30650         47938.3 
          30750           46898 
          30850         45984.9 
          30950         44984.2 
          31050         46144.7 
          31150         44509.3 
          31250         45501.9 
          31350         43594.3 
          31450         44250.9 
          31550         43300.8 
          31650         44144.4 
          31750         42652.4 
          31850         43220.5 
          31950           42072 
          32100         42652.4 
          32300         41584.2 
          32500         41487.7 
          32700         40808.9 
          32900         40262.1 
          33100         40127.8 
          33300         39378.9 
          33500         39004.2 
          33700         38857.6 
          33900         37980.7 
          34100         37724.7 
          34300         37843.1 
          34500         36380.1 
          34700         36806.7 
          34900         35949.9 
          35100         35397.7 
          35300         34783.1 
          35500         34700.1 
          35700         33744.9 
          35900         33434.4 
          36100         33275.8 
          36300         32398.6 
          36500         31979.2 
          36700         31609.2 
          36900         31071.1 
          37100         30405.9 
          37300         30088.7 
          37500         29891.9 
          37700         28918.3 
          37900         28994.2 
          38100         28249.4 
          38300         27690.6 
          38500         27357.9 
          38700         27023.1 
          38900         26325.1 
          39100         25876.6 
          39300         25455.4 
          39500         25133.1 
          39700         24519.5 
          39900         23574.8 
          40100         23292.9 
          40300         22916.2 
          40500         21935.5 
          40700         21502.5 
          40900         20897.1 
          41100         20758.9 
          41300         20108.8 
          41500         20002.3 
          41700           19193 
          41900         19235.6 
          42100         18586.7 
          42300         18594.3 
          42500         17909.1 
          42700         17720.5 
          42900         16944.8 
          43100         15987.8 
          43300         16209.6 
          43500         15244.6 
          43700         14813.2 
          43900         14561.1 
          44100         13830.9 
          44300         13544.1 
          44500         13348.5 
          44700           12792 
          44900         12739.1 
          45100         12405.9 
          45300           12035 
          45500         12014.4 
          45700         11842.2 
          45900         11413.8 
          46100         11436.9 
          46300           11190 
          46500         11176.6 
          46700         10973.9 
          46900         10843.5 
          47100         10678.6 
          47300         10611.6 
          47500         10437.9 
          47700         10191.4 
          47900         10150.2 
          48100         9800.22 
          48300         9982.94 
          48500         9674.48 
          48700         9442.35 
          48900         9313.77 
          49100         9352.27 
          49300          9050.7 
          49500         8973.42 
          49700          8822.8 
          49900         8749.95 
          50100         8488.86 
          50300         8401.68 
          50500         8296.55 
          50700         8188.89 
          50900         8060.25 
          51100          7939.7 
          51300         7858.01 
          51500         7790.29 
          51700         7580.01 
          51900          7519.6 
          52100         7480.03 
          52300         7333.13 
          52500         7211.09 
          52700         7196.61 
          52900         7003.21 
          53100         6984.23 
          53300          6843.6 
          53500         6752.53 
          53700         6679.71 
          53900          6659.8 
          54100         6509.09 
          54300         6288.12 
          54500         6394.12 
          54700          6271.9 
          54900         6232.78 
          55100            6136 
          55300         6076.67 
          55500         5918.59 
          55700         5918.05 
          55900         5887.95 
          56100         5772.32 
          56300         5690.24 
          56500          5666.8 
          56700          5554.7 
          56900         5434.52 
          57100         5491.72 
          57300         5301.86 
          57500         5430.62 
          57700         5270.71 
          57900         5162.55 
          58100         5194.47 
          58300         5067.78 
          58500          5022.3 
          58700         4987.38 
          58900         4950.62 
          59100         4864.55 
          59300         4856.31 
          59500         4794.25 
          59700         4716.72 
          59900         4688.33 
          60100         4697.33 
          60300         4543.44 
          60500         4461.06 
          60700         4524.47 
          60900         4482.71 
          61100          4343.6 
          61300         4432.22 
          61500          4307.9 
          61700          4273.6 
          61900         4238.26 
          62100          4198.2 
          62300         4179.26 
          62500         4077.33 
          62700         4015.33 
          62900         4017.07 
          63100         3940.44 
          63300         3914.45 
          63500         3805.66 
          63700         3822.92 
          63900         3740.81 
          64200         3637.47 
          64600         3441.53 
          65000         3330.21 
          65400         3211.92 
          65800         3068.83 
          66200         2984.14 
          66600         2921.14 
          67000         2840.12 
          67400         2805.19 
          67800         2694.65 
          68200         2647.67 
          68600         2630.41 
          69000         2546.04 
          69400         2486.27 
          69800         2480.89 
          70200         2399.34 
          70600         2354.17 
          71000         2295.51 
          71400         2260.33 
          71800         2237.18 
          72200         2161.37 
          72600         2128.75 
          73000         2094.25 
          73400         2050.09 
          73800         2022.25 
          74200         1962.33 
          74600         1952.71 
          75000         1897.25 
          75400         1863.39 
          75800         1803.38 
          76200         1748.16 
          76600         1715.32 
          77000         1694.81 
          77400         1632.81 
          77800         1614.57 
          78200         1573.09 
          78600         1539.62 
          79000         1498.41 
          79400         1482.46 
          79800         1439.11 
          80200         1428.48 
          80600         1388.02 
          81000         1363.32 
          81400         1347.05 
          81800         1325.41 
          82200          1292.8 
          82600         1282.85 
          83000          1248.2 
          83400         1226.24 
          83800         1197.87 
          84200         1196.35 
          84600         1167.69 
          85000         1145.47 
          85400         1134.45 
          85800         1110.13 
          86200         1094.58 
          86600         1073.84 
          87000         1068.57 
          87400          1034.7 
          87800         1020.99 
          88200         1005.02 
          88600         993.326 
          89000         976.523 
          89400         961.063 
          89800         942.008 
          90200         937.097 
          90600         921.451 
          91000         908.776 
          91400         891.412 
          91800         879.279 
          92200         862.626 
          92600         846.581 
          93000          840.27 
          93400         825.877 
          93800         810.672 
          94200         797.433 
          94600         785.903 
          95000         775.041 
          95400         771.951 
          95800         749.919 
          96200         738.608 
          96600         726.286 
          97000         717.505 
          97400         709.441 
          97800         696.874 
          98200         688.434 
          98600         678.364 
          99000         655.943 
          99400         655.976 
          99800         644.713 
         100200         635.074 
         200000         44.6031 
         400000         2.91424 
         600000        0.580563 
         800000        0.183856 
         1.0e+6       0.0751954 
         1.2e+6       0.0361793 
         1.4e+6       0.0194804 
         1.6e+6       0.0113908 
