# Kurucz ODFNEW /NOVER models
# teff = 7000 K (value for the effective temperature for the model. Temperatures are given in K)
# logg = 1.00 log(cm/s2) (value for Log(G) for the model.)
# meta = -0.5  (value for the Metallicity for the model.)
# lh = 1.25  (l/Hp where l is the  mixing length of the convective element and Hp is the pressure scale height)
# vtur = 2.0 km/s (Microturbulence velocity)
#
# column 1: WAVELENGTH (ANGSTROM), Wavelength in Angstrom
# column 2: FLUX (ERG/CM2/S/A), Flux in erg/cm2/s/A
              0               0 
           90.9               0 
           93.5               0 
           96.1               0 
           97.7               0 
           99.6               0 
            102               0 
          103.8               0 
          105.6               0 
          107.7               0 
          110.4               0 
            114               0 
          117.8               0 
          121.3               0 
          124.8               0 
          127.1               0 
          128.4               0 
          130.5               0 
          132.4               0 
          133.9               0 
          136.6               0 
          139.8               0 
          143.3               0 
          147.2               0 
            151               0 
          155.2               0 
          158.8               0 
            162               0 
            166               0 
          170.3               0 
          173.4               0 
          176.8               0 
          180.2               0 
          181.7               0 
          186.1               0 
            191               0 
          193.9               0 
          198.4               0 
          201.8               0 
            205               0 
          210.5               0 
          216.2               0 
          219.8               0 
            223               0 
          226.8               0 
            230               0 
            234               0 
            240               0 
          246.5               0 
          252.4               0 
          256.8               0 
            260               0 
            264               0 
          268.5               0 
          273.5               0 
          278.5               0 
            284               0 
            290               0 
            296               0 
            301               0 
            308               0 
            318               0 
            328               0 
            338               0 
            348               0 
            357               0 
            366               0 
            375               0 
            385               0 
            395               0 
            405               0 
            414      3.4832e-24 
            422     1.44042e-23 
            430     5.63385e-23 
            441     3.37443e-22 
            451     1.58452e-21 
            460     5.99831e-21 
            470     2.47168e-20 
            480      9.5623e-20 
            490     3.49006e-19 
            500     1.20427e-18 
            506     3.27988e-18 
            512     7.43015e-18 
            520     1.83433e-17 
            530     5.48437e-17 
            540     1.54464e-16 
            550      4.2337e-16 
            560      1.1094e-15 
            570     2.80258e-15 
            580     6.76278e-15 
            590      1.6146e-14 
            600     3.69551e-14 
            610     8.21476e-14 
            620     1.77487e-13 
            630     3.73409e-13 
            640      7.6621e-13 
            650      1.5351e-12 
            658     2.63194e-12 
            665     4.16756e-12 
            675     7.89701e-12 
            685     1.46581e-11 
            695     2.66817e-11 
            705     4.75954e-11 
            716     8.83521e-11 
            726       1.521e-10 
            735     2.44591e-10 
            745     4.08506e-10 
            755     6.72072e-10 
            765      1.08991e-9 
            775      1.74307e-9 
            785      2.75108e-9 
            795      4.26689e-9 
            805      6.58497e-9 
            815      1.00225e-8 
            825      1.50681e-8 
            835      2.24069e-8 
            845      3.29691e-8 
            855      4.80154e-8 
            865      6.92461e-8 
            875      9.88047e-8 
            885      1.40004e-7 
            895      1.96439e-7 
            905      2.72737e-7 
            915      0.00055059 
            925      0.00172698 
            935      0.00234504 
            945      0.00327754 
            955       0.0047408 
            965      0.00646113 
            975      0.00847046 
            985       0.0113719 
            995       0.0146495 
           1005       0.0203937 
           1015       0.0266122 
           1025       0.0336262 
           1035        0.044565 
           1045       0.0580746 
           1055       0.0746303 
           1065       0.0932373 
           1075        0.119696 
           1085        0.152023 
           1095        0.187563 
           1105        0.627469 
           1115         2.23604 
           1125         3.29217 
           1135         4.57876 
           1145         5.70718 
           1155         6.07898 
           1165         7.80594 
           1175         8.26603 
           1185          10.132 
           1195         3.44195 
           1205         2.51058 
           1215        0.847795 
           1225         3.11275 
           1235         8.41209 
           1245         19.1298 
           1255         41.4421 
           1265         51.4234 
           1275         91.7734 
           1285         151.573 
           1295         214.832 
           1305         191.623 
           1315         341.323 
           1325         452.645 
           1335         535.768 
           1345         736.686 
           1355         813.508 
           1365         954.734 
           1375         1102.36 
           1385         1296.43 
           1395         1571.48 
           1405         1828.67 
           1415          1944.4 
           1425          2290.3 
           1435         2382.89 
           1442         2846.45 
           1447         3117.39 
           1455         3578.62 
           1465         3706.18 
           1475         4242.24 
           1485         4857.54 
           1495         5687.81 
           1505          6387.2 
           1512         6543.75 
           1517         7200.69 
           1525         7779.28 
           1535         11977.6 
           1545         21797.1 
           1555         21059.6 
           1565         18630.2 
           1575         30010.7 
           1585         35583.9 
           1595           48388 
           1605         44569.5 
           1615         46464.8 
           1625         46911.8 
           1635         60378.8 
           1645         91973.6 
           1655         43932.2 
           1665         82982.6 
           1672         32220.8 
           1677          154117 
           1685          341949 
           1695          457723 
           1705          422875 
           1715          687196 
           1725          827100 
           1735      1.06303e+6 
           1745          893271 
           1755      1.23794e+6 
           1765          957468 
           1775      1.28637e+6 
           1785      1.08753e+6 
           1795       1.7383e+6 
           1805      1.29449e+6 
           1815      1.62655e+6 
           1825      1.30236e+6 
           1835      1.27869e+6 
           1845      1.20378e+6 
           1855      1.44242e+6 
           1865       1.6903e+6 
           1875      1.58863e+6 
           1885      1.72301e+6 
           1895      1.94973e+6 
           1905      1.75087e+6 
           1915      1.88343e+6 
           1925      1.79702e+6 
           1935      1.18979e+6 
           1945      2.20609e+6 
           1955      2.31645e+6 
           1967       2.5984e+6 
           1976      2.55635e+6 
           1984      2.48926e+6 
           1995       2.4546e+6 
           2005      2.31931e+6 
           2015      2.13249e+6 
           2025      1.98975e+6 
           2035      2.47295e+6 
           2045      2.78204e+6 
           2055      2.42487e+6 
           2065      2.27846e+6 
           2074      3.08759e+6 
           2078       3.3783e+6 
           2085      3.22472e+6 
           2095      3.04385e+6 
           2105      2.83639e+6 
           2115      2.94556e+6 
           2125       2.9879e+6 
           2135      2.27606e+6 
           2145      2.87799e+6 
           2155      3.00125e+6 
           2165      2.63241e+6 
           2175      2.71664e+6 
           2185      2.89557e+6 
           2195      3.32362e+6 
           2205      3.12758e+6 
           2215      2.55683e+6 
           2225      2.49166e+6 
           2235      3.34652e+6 
           2245      2.98968e+6 
           2255       2.4501e+6 
           2265      2.43851e+6 
           2275      3.00539e+6 
           2285      3.18607e+6 
           2295      2.88866e+6 
           2305      3.13934e+6 
           2315      2.93653e+6 
           2325      2.76288e+6 
           2335      1.76321e+6 
           2345      1.30413e+6 
           2355      2.40146e+6 
           2365      1.30244e+6 
           2375      1.90428e+6 
           2385          971196 
           2395      1.36177e+6 
           2405      1.30096e+6 
           2415      1.82744e+6 
           2425      3.12033e+6 
           2435      3.06118e+6 
           2445      3.34607e+6 
           2455      3.34493e+6 
           2465      3.22775e+6 
           2475      2.99521e+6 
           2485      3.05363e+6 
           2495      2.96608e+6 
           2505       3.9402e+6 
           2513      2.97236e+6 
           2518       3.2535e+6 
           2525      2.64075e+6 
           2535      2.56491e+6 
           2545      2.68608e+6 
           2555      3.19861e+6 
           2565      2.73322e+6 
           2575      3.18577e+6 
           2585      2.82031e+6 
           2595      2.48946e+6 
           2605      2.11276e+6 
           2615      1.96694e+6 
           2625      2.64994e+6 
           2635       3.4814e+6 
           2645      5.18401e+6 
           2655      5.34014e+6 
           2665      4.30814e+6 
           2675      4.76085e+6 
           2685      4.72824e+6 
           2695      4.40218e+6 
           2705      4.70992e+6 
           2715      3.98757e+6 
           2725      4.04987e+6 
           2735      4.35509e+6 
           2745      2.44961e+6 
           2755      3.05444e+6 
           2765      3.61319e+6 
           2775      4.38219e+6 
           2785      3.37225e+6 
           2795      1.18516e+6 
           2805      1.54944e+6 
           2815      4.20657e+6 
           2825      5.35501e+6 
           2835      5.15886e+6 
           2845      5.00399e+6 
           2855      4.46784e+6 
           2865      5.39012e+6 
           2875      5.24922e+6 
           2885      5.43332e+6 
           2895      5.14051e+6 
           2910      6.25103e+6 
           2930      5.94569e+6 
           2950      5.88181e+6 
           2970      6.35209e+6 
           2990      6.46251e+6 
           3010      6.77525e+6 
           3030      6.74971e+6 
           3050      6.80118e+6 
           3070      6.84837e+6 
           3090      7.20704e+6 
           3110      6.95066e+6 
           3130       6.9202e+6 
           3150      7.33985e+6 
           3170      7.33112e+6 
           3190      6.80559e+6 
           3210      7.25228e+6 
           3230      6.86774e+6 
           3250      7.36197e+6 
           3270      7.59773e+6 
           3290      7.72841e+6 
           3310      7.98119e+6 
           3330      7.79017e+6 
           3350      7.69942e+6 
           3370      7.60633e+6 
           3390      7.80303e+6 
           3410      8.04772e+6 
           3430      8.26798e+6 
           3450      8.22523e+6 
           3470      8.09503e+6 
           3490      8.04643e+6 
           3510      8.39716e+6 
           3530      8.47339e+6 
           3550      8.81702e+6 
           3570      8.36766e+6 
           3590      8.42228e+6 
           3610       8.5261e+6 
           3630      8.71344e+6 
           3640      8.54082e+6 
           3650      8.97198e+6 
           3670      8.93513e+6 
           3690      9.87166e+6 
           3710      1.30087e+7 
           3730       1.7935e+7 
           3750      2.57361e+7 
           3770      2.72617e+7 
           3790      3.30437e+7 
           3810      3.71458e+7 
           3830      2.96861e+7 
           3850      3.84598e+7 
           3870      4.09834e+7 
           3890        2.816e+7 
           3910      3.85773e+7 
           3930      2.50358e+7 
           3950      3.65756e+7 
           3970       2.1765e+7 
           3990      3.88774e+7 
           4010      4.02687e+7 
           4030      3.95684e+7 
           4050      3.91946e+7 
           4070      3.82715e+7 
           4090      3.63531e+7 
           4110      2.91132e+7 
           4130      3.76093e+7 
           4150      3.84442e+7 
           4170      3.72225e+7 
           4190      3.70978e+7 
           4210      3.67354e+7 
           4230      3.60668e+7 
           4250      3.62119e+7 
           4270      3.52703e+7 
           4290      3.53311e+7 
           4310      3.31888e+7 
           4330      3.06586e+7 
           4350       2.6732e+7 
           4370      3.44617e+7 
           4390      3.36556e+7 
           4410      3.27526e+7 
           4430      3.28893e+7 
           4450       3.2994e+7 
           4470      3.27559e+7 
           4490       3.2633e+7 
           4510      3.32314e+7 
           4530      3.17654e+7 
           4550      3.11502e+7 
           4570      3.22418e+7 
           4590      3.09548e+7 
           4610      3.18976e+7 
           4630       3.0902e+7 
           4650      3.11595e+7 
           4670      3.09985e+7 
           4690      3.02311e+7 
           4710      2.92362e+7 
           4730      3.01411e+7 
           4750       3.0217e+7 
           4770      2.95849e+7 
           4790      2.93515e+7 
           4810       2.9046e+7 
           4830      2.85443e+7 
           4850      2.52152e+7 
           4870      2.06165e+7 
           4890      2.73866e+7 
           4910      2.75343e+7 
           4930        2.682e+7 
           4950      2.72433e+7 
           4970      2.73508e+7 
           4990       2.6253e+7 
           5010      2.53264e+7 
           5030      2.60158e+7 
           5050      2.56772e+7 
           5070      2.58854e+7 
           5090      2.54933e+7 
           5110      2.53418e+7 
           5130       2.4685e+7 
           5150      2.42948e+7 
           5170       2.3807e+7 
           5190      2.35596e+7 
           5210      2.35372e+7 
           5230      2.33644e+7 
           5250      2.36692e+7 
           5270      2.24143e+7 
           5290      2.32157e+7 
           5310      2.27726e+7 
           5330      2.22281e+7 
           5350      2.27716e+7 
           5370      2.24795e+7 
           5390      2.21846e+7 
           5410      2.18021e+7 
           5430      2.17018e+7 
           5450      2.18739e+7 
           5470      2.16211e+7 
           5490      2.15201e+7 
           5510      2.12785e+7 
           5530      2.10977e+7 
           5550      2.11563e+7 
           5570       2.0831e+7 
           5590      2.06171e+7 
           5610      2.05291e+7 
           5630      2.04821e+7 
           5650      2.01568e+7 
           5670      1.99059e+7 
           5690      1.99524e+7 
           5710      1.97735e+7 
           5730       1.9778e+7 
           5750      1.95427e+7 
           5770      1.94176e+7 
           5790      1.92073e+7 
           5810      1.90842e+7 
           5830      1.89457e+7 
           5850       1.8746e+7 
           5870      1.86381e+7 
           5890      1.82121e+7 
           5910      1.83274e+7 
           5930       1.8175e+7 
           5950      1.80286e+7 
           5970      1.79175e+7 
           5990      1.76941e+7 
           6010      1.75265e+7 
           6030      1.74342e+7 
           6050      1.73161e+7 
           6070      1.72277e+7 
           6090      1.70355e+7 
           6110      1.68495e+7 
           6130      1.66014e+7 
           6150      1.63342e+7 
           6170      1.63324e+7 
           6190      1.63882e+7 
           6210      1.62897e+7 
           6230      1.60523e+7 
           6250      1.56064e+7 
           6270      1.59162e+7 
           6290      1.57885e+7 
           6310      1.55135e+7 
           6330      1.54899e+7 
           6350      1.53234e+7 
           6370      1.52031e+7 
           6390      1.51487e+7 
           6410      1.49232e+7 
           6430      1.48761e+7 
           6450      1.46463e+7 
           6470      1.46909e+7 
           6490      1.43769e+7 
           6510      1.43794e+7 
           6530      1.42702e+7 
           6550      1.32006e+7 
           6570      1.05701e+7 
           6590      1.37617e+7 
           6610        1.387e+7 
           6630      1.38696e+7 
           6650      1.37786e+7 
           6670      1.36554e+7 
           6690      1.35924e+7 
           6710      1.34822e+7 
           6730      1.33914e+7 
           6750      1.32535e+7 
           6770      1.32139e+7 
           6790      1.30969e+7 
           6810      1.30185e+7 
           6830      1.28867e+7 
           6850      1.28051e+7 
           6870      1.27394e+7 
           6890      1.26521e+7 
           6910      1.25569e+7 
           6930      1.24602e+7 
           6950      1.23738e+7 
           6970      1.22811e+7 
           6990      1.22017e+7 
           7010      1.20448e+7 
           7030      1.20038e+7 
           7050      1.19388e+7 
           7070       1.1857e+7 
           7090       1.1776e+7 
           7110      1.15213e+7 
           7130       1.1556e+7 
           7150      1.14937e+7 
           7170      1.14187e+7 
           7190      1.13028e+7 
           7210      1.12336e+7 
           7230      1.11449e+7 
           7250      1.10957e+7 
           7270      1.10418e+7 
           7290      1.09175e+7 
           7310      1.08219e+7 
           7330      1.07714e+7 
           7350      1.07198e+7 
           7370      1.06783e+7 
           7390      1.05675e+7 
           7410      1.04515e+7 
           7430       1.0379e+7 
           7450      1.03253e+7 
           7470      1.02148e+7 
           7490       1.0171e+7 
           7510      1.01189e+7 
           7530      1.00799e+7 
           7550       1.0045e+7 
           7570      9.95194e+6 
           7590      9.90086e+6 
           7610      9.83589e+6 
           7630      9.77144e+6 
           7650       9.6818e+6 
           7670      9.59231e+6 
           7690      9.55903e+6 
           7710      9.45375e+6 
           7730      9.43957e+6 
           7750      9.36893e+6 
           7770      9.14604e+6 
           7790      9.26799e+6 
           7810      9.20144e+6 
           7830       9.1115e+6 
           7850      9.02723e+6 
           7870      8.98199e+6 
           7890      8.90686e+6 
           7910      8.86429e+6 
           7930      8.79627e+6 
           7950      8.73182e+6 
           7970       8.7331e+6 
           7990      8.62572e+6 
           8010       8.6015e+6 
           8030      8.53884e+6 
           8050      8.49354e+6 
           8070      8.43646e+6 
           8090      8.37695e+6 
           8110      8.34143e+6 
           8130      8.29358e+6 
           8150      8.23761e+6 
           8170       8.1849e+6 
           8190      8.03884e+6 
           8210      8.03828e+6 
           8230      7.98203e+6 
           8250      7.92621e+6 
           8270      7.94795e+6 
           8290      7.88388e+6 
           8310      7.80072e+6 
           8330      7.65037e+6 
           8350      7.71696e+6 
           8370      7.53924e+6 
           8390      7.54509e+6 
           8410      7.51778e+6 
           8430      7.67193e+6 
           8450      7.53172e+6 
           8470      7.32603e+6 
           8490      7.84401e+6 
           8510      7.07474e+6 
           8530      7.93991e+6 
           8550      6.54438e+6 
           8570      8.12707e+6 
           8590      7.69972e+6 
           8610      7.46885e+6 
           8630      8.27292e+6 
           8650      8.10078e+6 
           8670      6.47825e+6 
           8690      8.04784e+6 
           8710      8.26417e+6 
           8730      8.11217e+6 
           8750      6.78005e+6 
           8770      7.89923e+6 
           8790      8.08372e+6 
           8810      8.00386e+6 
           8830      7.86134e+6 
           8850       7.5387e+6 
           8870       6.5758e+6 
           8890      7.74223e+6 
           8910      7.74787e+6 
           8930      7.69855e+6 
           8950      7.71357e+6 
           8970      7.64222e+6 
           8990      7.52293e+6 
           9010      6.44032e+6 
           9030      7.02168e+6 
           9050      7.43548e+6 
           9070      7.25618e+6 
           9090      7.13902e+6 
           9110       7.2625e+6 
           9130      7.28133e+6 
           9150      7.25989e+6 
           9170      7.19556e+6 
           9190      7.11165e+6 
           9210      6.90134e+6 
           9230      5.77658e+6 
           9250      6.69913e+6 
           9270      6.81057e+6 
           9290      6.93405e+6 
           9310      6.90341e+6 
           9330      6.85179e+6 
           9350      6.81689e+6 
           9370      6.78095e+6 
           9390      6.71109e+6 
           9410      6.51155e+6 
           9430      6.60173e+6 
           9450      6.58353e+6 
           9470      6.56539e+6 
           9490      6.52774e+6 
           9510      6.45615e+6 
           9530      6.25859e+6 
           9550       5.3158e+6 
           9570      6.22858e+6 
           9590       6.3079e+6 
           9610      6.24048e+6 
           9630      6.16217e+6 
           9650      6.19371e+6 
           9670      6.09883e+6 
           9690      6.09373e+6 
           9710      6.11022e+6 
           9730      6.06921e+6 
           9750      5.99837e+6 
           9770      5.99987e+6 
           9790      5.96164e+6 
           9810      5.92522e+6 
           9830      5.88903e+6 
           9850      5.82128e+6 
           9870      5.79886e+6 
           9890      5.73923e+6 
           9910      5.72912e+6 
           9930      5.69384e+6 
           9950      5.66908e+6 
           9970      5.65016e+6 
           9990      5.61319e+6 
          10025      5.37579e+6 
          10075      5.14291e+6 
          10125      5.35207e+6 
          10175      5.30543e+6 
          10225      5.24031e+6 
          10275      5.17304e+6 
          10325      5.06862e+6 
          10375      5.01673e+6 
          10425      4.94864e+6 
          10475      4.82804e+6 
          10525      4.78772e+6 
          10575      4.72773e+6 
          10625      4.65563e+6 
          10675      4.52153e+6 
          10725      4.50699e+6 
          10775       4.4539e+6 
          10825      4.38905e+6 
          10875      4.32936e+6 
          10925      3.94452e+6 
          10975      4.15416e+6 
          11025      4.18321e+6 
          11075      4.13264e+6 
          11125      4.06635e+6 
          11175      4.01314e+6 
          11225       3.9661e+6 
          11275      3.86109e+6 
          11325      3.81003e+6 
          11375      3.79231e+6 
          11425      3.72486e+6 
          11475      3.70849e+6 
          11525       3.6619e+6 
          11575      3.60953e+6 
          11625      3.52475e+6 
          11675      3.46119e+6 
          11725      3.47283e+6 
          11775      3.36976e+6 
          11825      3.35264e+6 
          11875      3.29055e+6 
          11925      3.30012e+6 
          11975      3.22478e+6 
          12025      3.20376e+6 
          12075      3.15636e+6 
          12125      3.11934e+6 
          12175      3.09023e+6 
          12225      3.04811e+6 
          12275      3.00407e+6 
          12325      2.96959e+6 
          12375       2.9358e+6 
          12425      2.90368e+6 
          12475      2.86374e+6 
          12525      2.82556e+6 
          12575      2.77621e+6 
          12625      2.74954e+6 
          12675      2.72671e+6 
          12725      2.69556e+6 
          12775      2.64703e+6 
          12825      2.40701e+6 
          12875      2.58698e+6 
          12925      2.56294e+6 
          12975      2.53293e+6 
          13025       2.5042e+6 
          13075      2.47539e+6 
          13125      2.44257e+6 
          13175      2.40735e+6 
          13225      2.38681e+6 
          13275      2.35732e+6 
          13325      2.33033e+6 
          13375      2.30262e+6 
          13425      2.27526e+6 
          13475      2.24865e+6 
          13525      2.21723e+6 
          13575      2.19009e+6 
          13625      2.16999e+6 
          13675      2.14266e+6 
          13725      2.09948e+6 
          13775      2.08884e+6 
          13825      2.06607e+6 
          13875      2.04827e+6 
          13925      2.01863e+6 
          13975      1.99881e+6 
          14025      1.97596e+6 
          14075      1.95548e+6 
          14125      1.93071e+6 
          14175      1.90999e+6 
          14225      1.88635e+6 
          14275      1.86391e+6 
          14325       1.8456e+6 
          14375       1.8264e+6 
          14425      1.77483e+6 
          14475      1.78385e+6 
          14525      1.74877e+6 
          14570      1.74471e+6 
          14620      1.72121e+6 
          14675      1.70701e+6 
          14725      1.68463e+6 
          14775      1.66135e+6 
          14825      1.64631e+6 
          14875      1.62111e+6 
          14925       1.6149e+6 
          14975      1.59568e+6 
          15025      1.56324e+6 
          15075      1.55007e+6 
          15125       1.5372e+6 
          15175      1.52161e+6 
          15225      1.52709e+6 
          15275      1.47716e+6 
          15325      1.46532e+6 
          15375      1.48553e+6 
          15425       1.4179e+6 
          15475      1.46116e+6 
          15525      1.45559e+6 
          15575      1.36928e+6 
          15625      1.44287e+6 
          15675      1.40282e+6 
          15725      1.33488e+6 
          15775      1.39949e+6 
          15825       1.3937e+6 
          15875      1.26735e+6 
          15925      1.36113e+6 
          15975        1.362e+6 
          16050      1.33163e+6 
          16150      1.25729e+6 
          16250      1.29202e+6 
          16350      1.25036e+6 
          16450      1.17878e+6 
          16550      1.21015e+6 
          16650      1.18492e+6 
          16750      1.14792e+6 
          16850       1.0828e+6 
          16950      1.11207e+6 
          17050      1.08555e+6 
          17150      1.06596e+6 
          17250      1.03867e+6 
          17350          965997 
          17450          992469 
          17550          977144 
          17650          956392 
          17750          939774 
          17850          920168 
          17950          905187 
          18050          883980 
          18150          828237 
          18250          845436 
          18350          834760 
          18450          818796 
          18550          801573 
          18650          786835 
          18750          729473 
          18850          754410 
          18950          738874 
          19050          730201 
          19150          716246 
          19250          702624 
          19350          688617 
          19450          644062 
          19550          663690 
          19650          652228 
          19750          638726 
          19850          628617 
          19950          617294 
          20050          606420 
          20150          595712 
          20250          584670 
          20350          573881 
          20450          564506 
          20550          554439 
          20650          544021 
          20750          534845 
          20850          525704 
          20950          516363 
          21050          507354 
          21150          497709 
          21250          489213 
          21350          481104 
          21450          473951 
          21550          465761 
          21650          437121 
          21750          449236 
          21850          442650 
          21950          435763 
          22050          427837 
          22150          420219 
          22250          414541 
          22350          407748 
          22450          401149 
          22550          393442 
          22650          387994 
          22750          381861 
          22850          375898 
          22950          369689 
          23050          364335 
          23150          358516 
          23250          353054 
          23350          347417 
          23450          341994 
          23550          336691 
          23650          331313 
          23750          326276 
          23850          321102 
          23950          316056 
          24050          310762 
          24150          305513 
          24250          303498 
          24350          296055 
          24450          291155 
          24550          290032 
          24650          283777 
          24750          279724 
          24850          278374 
          24950          267141 
          25050          271077 
          25150          267216 
          25250          255011 
          25350          259610 
          25450          256312 
          25550          252186 
          25650          239532 
          25750          245363 
          25850          241822 
          25950          239134 
          26050          234820 
          26150          222835 
          26250          218085 
          26350          225515 
          26450          223146 
          26550          219827 
          26650          216022 
          26750          204459 
          26850          210673 
          26950          208220 
          27050          205149 
          27150          202532 
          27250          199754 
          27350          197007 
          27450          194319 
          27550          184101 
          27650          187517 
          27750          186574 
          27850          184095 
          27950          181671 
          28050          179238 
          28150          176845 
          28250          174510 
          28350          172236 
          28450          169831 
          28550          167732 
          28650          164879 
          28750          156515 
          28850          161130 
          28950          159106 
          29050          157138 
          29150          154905 
          29250          153076 
          29350          151182 
          29450          149241 
          29550          147370 
          29650          145512 
          29750          143671 
          29850          141877 
          29950          140070 
          30050          138313 
          30150          136577 
          30250          134910 
          30350          128881 
          30450          130011 
          30550          129972 
          30650          128376 
          30750          126821 
          30850          125113 
          30950          123681 
          31050          122159 
          31150          120510 
          31250          119211 
          31350          117797 
          31450          116352 
          31550          115066 
          31650          113754 
          31750          112302 
          31850          111078 
          31950          109760 
          32100          107819 
          32300          105343 
          32500          102906 
          32700          100531 
          32900         95751.3 
          33100         95453.9 
          33300         93502.3 
          33500         91482.9 
          33700         89318.7 
          33900         87376.3 
          34100         85473.2 
          34300         83669.1 
          34500         81913.8 
          34700         80139.9 
          34900         78410.7 
          35100           76752 
          35300         75098.6 
          35500           73445 
          35700         71811.4 
          35900         70648.2 
          36100         68777.5 
          36300         67790.3 
          36500         65864.4 
          36700         65050.8 
          36900         63002.9 
          37100         62399.4 
          37300         60659.7 
          37500         58313.2 
          37700         58750.9 
          37900         57631.8 
          38100         55894.2 
          38300           55109 
          38500         54337.1 
          38700         53248.8 
          38900           52217 
          39100         50304.3 
          39300         50325.3 
          39500         49355.7 
          39700         48429.7 
          39900         47427.2 
          40100         46270.9 
          40300         45038.1 
          40500         43905.5 
          40700         44009.2 
          40900         43170.1 
          41100         42416.4 
          41300         41633.4 
          41500         40850.3 
          41700         39272.2 
          41900         39361.6 
          42100         38633.7 
          42300         37984.9 
          42500         37298.7 
          42700         36637.9 
          42900         35986.2 
          43100         35346.7 
          43300         34719.6 
          43500         34112.2 
          43700         32867.7 
          43900         32871.9 
          44100         32347.6 
          44300         31801.1 
          44500         31251.3 
          44700         30770.7 
          44900         30192.4 
          45100         29688.2 
          45300         29186.1 
          45500         28697.2 
          45700         28212.1 
          45900         27737.9 
          46100         27286.7 
          46300         26826.6 
          46500         25834.9 
          46700         25413.7 
          46900         25514.3 
          47100         25119.8 
          47300         24717.5 
          47500         24309.5 
          47700         23920.6 
          47900         23540.6 
          48100         23162.9 
          48300         22811.6 
          48500         22428.4 
          48700         22098.5 
          48900         21725.9 
          49100         21410.2 
          49300         21041.5 
          49500         20761.1 
          49700         20376.3 
          49900         20125.5 
          50100         19816.5 
          50300         19435.9 
          50500         19239.4 
          50700         18951.7 
          50900         18541.3 
          51100         18351.7 
          51300         17730.7 
          51500         17814.9 
          51700         17427.8 
          51900         17323.1 
          52100         17068.3 
          52300         16818.1 
          52500         16546.7 
          52700         16166.4 
          52900         16092.8 
          53100         15859.6 
          53300         15630.7 
          53500         15404.8 
          53700         15065.6 
          53900         14877.5 
          54100         14754.8 
          54300         14541.6 
          54500         14337.4 
          54700         14130.7 
          54900         13936.7 
          55100         13726.5 
          55300         13350.2 
          55500         13360.6 
          55700         13173.8 
          55900         12985.6 
          56100         12814.2 
          56300         12638.9 
          56500           12467 
          56700           12296 
          56900         12129.4 
          57100           11758 
          57300           11800 
          57500         11646.3 
          57700         11489.9 
          57900         11335.4 
          58100           11186 
          58300         11032.7 
          58500         10889.3 
          58700           10745 
          58900         10594.4 
          59100         10258.6 
          59300         10322.3 
          59500         10012.2 
          59700         10036.3 
          59900         9935.12 
          60100         9821.35 
          60300         9696.22 
          60500          9572.1 
          60700         9449.31 
          60900         9328.55 
          61100         9207.62 
          61300         9096.42 
          61500         8981.75 
          61700         8869.09 
          61900         8755.65 
          62100         8648.74 
          62300          8536.8 
          62500         8430.94 
          62700         8318.97 
          62900         8055.63 
          63100         8104.38 
          63300         8024.66 
          63500         7921.12 
          63700         7833.13 
          63900         7729.37 
          64200         7597.43 
          64600         7409.82 
          65000         7232.25 
          65400         7068.12 
          65800         6894.75 
          66200         6733.52 
          66600         6581.55 
          67000         6430.52 
          67400         6273.16 
          67800         6075.17 
          68200         5988.32 
          68600          5866.1 
          69000         5733.17 
          69400         5589.69 
          69800         5481.02 
          70200         5360.17 
          70600         5242.17 
          71000         5110.62 
          71400         5017.24 
          71800         4908.74 
          72200         4801.18 
          72600         4677.78 
          73000          4600.5 
          73400         4503.45 
          73800         4408.84 
          74200         4315.09 
          74600         4173.71 
          75000          4041.5 
          75400         4050.68 
          75800         3970.66 
          76200         3890.35 
          76600          3811.5 
          77000         3734.69 
          77400         3659.81 
          77800         3558.27 
          78200          3515.7 
          78600         3446.14 
          79000         3378.39 
          79400         3312.23 
          79800         3247.44 
          80200          3184.4 
          80600            3123 
          81000         3063.22 
          81400         2979.63 
          81800         2943.81 
          82200         2891.53 
          82600          2837.2 
          83000         2783.78 
          83400         2731.25 
          83800          2679.6 
          84200         2631.13 
          84600         2583.05 
          85000         2534.86 
          85400         2489.42 
          85800         2442.62 
          86200         2399.93 
          86600          2333.2 
          87000         2313.64 
          87400         2260.75 
          87800         2221.29 
          88200         2193.34 
          88600         2152.03 
          89000         2116.94 
          89400         2080.17 
          89800         2043.84 
          90200         2008.48 
          90600         1970.82 
          91000         1939.97 
          91400         1906.84 
          91800         1874.57 
          92200         1842.83 
          92600         1806.69 
          93000         1781.29 
          93400         1751.47 
          93800         1704.79 
          94200         1692.47 
          94600         1665.68 
          95000         1636.45 
          95400         1607.19 
          95800         1585.18 
          96200         1559.32 
          96600          1534.2 
          97000         1509.44 
          97400         1485.04 
          97800         1461.37 
          98200          1437.5 
          98600         1409.04 
          99000         1392.95 
          99400         1370.97 
          99800         1349.42 
         100200         1328.34 
         200000         85.9775 
         400000         5.38748 
         600000         1.05799 
         800000        0.332641 
         1.0e+6        0.135446 
         1.2e+6       0.0649728 
         1.4e+6       0.0349051 
         1.6e+6       0.0203729 
