# Kurucz ODFNEW /NOVER models
# teff = 6750 K (value for the effective temperature for the model. Temperatures are given in K)
# logg = 3.00 log(cm/s2) (value for Log(G) for the model.)
# meta = -0.5  (value for the Metallicity for the model.)
# lh = 1.25  (l/Hp where l is the  mixing length of the convective element and Hp is the pressure scale height)
# vtur = 2.0 km/s (Microturbulence velocity)
#
# column 1: WAVELENGTH (ANGSTROM), Wavelength in Angstrom
# column 2: FLUX (ERG/CM2/S/A), Flux in erg/cm2/s/A
              0               0 
           90.9               0 
           93.5               0 
           96.1               0 
           97.7               0 
           99.6               0 
            102               0 
          103.8               0 
          105.6               0 
          107.7               0 
          110.4               0 
            114               0 
          117.8               0 
          121.3               0 
          124.8               0 
          127.1               0 
          128.4               0 
          130.5               0 
          132.4               0 
          133.9               0 
          136.6               0 
          139.8               0 
          143.3               0 
          147.2               0 
            151               0 
          155.2               0 
          158.8               0 
            162               0 
            166               0 
          170.3               0 
          173.4               0 
          176.8               0 
          180.2               0 
          181.7               0 
          186.1               0 
            191               0 
          193.9               0 
          198.4               0 
          201.8               0 
            205               0 
          210.5               0 
          216.2               0 
          219.8               0 
            223               0 
          226.8               0 
            230               0 
            234               0 
            240               0 
          246.5               0 
          252.4               0 
          256.8               0 
            260               0 
            264               0 
          268.5               0 
          273.5               0 
          278.5               0 
            284               0 
            290               0 
            296               0 
            301               0 
            308               0 
            318               0 
            328               0 
            338               0 
            348               0 
            357               0 
            366               0 
            375               0 
            385               0 
            395     1.20609e-24 
            405     7.64944e-24 
            414     3.72255e-23 
            422     1.43052e-22 
            430     5.21372e-22 
            441     2.84561e-21 
            451     1.23279e-20 
            460     4.35359e-20 
            470     1.66585e-19 
            480     6.00283e-19 
            490     2.04668e-18 
            500     6.61522e-18 
            506     1.73242e-17 
            512     3.78104e-17 
            520     8.89607e-17 
            530     2.51011e-16 
            540     6.68801e-16 
            550      1.7362e-15 
            560     4.31857e-15 
            570     1.03756e-14 
            580     2.38514e-14 
            590     5.43473e-14 
            600      1.1889e-13 
            610     2.52949e-13 
            620     5.23866e-13 
            630     1.05786e-12 
            640     2.08627e-12 
            650     4.02169e-12 
            658     6.69173e-12 
            665     1.03284e-11 
            675     1.88843e-11 
            685     3.38622e-11 
            695     5.95951e-11 
            705     1.02887e-10 
            716     1.84435e-10 
            726     3.07896e-10 
            735     4.81922e-10 
            745     7.81664e-10 
            755      1.24996e-9 
            765      1.97176e-9 
            775       3.0691e-9 
            785      4.71804e-9 
            795      7.13197e-9 
            805      1.07347e-8 
            815      1.59455e-8 
            825      2.34078e-8 
            835        3.401e-8 
            845      4.89174e-8 
            855       6.9685e-8 
            865      9.83382e-8 
            875      1.37392e-7 
            885      1.90673e-7 
            895      2.62184e-7 
            905       3.5729e-7 
            915     0.000756364 
            925       0.0025042 
            935      0.00342798 
            945      0.00482312 
            955      0.00679045 
            965      0.00917731 
            975       0.0119927 
            985        0.016071 
            995       0.0210111 
           1005       0.0285566 
           1015       0.0372297 
           1025       0.0472425 
           1035       0.0624693 
           1045       0.0805156 
           1055        0.103113 
           1065        0.130335 
           1075        0.165985 
           1085        0.209982 
           1095        0.261877 
           1105        0.736569 
           1115         2.43933 
           1125         3.61097 
           1135         5.19639 
           1145         6.64424 
           1155         7.26619 
           1165         9.57576 
           1175         10.8245 
           1185         12.1133 
           1195         5.49337 
           1205         4.33623 
           1215         2.16865 
           1225         5.42166 
           1235         13.2187 
           1245         29.1098 
           1255         60.1636 
           1265         72.0113 
           1275         112.579 
           1285         168.493 
           1295          219.19 
           1305         218.268 
           1315         320.799 
           1325         394.986 
           1335         461.195 
           1345         567.711 
           1355         615.933 
           1365         721.585 
           1375         801.732 
           1385         889.238 
           1395         1037.74 
           1405         1178.67 
           1415         1291.01 
           1425         1441.54 
           1435         1520.35 
           1442          1792.3 
           1447         1859.89 
           1455          2092.9 
           1465          2195.2 
           1475         2452.46 
           1485         2739.69 
           1495         3139.22 
           1505         3511.11 
           1512         3608.03 
           1517         3920.72 
           1525         4459.92 
           1535         7257.44 
           1545         9553.73 
           1555         10507.2 
           1565         9976.82 
           1575         13093.3 
           1585         14515.4 
           1595         17096.3 
           1605         17404.6 
           1615         18463.7 
           1625         19354.2 
           1635         24555.2 
           1645         31158.6 
           1655         22085.1 
           1665         39208.4 
           1672         26319.8 
           1677         57266.4 
           1685          128911 
           1695          224620 
           1705          427684 
           1715          835968 
           1725      1.02852e+6 
           1735      1.34111e+6 
           1745      1.23043e+6 
           1755      1.66372e+6 
           1765      1.12478e+6 
           1775      1.60288e+6 
           1785      1.55695e+6 
           1795      2.32947e+6 
           1805      1.66729e+6 
           1815      2.03105e+6 
           1825       1.7099e+6 
           1835      1.78664e+6 
           1845      1.48544e+6 
           1855      1.86568e+6 
           1865      2.34255e+6 
           1875      2.16675e+6 
           1885      2.32778e+6 
           1895      2.63573e+6 
           1905      2.41442e+6 
           1915      2.59442e+6 
           1925      2.31368e+6 
           1935      1.23909e+6 
           1945      2.89283e+6 
           1955      3.08016e+6 
           1967      3.54229e+6 
           1976       3.4033e+6 
           1984      3.25494e+6 
           1995       3.2693e+6 
           2005       3.0857e+6 
           2015      3.00134e+6 
           2025      2.67787e+6 
           2035      3.40594e+6 
           2045       3.8035e+6 
           2055      3.53185e+6 
           2065      3.29196e+6 
           2074      4.11222e+6 
           2078      4.96648e+6 
           2085      4.71448e+6 
           2095      4.43927e+6 
           2105      4.27435e+6 
           2115      4.64855e+6 
           2125      4.49596e+6 
           2135      3.64587e+6 
           2145      4.60121e+6 
           2155      4.67478e+6 
           2165      4.27057e+6 
           2175      4.32499e+6 
           2185      4.72683e+6 
           2195      5.25419e+6 
           2205      4.95791e+6 
           2215      4.10029e+6 
           2225      4.12113e+6 
           2235      5.26352e+6 
           2245      4.80642e+6 
           2255      3.98199e+6 
           2265      4.02166e+6 
           2275      4.68138e+6 
           2285      5.06784e+6 
           2295      4.44844e+6 
           2305      4.96378e+6 
           2315      4.69856e+6 
           2325      4.53697e+6 
           2335      3.23095e+6 
           2345      2.27859e+6 
           2355      4.13057e+6 
           2365      2.40463e+6 
           2375      3.38019e+6 
           2385      1.75125e+6 
           2395      2.39508e+6 
           2405      2.35905e+6 
           2415      2.85696e+6 
           2425      4.51344e+6 
           2435      4.43858e+6 
           2445      5.02515e+6 
           2455      5.03193e+6 
           2465      4.93222e+6 
           2475      4.38449e+6 
           2485      4.14658e+6 
           2495      4.00724e+6 
           2505      5.57203e+6 
           2513      4.04381e+6 
           2518      4.02939e+6 
           2525      3.26084e+6 
           2535      3.09575e+6 
           2545      3.41587e+6 
           2555      4.42554e+6 
           2565      3.89436e+6 
           2575      4.65698e+6 
           2585       4.3821e+6 
           2595      4.08932e+6 
           2605      3.54178e+6 
           2615      3.20418e+6 
           2625      4.42167e+6 
           2635       5.5002e+6 
           2645      7.41234e+6 
           2655      8.02787e+6 
           2665      6.23373e+6 
           2675      7.03694e+6 
           2685      7.14244e+6 
           2695        6.173e+6 
           2705      6.84516e+6 
           2715      5.78495e+6 
           2725      5.88969e+6 
           2735      6.48985e+6 
           2745      3.85137e+6 
           2755      4.75777e+6 
           2765      5.52685e+6 
           2775      6.65485e+6 
           2785      5.13497e+6 
           2795      1.62362e+6 
           2805      2.23356e+6 
           2815      6.64631e+6 
           2825      8.10237e+6 
           2835      7.65766e+6 
           2845       7.2446e+6 
           2855      5.91092e+6 
           2865      7.79188e+6 
           2875      7.75236e+6 
           2885      7.74442e+6 
           2895      7.40511e+6 
           2910      9.06315e+6 
           2930      8.51198e+6 
           2950      8.38223e+6 
           2970      9.03419e+6 
           2990      9.05616e+6 
           3010      9.42065e+6 
           3030       9.3451e+6 
           3050      9.49512e+6 
           3070      9.64918e+6 
           3090      9.96621e+6 
           3110      9.66393e+6 
           3130      9.58044e+6 
           3150      9.95845e+6 
           3170      1.00315e+7 
           3190      9.21937e+6 
           3210      9.75087e+6 
           3230      9.01554e+6 
           3250      9.82048e+6 
           3270      1.03416e+7 
           3290      1.03805e+7 
           3310      1.06866e+7 
           3330      1.04584e+7 
           3350       1.0348e+7 
           3370      1.00342e+7 
           3390      1.03134e+7 
           3410      1.03587e+7 
           3430       1.0627e+7 
           3450      1.06165e+7 
           3470      1.04694e+7 
           3490      1.05168e+7 
           3510      1.08294e+7 
           3530      1.06405e+7 
           3550      1.13251e+7 
           3570      1.04906e+7 
           3590      1.04398e+7 
           3610      1.06115e+7 
           3630      1.07679e+7 
           3640      1.06244e+7 
           3650      1.13761e+7 
           3670      1.11378e+7 
           3690       1.0871e+7 
           3710       1.2424e+7 
           3730      1.32342e+7 
           3750       1.6065e+7 
           3770      1.72004e+7 
           3790      1.95978e+7 
           3810      2.18344e+7 
           3830      1.80364e+7 
           3850      2.29078e+7 
           3870      2.43338e+7 
           3890      1.79919e+7 
           3910      2.37426e+7 
           3930      1.74068e+7 
           3950      2.30385e+7 
           3970      1.51666e+7 
           3990      2.42175e+7 
           4010      2.55369e+7 
           4030      2.53606e+7 
           4050      2.50832e+7 
           4070      2.45803e+7 
           4090      2.30996e+7 
           4110      1.94459e+7 
           4130      2.45052e+7 
           4150      2.52211e+7 
           4170      2.48736e+7 
           4190      2.47011e+7 
           4210      2.46455e+7 
           4230      2.40782e+7 
           4250      2.43902e+7 
           4270       2.3968e+7 
           4290      2.36448e+7 
           4310      2.21989e+7 
           4330      2.09715e+7 
           4350      1.87458e+7 
           4370      2.37556e+7 
           4390      2.34302e+7 
           4410      2.31135e+7 
           4430      2.31203e+7 
           4450      2.31127e+7 
           4470      2.31288e+7 
           4490      2.31157e+7 
           4510      2.37891e+7 
           4530      2.26652e+7 
           4550      2.25556e+7 
           4570      2.33489e+7 
           4590      2.25111e+7 
           4610      2.29473e+7 
           4630       2.2477e+7 
           4650      2.25873e+7 
           4670      2.26861e+7 
           4690      2.21865e+7 
           4710      2.14856e+7 
           4730      2.22035e+7 
           4750      2.22156e+7 
           4770      2.19635e+7 
           4790      2.17805e+7 
           4810      2.16046e+7 
           4830      2.12371e+7 
           4850      1.88409e+7 
           4870      1.59146e+7 
           4890       2.0371e+7 
           4910      2.06335e+7 
           4930      2.02618e+7 
           4950      2.06012e+7 
           4970      2.07271e+7 
           4990      1.99061e+7 
           5010      1.93452e+7 
           5030       1.9963e+7 
           5050      1.97003e+7 
           5070      1.99732e+7 
           5090      1.96231e+7 
           5110      1.96271e+7 
           5130      1.92524e+7 
           5150      1.88958e+7 
           5170      1.85681e+7 
           5190       1.8421e+7 
           5210      1.84562e+7 
           5230      1.84654e+7 
           5250      1.87624e+7 
           5270      1.76653e+7 
           5290      1.84124e+7 
           5310      1.83314e+7 
           5330      1.76796e+7 
           5350      1.81452e+7 
           5370      1.79397e+7 
           5390      1.78043e+7 
           5410      1.74669e+7 
           5430      1.75506e+7 
           5450      1.76401e+7 
           5470      1.74509e+7 
           5490      1.74003e+7 
           5510      1.73002e+7 
           5530      1.71766e+7 
           5550       1.7234e+7 
           5570      1.69259e+7 
           5590      1.67568e+7 
           5610      1.67452e+7 
           5630      1.67846e+7 
           5650      1.66199e+7 
           5670       1.6388e+7 
           5690       1.6429e+7 
           5710      1.62598e+7 
           5730      1.64104e+7 
           5750       1.6187e+7 
           5770      1.61327e+7 
           5790      1.59776e+7 
           5810      1.59292e+7 
           5830      1.58677e+7 
           5850      1.56681e+7 
           5870      1.56063e+7 
           5890      1.52594e+7 
           5910      1.54033e+7 
           5930      1.53028e+7 
           5950      1.52299e+7 
           5970      1.51396e+7 
           5990      1.49999e+7 
           6010      1.48533e+7 
           6030      1.47725e+7 
           6050      1.47522e+7 
           6070      1.46858e+7 
           6090      1.45337e+7 
           6110      1.43923e+7 
           6130      1.41371e+7 
           6150      1.40333e+7 
           6170      1.39207e+7 
           6190      1.40679e+7 
           6210      1.40087e+7 
           6230      1.38131e+7 
           6250       1.3502e+7 
           6270      1.37399e+7 
           6290      1.36612e+7 
           6310      1.34414e+7 
           6330      1.34111e+7 
           6350       1.3323e+7 
           6370      1.32376e+7 
           6390      1.31955e+7 
           6410      1.29959e+7 
           6430      1.29799e+7 
           6450      1.28244e+7 
           6470      1.28019e+7 
           6490      1.25916e+7 
           6510      1.26157e+7 
           6530      1.24802e+7 
           6550      1.16385e+7 
           6570      9.76718e+6 
           6590      1.20571e+7 
           6610      1.22472e+7 
           6630      1.22343e+7 
           6650      1.21753e+7 
           6670      1.20694e+7 
           6690      1.20529e+7 
           6710       1.1951e+7 
           6730      1.19001e+7 
           6750      1.17742e+7 
           6770      1.17533e+7 
           6790      1.16711e+7 
           6810      1.15969e+7 
           6830      1.15202e+7 
           6850      1.14266e+7 
           6870      1.13873e+7 
           6890       1.1326e+7 
           6910      1.12511e+7 
           6930        1.118e+7 
           6950       1.1111e+7 
           6970       1.1045e+7 
           6990      1.09827e+7 
           7010      1.08434e+7 
           7030      1.08207e+7 
           7050      1.07768e+7 
           7070      1.07069e+7 
           7090      1.06428e+7 
           7110      1.04817e+7 
           7130      1.04682e+7 
           7150      1.04075e+7 
           7170      1.03429e+7 
           7190       1.0241e+7 
           7210       1.0206e+7 
           7230      1.01539e+7 
           7250      1.01095e+7 
           7270      1.00667e+7 
           7290      9.94424e+6 
           7310      9.91033e+6 
           7330      9.85142e+6 
           7350      9.82369e+6 
           7370      9.77875e+6 
           7390      9.66588e+6 
           7410      9.55546e+6 
           7430      9.53001e+6 
           7450      9.48978e+6 
           7470      9.43228e+6 
           7490       9.3719e+6 
           7510      9.33476e+6 
           7530      9.29785e+6 
           7550      9.26781e+6 
           7570      9.19329e+6 
           7590      9.14358e+6 
           7610      9.08779e+6 
           7630      9.04213e+6 
           7650      8.97756e+6 
           7670      8.87059e+6 
           7690      8.86399e+6 
           7710      8.78512e+6 
           7730       8.7662e+6 
           7750      8.69215e+6 
           7770      8.56447e+6 
           7790      8.63291e+6 
           7810       8.5764e+6 
           7830      8.49516e+6 
           7850       8.4391e+6 
           7870      8.41146e+6 
           7890      8.35797e+6 
           7910      8.30494e+6 
           7930      8.21278e+6 
           7950      8.17984e+6 
           7970      8.19045e+6 
           7990      8.12647e+6 
           8010      8.07245e+6 
           8030      8.02586e+6 
           8050       7.9779e+6 
           8070      7.94591e+6 
           8090      7.87963e+6 
           8110      7.86371e+6 
           8130      7.82449e+6 
           8150      7.77593e+6 
           8170         7.73e+6 
           8190       7.5929e+6 
           8210      7.59395e+6 
           8230      7.53762e+6 
           8250      7.50719e+6 
           8270      7.52107e+6 
           8290      7.47386e+6 
           8310      7.40847e+6 
           8330      7.30507e+6 
           8350      7.33334e+6 
           8370      7.28918e+6 
           8390      7.20686e+6 
           8410      7.19232e+6 
           8430      7.14816e+6 
           8450      7.05948e+6 
           8470      6.96844e+6 
           8490      7.06788e+6 
           8510      6.65545e+6 
           8530      7.02555e+6 
           8550      6.17282e+6 
           8570      7.05091e+6 
           8590      6.77153e+6 
           8610      6.61102e+6 
           8630      6.99419e+6 
           8650       6.8657e+6 
           8670      5.88735e+6 
           8690      6.78418e+6 
           8710      6.91546e+6 
           8730      6.80571e+6 
           8750      6.01734e+6 
           8770      6.66343e+6 
           8790      6.79063e+6 
           8810       6.7414e+6 
           8830      6.66307e+6 
           8850      6.41991e+6 
           8870      5.81636e+6 
           8890      6.54195e+6 
           8910      6.58191e+6 
           8930      6.54111e+6 
           8950      6.54813e+6 
           8970      6.49788e+6 
           8990      6.39628e+6 
           9010      5.65328e+6 
           9030      6.04223e+6 
           9050      6.33569e+6 
           9070      6.23955e+6 
           9090      6.14143e+6 
           9110      6.23209e+6 
           9130      6.26084e+6 
           9150      6.23125e+6 
           9170      6.18037e+6 
           9190      6.12227e+6 
           9210      5.92204e+6 
           9230      5.18446e+6 
           9250       5.7842e+6 
           9270       5.9206e+6 
           9290      5.98551e+6 
           9310      5.97241e+6 
           9330      5.93862e+6 
           9350      5.91107e+6 
           9370      5.88286e+6 
           9390      5.84331e+6 
           9410      5.67555e+6 
           9430      5.75275e+6 
           9450       5.7284e+6 
           9470      5.72022e+6 
           9490      5.68233e+6 
           9510       5.6143e+6 
           9530      5.43728e+6 
           9550      4.79326e+6 
           9570      5.41494e+6 
           9590      5.50668e+6 
           9610      5.46746e+6 
           9630      5.42447e+6 
           9650      5.43638e+6 
           9670      5.37162e+6 
           9690      5.37153e+6 
           9710      5.37741e+6 
           9730      5.34857e+6 
           9750      5.29215e+6 
           9770      5.29143e+6 
           9790      5.26196e+6 
           9810      5.23974e+6 
           9830      5.21066e+6 
           9850      5.17049e+6 
           9870      5.14183e+6 
           9890      5.09911e+6 
           9910      5.08238e+6 
           9930      5.06841e+6 
           9950      5.04578e+6 
           9970      5.02023e+6 
           9990      4.98432e+6 
          10025      4.78088e+6 
          10075      4.60403e+6 
          10125      4.79752e+6 
          10175      4.75486e+6 
          10225       4.7074e+6 
          10275      4.65599e+6 
          10325      4.57564e+6 
          10375      4.53166e+6 
          10425      4.48031e+6 
          10475      4.38545e+6 
          10525      4.35919e+6 
          10575      4.30292e+6 
          10625      4.24515e+6 
          10675      4.13573e+6 
          10725      4.12607e+6 
          10775      4.08137e+6 
          10825      4.01998e+6 
          10875      3.96335e+6 
          10925      3.63076e+6 
          10975      3.79699e+6 
          11025      3.85407e+6 
          11075       3.8258e+6 
          11125      3.77139e+6 
          11175      3.72474e+6 
          11225      3.69104e+6 
          11275       3.6086e+6 
          11325      3.56975e+6 
          11375      3.54804e+6 
          11425      3.48907e+6 
          11475      3.48047e+6 
          11525       3.4421e+6 
          11575      3.39668e+6 
          11625      3.32656e+6 
          11675      3.27823e+6 
          11725       3.2865e+6 
          11775      3.19888e+6 
          11825      3.18401e+6 
          11875      3.13238e+6 
          11925      3.14299e+6 
          11975      3.06952e+6 
          12025      3.05707e+6 
          12075      3.01657e+6 
          12125      2.98841e+6 
          12175      2.96747e+6 
          12225      2.93241e+6 
          12275      2.89307e+6 
          12325      2.86567e+6 
          12375      2.83518e+6 
          12425      2.80729e+6 
          12475      2.77611e+6 
          12525      2.74078e+6 
          12575      2.70212e+6 
          12625      2.67721e+6 
          12675      2.65449e+6 
          12725      2.62273e+6 
          12775         2.56e+6 
          12825      2.29936e+6 
          12875       2.5138e+6 
          12925       2.5095e+6 
          12975      2.48997e+6 
          13025      2.46378e+6 
          13075      2.44057e+6 
          13125       2.4078e+6 
          13175      2.37827e+6 
          13225      2.36355e+6 
          13275      2.33466e+6 
          13325      2.31314e+6 
          13375      2.28809e+6 
          13425      2.26627e+6 
          13475      2.24222e+6 
          13525      2.21558e+6 
          13575      2.18845e+6 
          13625      2.17222e+6 
          13675       2.1481e+6 
          13725      2.11048e+6 
          13775      2.09956e+6 
          13825      2.07908e+6 
          13875      2.06471e+6 
          13925      2.03786e+6 
          13975      2.01964e+6 
          14025      1.99741e+6 
          14075      1.98096e+6 
          14125      1.95563e+6 
          14175      1.94055e+6 
          14225      1.91427e+6 
          14275      1.89183e+6 
          14325      1.88121e+6 
          14375      1.86505e+6 
          14425      1.81105e+6 
          14475      1.82553e+6 
          14525      1.78994e+6 
          14570      1.78671e+6 
          14620       1.7664e+6 
          14675      1.75284e+6 
          14725      1.72951e+6 
          14775      1.70885e+6 
          14825      1.69612e+6 
          14875      1.66981e+6 
          14925      1.67173e+6 
          14975      1.65044e+6 
          15025      1.62495e+6 
          15075      1.60754e+6 
          15125      1.60281e+6 
          15175      1.58767e+6 
          15225      1.57022e+6 
          15275      1.55071e+6 
          15325      1.53379e+6 
          15375      1.52563e+6 
          15425      1.48893e+6 
          15475       1.4944e+6 
          15525      1.48277e+6 
          15575      1.43349e+6 
          15625      1.46848e+6 
          15675      1.42584e+6 
          15725      1.37988e+6 
          15775      1.41634e+6 
          15825      1.40936e+6 
          15875      1.29223e+6 
          15925      1.37013e+6 
          15975      1.37948e+6 
          16050      1.34336e+6 
          16150      1.26746e+6 
          16250      1.31735e+6 
          16350      1.26219e+6 
          16450      1.18481e+6 
          16550      1.23899e+6 
          16650      1.21438e+6 
          16750      1.15815e+6 
          16850      1.08541e+6 
          16950      1.13978e+6 
          17050      1.11418e+6 
          17150      1.09333e+6 
          17250      1.06094e+6 
          17350          959804 
          17450      1.00897e+6 
          17550      1.00246e+6 
          17650          981521 
          17750          964297 
          17850          944631 
          17950          928442 
          18050          903892 
          18150          825137 
          18250          855572 
          18350          854115 
          18450          837356 
          18550          820676 
          18650          800767 
          18750          725735 
          18850          767196 
          18950          753130 
          19050          747101 
          19150          732354 
          19250          718126 
          19350          699344 
          19450          637740 
          19550          674038 
          19650          666007 
          19750          652103 
          19850          642107 
          19950          630320 
          20050          619566 
          20150          608858 
          20250          596917 
          20350          585087 
          20450          576615 
          20550          566092 
          20650          554853 
          20750          545745 
          20850          536407 
          20950          526202 
          21050          517574 
          21150          507732 
          21250          498960 
          21350          490643 
          21450          483173 
          21550          472500 
          21650          433407 
          21750          454198 
          21850          450192 
          21950          443966 
          22050          435191 
          22150          428107 
          22250          422045 
          22350          415072 
          22450          408272 
          22550          400013 
          22650          394521 
          22750          388411 
          22850          381966 
          22950          375763 
          23050          370376 
          23150          364251 
          23250          358747 
          23350          352862 
          23450          347570 
          23550          342078 
          23650          336835 
          23750          331220 
          23850          326069 
          23950          321219 
          24050          316095 
          24150          311062 
          24250          306703 
          24350          301405 
          24450          296890 
          24550          292451 
          24650          288018 
          24750          283506 
          24850          279545 
          24950          273266 
          25050          272266 
          25150          268258 
          25250          260347 
          25350          260296 
          25450          256946 
          25550          252457 
          25650          243083 
          25750          245670 
          25850          241946 
          25950          239195 
          26050          234226 
          26150          223976 
          26250          214318 
          26350          224181 
          26450          222537 
          26550          219464 
          26650          215109 
          26750          203896 
          26850          209936 
          26950          208225 
          27050          205309 
          27150          202567 
          27250          199780 
          27350          197007 
          27450          193854 
          27550          182761 
          27650          186137 
          27750          186310 
          27850          184003 
          27950          181623 
          28050          179171 
          28150          176774 
          28250          174415 
          28350          172142 
          28450          169691 
          28550          167455 
          28650          163672 
          28750          154578 
          28850          160406 
          28950          158931 
          29050          156941 
          29150          154767 
          29250          152808 
          29350          150955 
          29450          148976 
          29550          147128 
          29650          145263 
          29750          143407 
          29850          141611 
          29950          139772 
          30050          138009 
          30150          136270 
          30250          134321 
          30350          127282 
          30450          128548 
          30550          129488 
          30650          127995 
          30750          126494 
          30850          124797 
          30950          123319 
          31050          121822 
          31150          120036 
          31250          118868 
          31350          117448 
          31450          116016 
          31550          114620 
          31650          113359 
          31750          111906 
          31850          110670 
          31950          109373 
          32100          107395 
          32300          104928 
          32500          102474 
          32700          100069 
          32900         94707.1 
          33100         94900.5 
          33300         93148.8 
          33500         91157.3 
          33700         89000.3 
          33900         87022.3 
          34100         85100.6 
          34300         83310.5 
          34500         81559.1 
          34700         79758.3 
          34900         78042.6 
          35100         76363.7 
          35300         74705.6 
          35500         73116.1 
          35700         71521.8 
          35900         70066.3 
          36100         68543.3 
          36300         67195.5 
          36500         65646.8 
          36700         64404.7 
          36900         62806.2 
          37100         61709.6 
          37300         59820.3 
          37500         57881.8 
          37700         58093.8 
          37900           57010 
          38100         55592.9 
          38300         54600.6 
          38500         53742.3 
          38700           52625 
          38900         51567.3 
          39100         50062.9 
          39300         49652.2 
          39500         48684.5 
          39700         47767.4 
          39900         46766.7 
          40100         45636.2 
          40300         44576.4 
          40500         43152.1 
          40700         43356.6 
          40900         42564.2 
          41100         41816.6 
          41300         41043.7 
          41500         40244.4 
          41700         38771.6 
          41900         38769.5 
          42100         38053.3 
          42300         37435.4 
          42500           36748 
          42700         36100.7 
          42900         35455.9 
          43100         34823.3 
          43300           34197 
          43500         33594.7 
          43700         32354.8 
          43900         32322.4 
          44100         31842.2 
          44300         31309.4 
          44500         30771.9 
          44700         30278.4 
          44900         29757.1 
          45100         29252.9 
          45300         28758.4 
          45500         28271.4 
          45700         27791.8 
          45900           27323 
          46100         26875.5 
          46300         26406.6 
          46500         25324.4 
          46700         24949.1 
          46900           25093 
          47100         24732.6 
          47300           24337 
          47500         23937.1 
          47700           23553 
          47900         23177.7 
          48100         22806.3 
          48300         22443.4 
          48500         22085.7 
          48700         21736.3 
          48900           21395 
          49100         21055.4 
          49300         20728.4 
          49500         20404.4 
          49700           20085 
          49900         19780.5 
          50100         19474.3 
          50300         19166.4 
          50500         18883.4 
          50700           18597 
          50900         18292.6 
          51100         18011.2 
          51300         17365.7 
          51500           17491 
          51700         17210.8 
          51900         16984.7 
          52100         16729.6 
          52300         16482.1 
          52500         16233.7 
          52700         15971.1 
          52900         15771.1 
          53100         15541.6 
          53300         15316.5 
          53500         15095.5 
          53700         14843.5 
          53900         14636.3 
          54100         14456.2 
          54300         14245.1 
          54500         14046.9 
          54700         13839.9 
          54900         13651.7 
          55100         13452.3 
          55300         13204.9 
          55500         13087.9 
          55700         12905.4 
          55900           12718 
          56100           12552 
          56300         12377.4 
          56500         12210.9 
          56700         12042.9 
          56900         11876.9 
          57100         11622.9 
          57300         11555.7 
          57500         11404.7 
          57700         11250.7 
          57900           11099 
          58100         10952.3 
          58300         10807.6 
          58500         10669.3 
          58700         10527.4 
          58900         10372.4 
          59100         10032.6 
          59300           10112 
          59500          9870.7 
          59700         9830.58 
          59900         9729.22 
          60100          9601.9 
          60300         9480.82 
          60500         9359.67 
          60700         9238.79 
          60900         9119.39 
          61100         8999.86 
          61300         8891.18 
          61500         8779.57 
          61700         8669.01 
          61900         8559.79 
          62100         8453.37 
          62300         8342.77 
          62500         8243.06 
          62700         8137.57 
          62900         7920.61 
          63100          7931.7 
          63300         7844.61 
          63500         7748.56 
          63700         7653.94 
          63900         7560.71 
          64200         7424.39 
          64600         7245.62 
          65000         7072.55 
          65400         6906.41 
          65800         6743.68 
          66200         6585.75 
          66600         6432.83 
          67000         6283.83 
          67400          6136.9 
          67800         5947.25 
          68200         5862.47 
          68600         5730.02 
          69000         5600.87 
          69400         5474.78 
          69800         5354.14 
          70200         5235.13 
          70600         5120.49 
          71000         5007.34 
          71400         4899.96 
          71800          4793.8 
          72200          4689.5 
          72600         4586.79 
          73000         4493.11 
          73400         4397.36 
          73800          4305.2 
          74200         4214.45 
          74600         4081.43 
          75000         3967.69 
          75400         3956.66 
          75800         3877.04 
          76200         3798.04 
          76600         3720.96 
          77000         3645.63 
          77400         3572.63 
          77800         3493.48 
          78200         3431.54 
          78600         3363.58 
          79000          3297.3 
          79400         3232.63 
          79800         3169.53 
          80200         3107.77 
          80600         3047.66 
          81000         2989.32 
          81400         2922.55 
          81800         2874.61 
          82200         2821.72 
          82600         2768.45 
          83000         2716.46 
          83400         2665.12 
          83800         2615.54 
          84200         2567.42 
          84600         2520.25 
          85000         2474.06 
          85400         2428.83 
          85800         2384.59 
          86200         2341.37 
          86600         2287.19 
          87000         2258.04 
          87400         2207.63 
          87800         2168.21 
          88200         2139.53 
          88600         2101.83 
          89000         2064.95 
          89400         2028.98 
          89800         1993.48 
          90200         1959.07 
          90600         1925.43 
          91000         1892.16 
          91400         1859.85 
          91800         1828.34 
          92200         1797.36 
          92600         1766.93 
          93000         1737.34 
          93400          1708.2 
          93800         1669.12 
          94200         1651.12 
          94600         1624.55 
          95000         1597.71 
          95400         1571.22 
          95800         1545.94 
          96200         1520.69 
          96600         1496.17 
          97000         1472.05 
          97400         1448.19 
          97800          1425.1 
          98200         1402.34 
          98600         1379.59 
          99000         1358.36 
          99400         1336.89 
          99800         1315.94 
         100200         1295.36 
         200000         83.9026 
         400000         5.26975 
         600000         1.03622 
         800000         0.32606 
         1.0e+6         0.13285 
         1.2e+6       0.0637617 
         1.4e+6        0.034269 
         1.6e+6       0.0200094 
