# Kurucz ODFNEW /NOVER models
# teff = 9000 K (value for the effective temperature for the model. Temperatures are given in K)
# logg = 3.50 log(cm/s2) (value for Log(G) for the model.)
# meta = -0.5  (value for the Metallicity for the model.)
# lh = 1.25  (l/Hp where l is the  mixing length of the convective element and Hp is the pressure scale height)
# vtur = 2.0 km/s (Microturbulence velocity)
#
# column 1: WAVELENGTH (ANGSTROM), Wavelength in Angstrom
# column 2: FLUX (ERG/CM2/S/A), Flux in erg/cm2/s/A
              0               0 
           90.9               0 
           93.5               0 
           96.1               0 
           97.7               0 
           99.6               0 
            102               0 
          103.8               0 
          105.6               0 
          107.7               0 
          110.4               0 
            114               0 
          117.8               0 
          121.3               0 
          124.8               0 
          127.1               0 
          128.4               0 
          130.5               0 
          132.4               0 
          133.9               0 
          136.6               0 
          139.8               0 
          143.3               0 
          147.2               0 
            151               0 
          155.2               0 
          158.8               0 
            162               0 
            166               0 
          170.3               0 
          173.4               0 
          176.8               0 
          180.2               0 
          181.7               0 
          186.1               0 
            191               0 
          193.9               0 
          198.4               0 
          201.8               0 
            205               0 
          210.5               0 
          216.2               0 
          219.8               0 
            223               0 
          226.8               0 
            230               0 
            234               0 
            240               0 
          246.5               0 
          252.4               0 
          256.8               0 
            260               0 
            264               0 
          268.5               0 
          273.5               0 
          278.5               0 
            284               0 
            290               0 
            296               0 
            301               0 
            308     8.80074e-23 
            318     1.09744e-21 
            328     1.13617e-20 
            338     1.02466e-19 
            348     8.14128e-19 
            357     4.75372e-18 
            366     2.54917e-17 
            375     1.25853e-16 
            385     6.78586e-16 
            395     3.35792e-15 
            405     1.53221e-14 
            414     5.63262e-14 
            422     1.70915e-13 
            430     4.96882e-13 
            441     2.01905e-12 
            451     6.79501e-12 
            460     1.93315e-11 
            470      5.8822e-11 
            480     1.70624e-10 
            490     4.72977e-10 
            500      1.25618e-9 
            506      2.21975e-9 
            512      3.94215e-9 
            520       8.0476e-9 
            530      1.90337e-8 
            540       4.3523e-8 
            550      9.65203e-8 
            560      2.07694e-7 
            570      4.34543e-7 
            580      8.85113e-7 
            590        1.758e-6 
            600      3.40846e-6 
            610       6.4593e-6 
            620      1.19752e-5 
            630      2.17457e-5 
            640      3.87179e-5 
            650      6.76422e-5 
            658     0.000104336 
            665     0.000151076 
            675     0.000252708 
            685     0.000415986 
            695     0.000674359 
            705      0.00107723 
            716      0.00177432 
            726      0.00275374 
            735      0.00404525 
            745       0.0061295 
            755      0.00917794 
            765       0.0135861 
            775       0.0198932 
            785       0.0288234 
            795       0.0413405 
            805       0.0587165 
            815       0.0826258 
            825        0.115223 
            835        0.159294 
            845        0.218375 
            855        0.296973 
            865        0.400721 
            875        0.536685 
            885        0.713563 
            895        0.942125 
            905         1.23554 
            915         22.0119 
            925         151.009 
            935         239.511 
            945         365.765 
            955         516.297 
            965         666.987 
            975         621.713 
            985         944.946 
            995         1059.08 
           1005         1340.34 
           1015         1524.69 
           1025         1292.35 
           1035          2058.5 
           1045            2530 
           1055         2953.39 
           1065         3319.27 
           1075         3954.35 
           1085         4556.07 
           1095         5057.62 
           1105         9345.25 
           1115         31890.4 
           1125         55719.7 
           1135         83261.1 
           1145         80482.6 
           1155         73788.5 
           1165         62598.5 
           1175         48712.7 
           1185         55663.4 
           1195         22515.6 
           1205         16304.2 
           1215         3482.69 
           1225         17308.1 
           1235         41859.1 
           1245         70270.2 
           1255          230467 
           1265          748552 
           1275      2.96865e+6 
           1285      7.47631e+6 
           1295      9.95029e+6 
           1305      6.71292e+6 
           1315      1.48984e+7 
           1325      1.90515e+7 
           1335       1.9188e+7 
           1345      2.60542e+7 
           1355      2.48688e+7 
           1365      2.33613e+7 
           1375      2.48062e+7 
           1385      2.24971e+7 
           1395      2.37786e+7 
           1405       2.8846e+7 
           1415      3.02179e+7 
           1425      3.45334e+7 
           1435      3.11907e+7 
           1442      3.59379e+7 
           1447      3.89592e+7 
           1455      4.08545e+7 
           1465      3.72705e+7 
           1475      3.65747e+7 
           1485      3.88906e+7 
           1495      4.26098e+7 
           1505      4.39364e+7 
           1512       3.9897e+7 
           1517       4.3028e+7 
           1525      4.13159e+7 
           1535      4.38809e+7 
           1545      5.19303e+7 
           1555      4.48208e+7 
           1565      3.87155e+7 
           1575      4.88686e+7 
           1585      5.40181e+7 
           1595      5.89554e+7 
           1605      5.52104e+7 
           1615      5.44045e+7 
           1625      4.91732e+7 
           1635      5.28618e+7 
           1645      5.90192e+7 
           1655      4.52732e+7 
           1665      5.88532e+7 
           1672      3.95099e+7 
           1677      5.50722e+7 
           1685       6.1977e+7 
           1695      5.56948e+7 
           1705      5.38991e+7 
           1715      5.60288e+7 
           1725      5.51963e+7 
           1735      5.90798e+7 
           1745      5.68308e+7 
           1755       6.2719e+7 
           1765      5.25944e+7 
           1775      5.96731e+7 
           1785      5.88313e+7 
           1795      6.48013e+7 
           1805      6.06915e+7 
           1815      6.06672e+7 
           1825      5.73698e+7 
           1835      5.60852e+7 
           1845      5.13518e+7 
           1855      5.42537e+7 
           1865      5.48281e+7 
           1875      5.66614e+7 
           1885      5.65304e+7 
           1895      5.65502e+7 
           1905      5.30366e+7 
           1915      5.61361e+7 
           1925      5.67858e+7 
           1935      5.36919e+7 
           1945      5.81483e+7 
           1955      5.74052e+7 
           1967      5.89035e+7 
           1976       5.7389e+7 
           1984      5.60243e+7 
           1995      5.43803e+7 
           2005      5.30681e+7 
           2015      5.15766e+7 
           2025      5.02593e+7 
           2035      5.27011e+7 
           2045      5.48599e+7 
           2055      5.22895e+7 
           2065      5.12801e+7 
           2074      5.44768e+7 
           2078      5.58052e+7 
           2085      5.47604e+7 
           2095       5.2827e+7 
           2105      5.12318e+7 
           2115      5.13658e+7 
           2125      5.21369e+7 
           2135      4.41771e+7 
           2145       4.9633e+7 
           2155      4.99604e+7 
           2165      4.74928e+7 
           2175      4.68453e+7 
           2185      4.74032e+7 
           2195      5.02452e+7 
           2205      4.82696e+7 
           2215      4.40959e+7 
           2225      4.38057e+7 
           2235      4.88122e+7 
           2245      4.39436e+7 
           2255      4.29818e+7 
           2265      4.29564e+7 
           2275      4.58317e+7 
           2285       4.7244e+7 
           2295      4.41067e+7 
           2305      4.39466e+7 
           2315         4.29e+7 
           2325      4.27339e+7 
           2335      4.06144e+7 
           2345      3.69755e+7 
           2355      4.27132e+7 
           2365      3.76144e+7 
           2375      4.04708e+7 
           2385      3.48719e+7 
           2395      3.83986e+7 
           2405      3.66964e+7 
           2415      3.77103e+7 
           2425      4.05898e+7 
           2435      3.89391e+7 
           2445      4.13546e+7 
           2455      3.99039e+7 
           2465      3.97084e+7 
           2475      3.80524e+7 
           2485      3.98739e+7 
           2495      3.85662e+7 
           2505       4.2602e+7 
           2513      3.83545e+7 
           2518      3.90198e+7 
           2525      3.64356e+7 
           2535      3.56468e+7 
           2545      3.57871e+7 
           2555      3.82556e+7 
           2565      3.81996e+7 
           2575      4.07592e+7 
           2585       4.0803e+7 
           2595      4.00601e+7 
           2605      3.83545e+7 
           2615      3.78923e+7 
           2625      4.03524e+7 
           2635      4.05805e+7 
           2645      4.49587e+7 
           2655      4.44427e+7 
           2665      4.10905e+7 
           2675      4.26329e+7 
           2685      4.26398e+7 
           2695      4.06911e+7 
           2705      4.15102e+7 
           2715      3.95495e+7 
           2725      3.98793e+7 
           2735      4.27309e+7 
           2745      3.65729e+7 
           2755      3.73146e+7 
           2765      3.86525e+7 
           2775      4.12598e+7 
           2785      4.03677e+7 
           2795      3.10108e+7 
           2805      3.46338e+7 
           2815       4.2253e+7 
           2825      4.25498e+7 
           2835      4.10758e+7 
           2845      3.97564e+7 
           2855      3.84969e+7 
           2865      4.07844e+7 
           2875      3.97804e+7 
           2885      4.06836e+7 
           2895      3.92902e+7 
           2910      4.28589e+7 
           2930      4.13312e+7 
           2950      4.11627e+7 
           2970      4.16466e+7 
           2990      4.18255e+7 
           3010      4.23214e+7 
           3030      4.19901e+7 
           3050       4.1664e+7 
           3070       4.1255e+7 
           3090      4.17248e+7 
           3110      4.08899e+7 
           3130      4.06767e+7 
           3150      4.11528e+7 
           3170      4.09313e+7 
           3190       3.9557e+7 
           3210      4.02357e+7 
           3230      3.94464e+7 
           3250      3.98682e+7 
           3270      3.99881e+7 
           3290      4.02585e+7 
           3310      4.03308e+7 
           3330      3.95828e+7 
           3350      3.89838e+7 
           3370      3.90168e+7 
           3390      3.87611e+7 
           3410      3.92764e+7 
           3430      3.91847e+7 
           3450      3.89248e+7 
           3470      3.85023e+7 
           3490      3.83623e+7 
           3510       3.8642e+7 
           3530      3.86498e+7 
           3550      3.86193e+7 
           3570       3.7969e+7 
           3590      3.78131e+7 
           3610      3.77016e+7 
           3630      3.76189e+7 
           3640      3.74153e+7 
           3650      3.78893e+7 
           3670      3.76398e+7 
           3690      3.61343e+7 
           3710      3.88852e+7 
           3730      4.17974e+7 
           3750      5.55485e+7 
           3770      6.01507e+7 
           3790      7.60903e+7 
           3810      9.00891e+7 
           3830      6.98993e+7 
           3850      9.95956e+7 
           3870       1.1312e+8 
           3890      6.03083e+7 
           3910      1.11848e+8 
           3930      1.13966e+8 
           3950      1.11521e+8 
           3970      5.73311e+7 
           3990      1.06366e+8 
           4010      1.17001e+8 
           4030      1.16413e+8 
           4050       1.1483e+8 
           4070      1.09715e+8 
           4090      8.48988e+7 
           4110      6.34766e+7 
           4130      1.03743e+8 
           4150      1.07663e+8 
           4170      1.06481e+8 
           4190      1.05388e+8 
           4210      1.04142e+8 
           4230       1.0204e+8 
           4250       1.0091e+8 
           4270      9.89054e+7 
           4290      9.77539e+7 
           4310      9.20609e+7 
           4330      6.87577e+7 
           4350      5.78977e+7 
           4370      8.95027e+7 
           4390      9.09175e+7 
           4410      9.03814e+7 
           4430      9.00127e+7 
           4450      8.94659e+7 
           4470      8.83467e+7 
           4490      8.65447e+7 
           4510      8.61586e+7 
           4530       8.4766e+7 
           4550      8.29199e+7 
           4570      8.31247e+7 
           4590      8.16149e+7 
           4610      8.17504e+7 
           4630      7.98188e+7 
           4650      7.97175e+7 
           4670      7.86769e+7 
           4690      7.71219e+7 
           4710      7.48855e+7 
           4730      7.58112e+7 
           4750      7.49151e+7 
           4770      7.38713e+7 
           4790      7.27974e+7 
           4810      7.12733e+7 
           4830      6.81197e+7 
           4850      5.25734e+7 
           4870      4.19985e+7 
           4890      6.41739e+7 
           4910      6.69152e+7 
           4930      6.62092e+7 
           4950      6.62409e+7 
           4970      6.57987e+7 
           4990      6.49153e+7 
           5010      6.35095e+7 
           5030      6.34091e+7 
           5050      6.24513e+7 
           5070      6.21515e+7 
           5090      6.14446e+7 
           5110      6.07523e+7 
           5130      5.99933e+7 
           5150      5.92159e+7 
           5170      5.78141e+7 
           5190      5.73038e+7 
           5210      5.72367e+7 
           5230      5.61703e+7 
           5250      5.61382e+7 
           5270      5.48323e+7 
           5290      5.48749e+7 
           5310      5.39213e+7 
           5330      5.33529e+7 
           5350      5.31706e+7 
           5370      5.24448e+7 
           5390      5.19345e+7 
           5410      5.12282e+7 
           5430      5.07746e+7 
           5450      5.03468e+7 
           5470      4.98057e+7 
           5490       4.9321e+7 
           5510      4.87924e+7 
           5530      4.81802e+7 
           5550      4.78043e+7 
           5570      4.72635e+7 
           5590      4.67667e+7 
           5610      4.63179e+7 
           5630      4.58611e+7 
           5650      4.53562e+7 
           5670      4.48717e+7 
           5690      4.44451e+7 
           5710      4.39933e+7 
           5730      4.35721e+7 
           5750      4.30997e+7 
           5770      4.26701e+7 
           5790      4.22264e+7 
           5810      4.18067e+7 
           5830      4.13905e+7 
           5850      4.09726e+7 
           5870      4.05367e+7 
           5890       3.9873e+7 
           5910      3.97504e+7 
           5930      3.93595e+7 
           5950      3.89409e+7 
           5970      3.85749e+7 
           5990      3.81537e+7 
           6010      3.77825e+7 
           6030      3.74432e+7 
           6050      3.70705e+7 
           6070      3.67252e+7 
           6090      3.63627e+7 
           6110      3.59997e+7 
           6130        3.563e+7 
           6150      3.51036e+7 
           6170       3.4933e+7 
           6190      3.46437e+7 
           6210      3.43133e+7 
           6230      3.39683e+7 
           6250      3.35129e+7 
           6270      3.33474e+7 
           6290      3.30308e+7 
           6310      3.26819e+7 
           6330      3.23968e+7 
           6350      3.19276e+7 
           6370      3.16857e+7 
           6390      3.14866e+7 
           6410      3.11613e+7 
           6430      3.08966e+7 
           6450      3.04481e+7 
           6470      3.02422e+7 
           6490      2.98423e+7 
           6510      2.94121e+7 
           6530      2.85139e+7 
           6550      2.46889e+7 
           6570      1.97185e+7 
           6590      2.68962e+7 
           6610      2.79426e+7 
           6630      2.79834e+7 
           6650      2.78289e+7 
           6670       2.7614e+7 
           6690      2.74273e+7 
           6710      2.71921e+7 
           6730      2.69359e+7 
           6750      2.66979e+7 
           6770      2.64812e+7 
           6790      2.62429e+7 
           6810       2.6011e+7 
           6830      2.57701e+7 
           6850      2.55484e+7 
           6870       2.5328e+7 
           6890      2.51074e+7 
           6910      2.48857e+7 
           6930      2.46654e+7 
           6950      2.44527e+7 
           6970      2.42389e+7 
           6990      2.40333e+7 
           7010      2.37951e+7 
           7030      2.36089e+7 
           7050      2.34092e+7 
           7070      2.32128e+7 
           7090      2.30176e+7 
           7110      2.27065e+7 
           7130      2.26044e+7 
           7150       2.2417e+7 
           7170       2.2235e+7 
           7190      2.20429e+7 
           7210      2.18592e+7 
           7230      2.16707e+7 
           7250      2.14811e+7 
           7270      2.13167e+7 
           7290      2.11255e+7 
           7310      2.09494e+7 
           7330      2.07805e+7 
           7350      2.06146e+7 
           7370      2.04467e+7 
           7390      2.02713e+7 
           7410      2.00921e+7 
           7430      1.99083e+7 
           7450      1.97561e+7 
           7470      1.95593e+7 
           7490      1.94234e+7 
           7510      1.92807e+7 
           7530      1.91332e+7 
           7550      1.89857e+7 
           7570      1.88277e+7 
           7590      1.86782e+7 
           7610      1.85275e+7 
           7630      1.83761e+7 
           7650      1.82235e+7 
           7670       1.8071e+7 
           7690      1.79312e+7 
           7710      1.77807e+7 
           7730      1.76528e+7 
           7750      1.75098e+7 
           7770      1.70952e+7 
           7790      1.72361e+7 
           7810      1.70997e+7 
           7830      1.69553e+7 
           7850      1.68116e+7 
           7870       1.6652e+7 
           7890      1.65011e+7 
           7910       1.6419e+7 
           7930      1.62967e+7 
           7950      1.61445e+7 
           7970      1.60571e+7 
           7990      1.58493e+7 
           8010      1.58043e+7 
           8030       1.5679e+7 
           8050      1.55628e+7 
           8070        1.544e+7 
           8090      1.53223e+7 
           8110      1.52079e+7 
           8130      1.50939e+7 
           8150       1.4979e+7 
           8170      1.48646e+7 
           8190      1.46983e+7 
           8210       1.4634e+7 
           8230      1.45246e+7 
           8250      1.44222e+7 
           8270      1.43839e+7 
           8290      1.42779e+7 
           8310      1.41808e+7 
           8330      1.40178e+7 
           8350      1.39648e+7 
           8370       1.3839e+7 
           8390      1.37024e+7 
           8410      1.35612e+7 
           8430      1.34688e+7 
           8450      1.32642e+7 
           8470      1.29491e+7 
           8490       1.3335e+7 
           8510      1.24724e+7 
           8530      1.33469e+7 
           8550      1.17437e+7 
           8570      1.34935e+7 
           8590      1.23631e+7 
           8610      1.19937e+7 
           8630      1.36565e+7 
           8650      1.30164e+7 
           8670      1.05674e+7 
           8690      1.33339e+7 
           8710      1.38965e+7 
           8730      1.32545e+7 
           8750      1.01974e+7 
           8770       1.2525e+7 
           8790       1.3787e+7 
           8810      1.38861e+7 
           8830      1.34851e+7 
           8850      1.18359e+7 
           8870      9.86587e+6 
           8890      1.27359e+7 
           8910       1.3357e+7 
           8930      1.34195e+7 
           8950       1.3409e+7 
           8970      1.31573e+7 
           8990      1.24393e+7 
           9010      9.70503e+6 
           9030      1.07007e+7 
           9050      1.24326e+7 
           9070      1.26055e+7 
           9090      1.25355e+7 
           9110      1.26589e+7 
           9130      1.26356e+7 
           9150      1.25385e+7 
           9170      1.23656e+7 
           9190      1.20304e+7 
           9210      1.10513e+7 
           9230      8.48377e+6 
           9250      1.05967e+7 
           9270      1.14528e+7 
           9290      1.18317e+7 
           9310      1.18366e+7 
           9330      1.17798e+7 
           9350      1.17157e+7 
           9370        1.164e+7 
           9390      1.15247e+7 
           9410      1.13273e+7 
           9430       1.1364e+7 
           9450      1.12792e+7 
           9470      1.11674e+7 
           9490       1.1007e+7 
           9510      1.06779e+7 
           9530       9.6654e+6 
           9550      7.68476e+6 
           9570      9.75546e+6 
           9590      1.04419e+7 
           9610      1.05356e+7 
           9630      1.04667e+7 
           9650      1.05131e+7 
           9670      1.03895e+7 
           9690      1.03876e+7 
           9710      1.03436e+7 
           9730      1.02677e+7 
           9750      1.01912e+7 
           9770      1.01298e+7 
           9790      1.00593e+7 
           9810      9.98705e+6 
           9830      9.91252e+6 
           9850      9.83466e+6 
           9870       9.7697e+6 
           9890      9.66669e+6 
           9910       9.6296e+6 
           9930      9.54233e+6 
           9950      9.47359e+6 
           9970      9.38785e+6 
           9990      9.26158e+6 
          10025      8.34988e+6 
          10075      7.91386e+6 
          10125      8.84391e+6 
          10175      8.79432e+6 
          10225      8.67321e+6 
          10275      8.53191e+6 
          10325      8.38798e+6 
          10375      8.25203e+6 
          10425      8.11796e+6 
          10475       7.9603e+6 
          10525      7.84404e+6 
          10575      7.72286e+6 
          10625      7.60031e+6 
          10675       7.4043e+6 
          10725      7.32726e+6 
          10775      7.23084e+6 
          10825      7.09348e+6 
          10875      6.89685e+6 
          10925      5.79445e+6 
          10975      6.33168e+6 
          11025      6.63947e+6 
          11075      6.58056e+6 
          11125      6.49111e+6 
          11175      6.39394e+6 
          11225      6.29765e+6 
          11275      6.15627e+6 
          11325      6.06414e+6 
          11375      6.00775e+6 
          11425      5.91257e+6 
          11475       5.8351e+6 
          11525      5.74912e+6 
          11575      5.66245e+6 
          11625      5.55977e+6 
          11675      5.45808e+6 
          11725      5.41545e+6 
          11775       5.2878e+6 
          11825      5.23641e+6 
          11875      5.15448e+6 
          11925      5.10684e+6 
          11975       5.0149e+6 
          12025      4.95662e+6 
          12075      4.88077e+6 
          12125      4.81266e+6 
          12175      4.74856e+6 
          12225      4.68006e+6 
          12275      4.61027e+6 
          12325      4.54689e+6 
          12375      4.48487e+6 
          12425      4.42446e+6 
          12475      4.35733e+6 
          12525      4.30004e+6 
          12575      4.22995e+6 
          12625      4.17524e+6 
          12675      4.11609e+6 
          12725      4.04123e+6 
          12775      3.86933e+6 
          12825      3.31768e+6 
          12875      3.80035e+6 
          12925      3.83009e+6 
          12975      3.79393e+6 
          13025      3.74929e+6 
          13075      3.69953e+6 
          13125      3.64973e+6 
          13175      3.59649e+6 
          13225      3.55383e+6 
          13275      3.50679e+6 
          13325       3.4608e+6 
          13375      3.41539e+6 
          13425      3.37036e+6 
          13475      3.32608e+6 
          13525      3.27991e+6 
          13575      3.23863e+6 
          13625      3.19825e+6 
          13675      3.15598e+6 
          13725      3.10804e+6 
          13775      3.07557e+6 
          13825      3.03681e+6 
          13875      2.99951e+6 
          13925      2.95916e+6 
          13975      2.92336e+6 
          14025      2.88685e+6 
          14075      2.85078e+6 
          14125      2.81459e+6 
          14175      2.77958e+6 
          14225      2.74481e+6 
          14275      2.71064e+6 
          14325      2.67743e+6 
          14375       2.6448e+6 
          14425      2.59463e+6 
          14475      2.57979e+6 
          14525       2.5401e+6 
          14570      2.52017e+6 
          14620      2.48939e+6 
          14675       2.4601e+6 
          14725      2.43056e+6 
          14775      2.39826e+6 
          14825      2.37303e+6 
          14875      2.34127e+6 
          14925      2.32019e+6 
          14975      2.29162e+6 
          15025      2.26104e+6 
          15075      2.23562e+6 
          15125      2.21033e+6 
          15175      2.18303e+6 
          15225      2.15994e+6 
          15275      2.12628e+6 
          15325      2.09895e+6 
          15375      2.08421e+6 
          15425      2.03383e+6 
          15475      2.03612e+6 
          15525      2.01303e+6 
          15575      1.93847e+6 
          15625      1.99567e+6 
          15675      1.92163e+6 
          15725      1.85702e+6 
          15775      1.93852e+6 
          15825      1.91306e+6 
          15875      1.72897e+6 
          15925      1.84023e+6 
          15975      1.87405e+6 
          16050      1.80978e+6 
          16150      1.69297e+6 
          16250      1.78362e+6 
          16350      1.69056e+6 
          16450      1.57902e+6 
          16550      1.67553e+6 
          16650      1.64106e+6 
          16750      1.54566e+6 
          16850      1.44311e+6 
          16950      1.53523e+6 
          17050      1.50808e+6 
          17150      1.47581e+6 
          17250      1.43216e+6 
          17350      1.26852e+6 
          17450      1.35585e+6 
          17550      1.35194e+6 
          17650      1.32602e+6 
          17750      1.30012e+6 
          17850      1.27282e+6 
          17950      1.24722e+6 
          18050      1.21263e+6 
          18150      1.08663e+6 
          18250      1.13824e+6 
          18350      1.14578e+6 
          18450      1.12642e+6 
          18550      1.10161e+6 
          18650      1.07152e+6 
          18750          956941 
          18850      1.02569e+6 
          18950      1.01693e+6 
          19050      1.00046e+6 
          19150          981053 
          19250          960688 
          19350          932292 
          19450          834379 
          19550          897081 
          19650          890129 
          19750          874156 
          19850          858237 
          19950          842291 
          20050          826741 
          20150          811541 
          20250          796600 
          20350          782021 
          20450          767942 
          20550          754062 
          20650          740302 
          20750          727129 
          20850          714217 
          20950          701499 
          21050          689028 
          21150          676413 
          21250          664454 
          21350          653080 
          21450          641208 
          21550          624708 
          21650          563340 
          21750          599192 
          21850          597777 
          21950          589065 
          22050          578938 
          22150          568910 
          22250          559802 
          22350          550455 
          22450          541299 
          22550          532141 
          22650          523531 
          22750          514927 
          22850          506727 
          22950          498489 
          23050          490592 
          23150          482720 
          23250          475072 
          23350          467514 
          23450          460136 
          23550          452890 
          23650          445761 
          23750          438749 
          23850          431845 
          23950          425082 
          24050          418330 
          24150          411660 
          24250          405571 
          24350          398967 
          24450          392440 
          24550          387131 
          24650          380293 
          24750          374594 
          24850          370609 
          24950          359940 
          25050          359907 
          25150          354750 
          25250          341395 
          25350          343706 
          25450          340456 
          25550          333474 
          25650          317660 
          25750          324594 
          25850          321467 
          25950          316713 
          26050          307335 
          26150          290290 
          26250          276667 
          26350          294332 
          26450          294970 
          26550          291181 
          26650          284231 
          26750          263056 
          26850          276292 
          26950          275765 
          27050          272628 
          27150          269136 
          27250          265389 
          27350          261155 
          27450          255791 
          27550          236416 
          27650          242411 
          27750          246372 
          27850          244105 
          27950          240943 
          28050          237682 
          28150          234470 
          28250          231322 
          28350          228225 
          28450          225051 
          28550          221203 
          28650          213562 
          28750          199030 
          28850          211073 
          28950          210143 
          29050          207913 
          29150          205123 
          29250          202530 
          29350          199919 
          29450          197334 
          29550          194797 
          29650          192299 
          29750          189837 
          29850          187418 
          29950          185021 
          30050          182666 
          30150          180088 
          30250          176701 
          30350          164549 
          30450          166213 
          30550          170467 
          30650          169216 
          30750          167252 
          30850          165125 
          30950          163147 
          31050          161137 
          31150          159133 
          31250          157206 
          31350          155311 
          31450          153400 
          31550          151589 
          31650          149771 
          31750          147943 
          31850          146195 
          31950          144448 
          32100          141872 
          32300          138539 
          32500          135295 
          32700          131887 
          32900          122534 
          33100          123977 
          33300          122774 
          33500          120107 
          33700          117366 
          33900          114785 
          34100          112244 
          34300          109783 
          34500          107387 
          34700          105032 
          34900          102749 
          35100          100524 
          35300         98360.1 
          35500         96235.5 
          35700         94152.2 
          35900         92229.4 
          36100         90163.8 
          36300         88403.7 
          36500         86348.9 
          36700         84811.9 
          36900         82608.4 
          37100         81221.9 
          37300         77753.9 
          37500         75104.9 
          37700         76417.4 
          37900           75044 
          38100         72898.1 
          38300         71566.2 
          38500         70717.7 
          38700         69324.6 
          38900         67754.6 
          39100         65193.2 
          39300         65287.3 
          39500           64140 
          39700         62921.9 
          39900         61644.2 
          40100         59566.7 
          40300           58005 
          40500         55736.2 
          40700         56936.3 
          40900         56153.5 
          41100         55168.7 
          41300         54134.4 
          41500         52852.8 
          41700           49955 
          41900           50870 
          42100         50245.2 
          42300         49348.2 
          42500         48455.2 
          42700         47580.7 
          42900         46724.8 
          43100         45888.3 
          43300         45071.7 
          43500         44158.5 
          43700         41766.8 
          43900         42086.7 
          44100         41938.3 
          44300         41247.5 
          44500         40531.3 
          44700         39898.2 
          44900         39139.7 
          45100         38474.8 
          45300         37818.2 
          45500         37175.5 
          45700         36544.1 
          45900         35918.7 
          46100         35295.8 
          46300         34583.8 
          46500         32514.9 
          46700         31936.6 
          46900         32740.3 
          47100         32459.4 
          47300         31966.6 
          47500         31452.4 
          47700         30949.1 
          47900         30454.7 
          48100           29966 
          48300         29487.4 
          48500         29017.3 
          48700         28557.1 
          48900           28105 
          49100         27660.8 
          49300         27224.5 
          49500         26805.1 
          49700         26374.8 
          49900         25977.6 
          50100           25571 
          50300         25159.6 
          50500         24796.8 
          50700         24408.1 
          50900         23979.6 
          51100         23493.6 
          51300           22220 
          51500         22838.9 
          51700           22547 
          51900         22282.6 
          52100         21970.3 
          52300         21644.2 
          52500         21281.4 
          52700         20923.5 
          52900         20699.6 
          53100         20410.4 
          53300         20114.3 
          53500         19811.5 
          53700         19427.7 
          53900         19152.8 
          54100         18970.3 
          54300         18740.1 
          54500         18474.7 
          54700         18211.4 
          54900         17927.7 
          55100         17594.3 
          55300         17214.8 
          55500         17155.7 
          55700         16967.2 
          55900           16729 
          56100         16499.9 
          56300         16272.3 
          56500         16048.7 
          56700         15822.1 
          56900         15543.5 
          57100         15073.1 
          57300         15103.5 
          57500         14974.6 
          57700         14781.6 
          57900         14581.9 
          58100         14387.9 
          58300         14185.2 
          58500         13988.2 
          58700         13789.2 
          58900         13503.5 
          59100         12803.9 
          59300         13164.4 
          59500         12765.4 
          59700         12766.7 
          59900         12738.2 
          60100           12591 
          60300           12433 
          60500         12274.8 
          60700         12118.4 
          60900         11963.8 
          61100         11811.9 
          61300         11662.8 
          61500         11515.3 
          61700         11369.5 
          61900         11226.4 
          62100         11083.8 
          62300         10942.9 
          62500         10796.8 
          62700         10610.2 
          62900         10150.5 
          63100           10318 
          63300         10268.9 
          63500         10153.9 
          63700         10033.6 
          63900         9913.69 
          64200         9747.21 
          64600         9515.83 
          65000         9286.73 
          65400         9066.92 
          65800         8851.73 
          66200         8639.33 
          66600         8437.78 
          67000         8233.35 
          67400         8007.04 
          67800         7656.91 
          68200          7664.7 
          68600         7511.69 
          69000         7345.42 
          69400         7164.77 
          69800         7018.41 
          70200         6864.95 
          70600         6709.24 
          71000         6547.53 
          71400         6422.21 
          71800         6282.81 
          72200         6145.96 
          72600         5992.94 
          73000         5878.51 
          73400         5761.05 
          73800         5632.71 
          74200         5495.92 
          74600         5233.33 
          75000         5058.97 
          75400         5141.02 
          75800         5062.63 
          76200         4962.52 
          76600         4870.82 
          77000         4771.17 
          77400         4663.93 
          77800          4538.5 
          78200          4479.2 
          78600         4402.06 
          79000         4315.03 
          79400         4230.13 
          79800         4147.33 
          80200          4066.5 
          80600         3987.63 
          81000         3906.27 
          81400         3791.33 
          81800          3739.7 
          82200         3689.28 
          82600         3620.83 
          83000          3552.6 
          83400         3485.69 
          83800         3420.51 
          84200         3357.05 
          84600         3295.17 
          85000         3234.52 
          85400         3175.19 
          85800         3117.06 
          86200         3053.15 
          86600            2946 
          87000         2936.84 
          87400         2845.47 
          87800         2795.21 
          88200          2793.5 
          88600          2746.4 
          89000         2698.23 
          89400         2650.94 
          89800         2604.68 
          90200          2559.4 
          90600          2515.1 
          91000         2471.79 
          91400         2429.37 
          91800         2387.86 
          92200         2346.36 
          92600         2301.48 
          93000         2266.18 
          93400         2224.05 
          93800         2142.65 
          94200         2138.88 
          94600         2117.09 
          95000          2080.8 
          95400         2046.38 
          95800         2017.83 
          96200         1984.88 
          96600         1952.66 
          97000         1921.05 
          97400         1890.05 
          97800          1859.7 
          98200         1826.41 
          98600          1794.3 
          99000         1772.18 
          99400         1744.18 
          99800         1716.73 
         100200          1689.8 
         200000          108.47 
         400000         6.75924 
         600000         1.32452 
         800000        0.415947 
         1.0e+6        0.169239 
         1.2e+6       0.0811436 
         1.4e+6       0.0435778 
         1.6e+6       0.0254293 
