# Kurucz ODFNEW /NOVER models
# teff = 31000 K (value for the effective temperature for the model. Temperatures are given in K)
# logg = 5.00 log(cm/s2) (value for Log(G) for the model.)
# meta = -0.5  (value for the Metallicity for the model.)
# lh = 1.25  (l/Hp where l is the  mixing length of the convective element and Hp is the pressure scale height)
# vtur = 2.0 km/s (Microturbulence velocity)
#
# column 1: WAVELENGTH (ANGSTROM), Wavelength in Angstrom
# column 2: FLUX (ERG/CM2/S/A), Flux in erg/cm2/s/A
              0               0 
           90.9     3.09563e-19 
           93.5     1.99646e-18 
           96.1     1.16574e-17 
           97.7     3.29784e-17 
           99.6     1.08658e-16 
            102      4.6052e-16 
          103.8     1.30528e-15 
          105.6     3.57461e-15 
          107.7     1.11136e-14 
          110.4     4.49611e-14 
            114      2.6276e-13 
          117.8     1.52046e-12 
          121.3     6.99146e-12 
          124.8     2.96836e-11 
          127.1      7.3742e-11 
          128.4     1.21706e-10 
          130.5     2.68087e-10 
          132.4     5.37165e-10 
          133.9     9.17872e-10 
          136.6      2.34584e-9 
          139.8      6.83467e-9 
          143.3      2.09326e-8 
          147.2       6.8797e-8 
            151      2.07721e-7 
          155.2      6.64073e-7 
          158.8      1.71817e-6 
            162      3.87224e-6 
            166       1.0259e-5 
          170.3      2.78436e-5 
          173.4      5.55857e-5 
          176.8     0.000115465 
          180.2     0.000233565 
          181.7     0.000316083 
          186.1     0.000748114 
            191      0.00186635 
          193.9      0.00313793 
          198.4      0.00682235 
          201.8        0.011993 
            205        0.020049 
          210.5       0.0467997 
          216.2        0.107629 
          219.8        0.178134 
            223        0.274951 
          226.8        0.454237 
            230         118.524 
            234         297.994 
            240         529.149 
          246.5         978.804 
          252.4         1672.66 
          256.8         2230.46 
            260         3400.49 
            264         4665.94 
          268.5         6814.79 
          273.5         9896.42 
          278.5         13841.9 
            284         23106.6 
            290           34120 
            296         48888.7 
            301           64214 
            308         97220.6 
            318          193946 
            328          309662 
            338          519702 
            348          817051 
            357       1.5526e+6 
            366      2.44382e+6 
            375      3.23755e+6 
            385      4.68495e+6 
            395      6.82981e+6 
            405      9.00984e+6 
            414       1.1847e+7 
            422      1.41685e+7 
            430      1.75555e+7 
            441      2.29005e+7 
            451      2.86547e+7 
            460      3.40249e+7 
            470      4.24005e+7 
            480      5.14849e+7 
            490       6.2078e+7 
            500      7.50656e+7 
            506      2.58436e+8 
            512      1.32005e+9 
            520      1.30982e+9 
            530       1.3602e+9 
            540      1.26322e+9 
            550      1.54329e+9 
            560      1.70922e+9 
            570      1.82776e+9 
            580      1.70928e+9 
            590      1.92067e+9 
            600      1.90824e+9 
            610      2.06478e+9 
            620      2.23666e+9 
            630      2.27832e+9 
            640      2.22957e+9 
            650      2.39181e+9 
            658      2.40397e+9 
            665      2.51097e+9 
            675      2.52873e+9 
            685      2.42702e+9 
            695      2.83477e+9 
            705      2.74787e+9 
            716      3.01453e+9 
            726      3.02176e+9 
            735      3.07299e+9 
            745      3.23044e+9 
            755      3.28039e+9 
            765      3.37593e+9 
            775      3.46758e+9 
            785      3.61082e+9 
            795      3.63996e+9 
            805      3.66856e+9 
            815      3.69179e+9 
            825      3.84826e+9 
            835      3.57604e+9 
            845      3.87164e+9 
            855       3.9069e+9 
            865       4.0248e+9 
            875      4.12805e+9 
            885      4.24683e+9 
            895      4.32517e+9 
            905      4.29878e+9 
            915      4.52495e+9 
            925     1.50401e+10 
            935     2.97355e+10 
            945     5.87608e+10 
            955      7.1961e+10 
            965     9.30514e+10 
            975     3.31187e+10 
            985     9.02117e+10 
            995     8.14365e+10 
           1005      8.7045e+10 
           1015     8.39997e+10 
           1025     4.08671e+10 
           1035     7.56784e+10 
           1045     9.24278e+10 
           1055     8.82706e+10 
           1065     7.64935e+10 
           1075     8.04952e+10 
           1085     7.22596e+10 
           1095     7.87912e+10 
           1105     7.46597e+10 
           1115     7.32174e+10 
           1125     6.31612e+10 
           1135      7.0218e+10 
           1145     6.47066e+10 
           1155     6.48421e+10 
           1165     6.30982e+10 
           1175     4.61258e+10 
           1185     5.81879e+10 
           1195      5.5717e+10 
           1205     4.93944e+10 
           1215     2.70714e+10 
           1225     4.87337e+10 
           1235     5.35249e+10 
           1245     5.18908e+10 
           1255     5.14738e+10 
           1265     5.14423e+10 
           1275     5.13455e+10 
           1285     5.05447e+10 
           1295     4.52633e+10 
           1305     4.58862e+10 
           1315     4.76964e+10 
           1325     4.54234e+10 
           1335     4.39421e+10 
           1345     4.34681e+10 
           1355     4.31284e+10 
           1365     4.10167e+10 
           1375     4.02609e+10 
           1385     3.92183e+10 
           1395     3.30863e+10 
           1405     3.37431e+10 
           1415     3.61034e+10 
           1425      3.3834e+10 
           1435     3.45972e+10 
           1442      3.4811e+10 
           1447     3.42201e+10 
           1455     3.31864e+10 
           1465     3.20679e+10 
           1475     3.16329e+10 
           1485     3.12474e+10 
           1495     3.03741e+10 
           1505     2.88474e+10 
           1512     2.76301e+10 
           1517     2.77691e+10 
           1525     2.74056e+10 
           1535     2.44627e+10 
           1545     2.33722e+10 
           1555     2.26534e+10 
           1565     2.37215e+10 
           1575      2.4296e+10 
           1585     2.41719e+10 
           1595     2.38979e+10 
           1605     2.28361e+10 
           1615     2.19967e+10 
           1625     2.21391e+10 
           1635     2.22482e+10 
           1645     2.15998e+10 
           1655     2.18967e+10 
           1665     2.15828e+10 
           1672     2.07178e+10 
           1677     2.20868e+10 
           1685     2.13415e+10 
           1695     2.06485e+10 
           1705     2.00584e+10 
           1715      1.9382e+10 
           1725     1.88136e+10 
           1735     1.91205e+10 
           1745     1.87696e+10 
           1755     1.85306e+10 
           1765     1.80697e+10 
           1775     1.75581e+10 
           1785     1.75393e+10 
           1795     1.73725e+10 
           1805     1.72777e+10 
           1815     1.65171e+10 
           1825     1.64395e+10 
           1835     1.61602e+10 
           1845     1.50436e+10 
           1855     1.50198e+10 
           1865     1.50888e+10 
           1875     1.50312e+10 
           1885     1.39953e+10 
           1895     1.33454e+10 
           1905     1.38369e+10 
           1915     1.33085e+10 
           1925      1.2705e+10 
           1935     1.31616e+10 
           1945     1.33045e+10 
           1955     1.22846e+10 
           1967     1.26862e+10 
           1976     1.30186e+10 
           1984     1.23109e+10 
           1995       1.199e+10 
           2005     1.20965e+10 
           2015     1.20723e+10 
           2025     1.20894e+10 
           2035     1.14869e+10 
           2045     1.13694e+10 
           2055     1.03982e+10 
           2065     1.02332e+10 
           2074     1.04607e+10 
           2078     1.00637e+10 
           2085     1.01583e+10 
           2095     1.00263e+10 
           2105      1.0438e+10 
           2115     1.04398e+10 
           2125     1.03885e+10 
           2135     1.01963e+10 
           2145      9.92544e+9 
           2155      9.92928e+9 
           2165      9.74613e+9 
           2175      9.64636e+9 
           2185      9.46673e+9 
           2195      9.43072e+9 
           2205       9.2888e+9 
           2215      9.10224e+9 
           2225      8.99093e+9 
           2235      8.82844e+9 
           2245      8.74995e+9 
           2255      8.53992e+9 
           2265      8.50068e+9 
           2275      8.38316e+9 
           2285      8.24645e+9 
           2295      7.80567e+9 
           2305      7.95008e+9 
           2315      7.86679e+9 
           2325      7.76582e+9 
           2335      7.63035e+9 
           2345      7.57363e+9 
           2355      7.46393e+9 
           2365      7.36458e+9 
           2375      7.23522e+9 
           2385      7.08527e+9 
           2395      7.02162e+9 
           2405       6.9425e+9 
           2415      6.84186e+9 
           2425      6.76314e+9 
           2435      6.63654e+9 
           2445      6.56533e+9 
           2455       6.4876e+9 
           2465      6.40345e+9 
           2475      6.30814e+9 
           2485      6.21536e+9 
           2495      5.63889e+9 
           2505      6.01686e+9 
           2513      5.78728e+9 
           2518       5.8852e+9 
           2525      5.89515e+9 
           2535      5.82305e+9 
           2545      5.68718e+9 
           2555      5.63628e+9 
           2565      5.58118e+9 
           2575      5.51282e+9 
           2585      5.44759e+9 
           2595      5.37777e+9 
           2605      5.32956e+9 
           2615      5.25632e+9 
           2625      5.19441e+9 
           2635      5.12843e+9 
           2645      5.05354e+9 
           2655      4.99154e+9 
           2665        4.893e+9 
           2675      4.83331e+9 
           2685      4.80714e+9 
           2695      4.68237e+9 
           2705      4.64927e+9 
           2715      4.60169e+9 
           2725       4.5281e+9 
           2735       4.4762e+9 
           2745       4.4375e+9 
           2755      4.39223e+9 
           2765      4.30343e+9 
           2775      4.29788e+9 
           2785      4.23799e+9 
           2795      4.12011e+9 
           2805      4.11366e+9 
           2815      4.09253e+9 
           2825      4.00529e+9 
           2835      3.92806e+9 
           2845      3.94662e+9 
           2855      3.88951e+9 
           2865      3.84577e+9 
           2875      3.80143e+9 
           2885      3.75724e+9 
           2895      3.71143e+9 
           2910      3.63864e+9 
           2930      3.56306e+9 
           2950       3.4489e+9 
           2970       3.3983e+9 
           2990      3.31493e+9 
           3010      3.22799e+9 
           3030      3.16689e+9 
           3050      3.10156e+9 
           3070      3.03795e+9 
           3090      2.94425e+9 
           3110      2.90222e+9 
           3130      2.83379e+9 
           3150      2.77374e+9 
           3170      2.71144e+9 
           3190      2.63538e+9 
           3210      2.59669e+9 
           3230      2.54137e+9 
           3250      2.49172e+9 
           3270      2.43783e+9 
           3290       2.3851e+9 
           3310      2.33914e+9 
           3330      2.28755e+9 
           3350      2.23896e+9 
           3370      2.19505e+9 
           3390      2.15398e+9 
           3410      2.11045e+9 
           3430      2.06123e+9 
           3450       2.0128e+9 
           3470      1.97665e+9 
           3490      1.93717e+9 
           3510      1.90143e+9 
           3530      1.86686e+9 
           3550      1.83072e+9 
           3570      1.80569e+9 
           3590      1.75397e+9 
           3610      1.72883e+9 
           3630      1.68959e+9 
           3640      1.68777e+9 
           3650       1.6517e+9 
           3670      1.62863e+9 
           3690      1.59949e+9 
           3710      1.54613e+9 
           3730      1.50349e+9 
           3750      1.47678e+9 
           3770      1.42776e+9 
           3790      1.46151e+9 
           3810      1.50517e+9 
           3830      1.33265e+9 
           3850      1.53025e+9 
           3870      1.54358e+9 
           3890      1.24627e+9 
           3910      1.51995e+9 
           3930      1.50344e+9 
           3950       1.4637e+9 
           3970      1.15415e+9 
           3990      1.40438e+9 
           4010      1.40802e+9 
           4030      1.32287e+9 
           4050      1.37369e+9 
           4070      1.32303e+9 
           4090      1.20642e+9 
           4110      1.07075e+9 
           4130      1.24898e+9 
           4150      1.24277e+9 
           4170      1.23571e+9 
           4190      1.21497e+9 
           4210      1.19852e+9 
           4230      1.17705e+9 
           4250      1.15018e+9 
           4270      1.12183e+9 
           4290      1.10662e+9 
           4310      1.07555e+9 
           4330      9.67118e+8 
           4350      8.87667e+8 
           4370      1.01976e+9 
           4390      9.91513e+8 
           4410      9.99643e+8 
           4430      9.88026e+8 
           4450      9.72185e+8 
           4470      9.11408e+8 
           4490       9.3943e+8 
           4510      9.28337e+8 
           4530      9.13549e+8 
           4550       8.9682e+8 
           4570      8.82745e+8 
           4590      8.67596e+8 
           4610      8.52622e+8 
           4630      8.38469e+8 
           4650      8.12977e+8 
           4670      8.12231e+8 
           4690       7.9862e+8 
           4710       7.7511e+8 
           4730      7.77056e+8 
           4750      7.63964e+8 
           4770      7.55816e+8 
           4790       7.4344e+8 
           4810      7.28756e+8 
           4830      7.10913e+8 
           4850      6.50894e+8 
           4870      5.85755e+8 
           4890         6.77e+8 
           4910      6.73544e+8 
           4930      6.47875e+8 
           4950       6.5552e+8 
           4970      6.48487e+8 
           4990      6.38579e+8 
           5010      6.18076e+8 
           5030      6.19335e+8 
           5050      6.06816e+8 
           5070      6.01935e+8 
           5090       5.9278e+8 
           5110      5.83993e+8 
           5130      5.74795e+8 
           5150      5.66533e+8 
           5170      5.59002e+8 
           5190      5.51318e+8 
           5210      5.43344e+8 
           5230      5.35672e+8 
           5250      5.28084e+8 
           5270      5.20437e+8 
           5290      5.13317e+8 
           5310      5.06065e+8 
           5330      4.99026e+8 
           5350      4.91956e+8 
           5370      4.85322e+8 
           5390      4.78445e+8 
           5410      4.71388e+8 
           5430      4.65494e+8 
           5450         4.59e+8 
           5470      4.52756e+8 
           5490      4.46601e+8 
           5510       4.4071e+8 
           5530      4.34582e+8 
           5550      4.28925e+8 
           5570       4.2313e+8 
           5590      4.17491e+8 
           5610      4.11945e+8 
           5630      4.06516e+8 
           5650      4.00894e+8 
           5670      3.95081e+8 
           5690      3.88888e+8 
           5710      3.85014e+8 
           5730      3.80197e+8 
           5750      3.74696e+8 
           5770      3.70588e+8 
           5790      3.65672e+8 
           5810      3.60983e+8 
           5830      3.56049e+8 
           5850       3.5166e+8 
           5870      3.35863e+8 
           5890       3.4099e+8 
           5910      3.38223e+8 
           5930      3.33837e+8 
           5950      3.29616e+8 
           5970      3.25994e+8 
           5990      3.21584e+8 
           6010      3.17801e+8 
           6030      3.13685e+8 
           6050      3.09895e+8 
           6070       3.0619e+8 
           6090      3.02416e+8 
           6110      2.98703e+8 
           6130      2.95083e+8 
           6150      2.91145e+8 
           6170      2.87727e+8 
           6190      2.84376e+8 
           6210      2.80984e+8 
           6230      2.77611e+8 
           6250      2.74149e+8 
           6270      2.70937e+8 
           6290      2.67731e+8 
           6310      2.64494e+8 
           6330      2.61406e+8 
           6350      2.58211e+8 
           6370      2.55255e+8 
           6390       2.5222e+8 
           6410      2.49264e+8 
           6430      2.46376e+8 
           6450      2.43484e+8 
           6470      2.40361e+8 
           6490      2.37638e+8 
           6510      2.34598e+8 
           6530      2.30645e+8 
           6550      2.18886e+8 
           6570       1.9482e+8 
           6590      2.20574e+8 
           6610      2.21018e+8 
           6630      2.19266e+8 
           6650      2.16902e+8 
           6670      2.12004e+8 
           6690      2.09711e+8 
           6710       2.0971e+8 
           6730      2.07201e+8 
           6750      2.05082e+8 
           6770      2.02812e+8 
           6790      2.00132e+8 
           6810      1.98267e+8 
           6830      1.96066e+8 
           6850      1.93959e+8 
           6870      1.91826e+8 
           6890      1.89635e+8 
           6910      1.87489e+8 
           6930      1.85608e+8 
           6950      1.83598e+8 
           6970      1.81607e+8 
           6990      1.79637e+8 
           7010      1.77701e+8 
           7030      1.75769e+8 
           7050      1.73894e+8 
           7070      1.69354e+8 
           7090      1.70206e+8 
           7110      1.68363e+8 
           7130       1.6659e+8 
           7150      1.64841e+8 
           7170      1.63087e+8 
           7190      1.61387e+8 
           7210      1.59688e+8 
           7230      1.57033e+8 
           7250      1.56268e+8 
           7270      1.54732e+8 
           7290        1.519e+8 
           7310      1.51521e+8 
           7330      1.49959e+8 
           7350      1.48419e+8 
           7370        1.469e+8 
           7390      1.45395e+8 
           7410      1.43905e+8 
           7430      1.42435e+8 
           7450      1.40999e+8 
           7470      1.39395e+8 
           7490      1.38128e+8 
           7510      1.36718e+8 
           7530      1.35355e+8 
           7550      1.34018e+8 
           7570      1.32673e+8 
           7590      1.31347e+8 
           7610      1.29974e+8 
           7630      1.28737e+8 
           7650       1.2746e+8 
           7670        1.262e+8 
           7690      1.24952e+8 
           7710      1.23715e+8 
           7730       1.2249e+8 
           7750      1.21307e+8 
           7770      1.20071e+8 
           7790      1.18953e+8 
           7810      1.17745e+8 
           7830      1.16647e+8 
           7850      1.15601e+8 
           7870       1.1443e+8 
           7890      1.13257e+8 
           7910      1.12288e+8 
           7930      1.11177e+8 
           7950      1.10136e+8 
           7970      1.09026e+8 
           7990      1.08021e+8 
           8010      1.06994e+8 
           8030      1.05936e+8 
           8050      1.04917e+8 
           8070       1.0394e+8 
           8090      1.02805e+8 
           8110      1.01726e+8 
           8130      1.01038e+8 
           8150      1.00021e+8 
           8170      9.91651e+7 
           8190       9.8024e+7 
           8210      9.69715e+7 
           8230      9.61614e+7 
           8250      9.54024e+7 
           8270      9.40767e+7 
           8290      9.36288e+7 
           8310      9.28241e+7 
           8330      9.19284e+7 
           8350      9.07589e+7 
           8370       9.0159e+7 
           8390      8.94728e+7 
           8410      8.86483e+7 
           8430        8.782e+7 
           8450      8.65237e+7 
           8470      8.62572e+7 
           8490      8.53233e+7 
           8510      8.46524e+7 
           8530       8.3738e+7 
           8550      8.29655e+7 
           8570      8.25479e+7 
           8590      8.05659e+7 
           8610      8.05527e+7 
           8630      8.06403e+7 
           8650      7.89135e+7 
           8670      7.70862e+7 
           8690       7.8468e+7 
           8710      7.83762e+7 
           8730      7.63023e+7 
           8750      7.26274e+7 
           8770      7.42754e+7 
           8790      7.58688e+7 
           8810      7.56217e+7 
           8830      7.44292e+7 
           8850      7.03604e+7 
           8870       6.7233e+7 
           8890       7.1669e+7 
           8910      7.25054e+7 
           8930      7.21951e+7 
           8950      7.17364e+7 
           8970      7.08035e+7 
           8990      6.84051e+7 
           9010      6.23985e+7 
           9030      6.42245e+7 
           9050      6.76254e+7 
           9070       6.7355e+7 
           9090      6.75513e+7 
           9110      6.72776e+7 
           9130      6.67527e+7 
           9150      6.61327e+7 
           9170      6.52666e+7 
           9190      6.42692e+7 
           9210      6.10102e+7 
           9230       5.5086e+7 
           9250      5.98982e+7 
           9270      6.19941e+7 
           9290      6.21599e+7 
           9310      6.16103e+7 
           9330      6.13942e+7 
           9350       6.0955e+7 
           9370      6.05449e+7 
           9390      6.00565e+7 
           9410      5.95505e+7 
           9430      5.90567e+7 
           9450      5.84697e+7 
           9470      5.75676e+7 
           9490      5.72331e+7 
           9510      5.57431e+7 
           9530      5.28006e+7 
           9550      4.78334e+7 
           9570      5.30471e+7 
           9590      5.45221e+7 
           9610      5.44462e+7 
           9630      5.40049e+7 
           9650      5.39956e+7 
           9670      5.36074e+7 
           9690      5.31337e+7 
           9710      5.25434e+7 
           9730      5.23357e+7 
           9750      5.19229e+7 
           9770      5.15133e+7 
           9790      5.11065e+7 
           9810      5.06907e+7 
           9830      5.03094e+7 
           9850      4.99032e+7 
           9870      4.95077e+7 
           9890      4.90997e+7 
           9910      4.85796e+7 
           9930      4.83688e+7 
           9950      4.79425e+7 
           9970      4.74622e+7 
           9990      4.69592e+7 
          10025      4.40716e+7 
          10075      4.26368e+7 
          10125      4.45063e+7 
          10175      4.40044e+7 
          10225      4.31644e+7 
          10275      4.23742e+7 
          10325      4.13956e+7 
          10375      4.08122e+7 
          10425      4.00577e+7 
          10475       3.9319e+7 
          10525      3.85962e+7 
          10575      3.78953e+7 
          10625       3.7209e+7 
          10675      3.64644e+7 
          10725      3.58798e+7 
          10775      3.52358e+7 
          10825      3.42327e+7 
          10875      3.37434e+7 
          10925       3.0357e+7 
          10975      3.16803e+7 
          11025      3.19483e+7 
          11075      3.16176e+7 
          11125      3.11179e+7 
          11175      3.05806e+7 
          11225      3.00395e+7 
          11275      2.95379e+7 
          11325      2.90253e+7 
          11375      2.85407e+7 
          11425      2.80548e+7 
          11475      2.75865e+7 
          11525      2.71244e+7 
          11575      2.66662e+7 
          11625      2.62244e+7 
          11675      2.57833e+7 
          11725      2.53671e+7 
          11775      2.49497e+7 
          11825      2.45411e+7 
          11875      2.41415e+7 
          11925      2.37492e+7 
          11975       2.3065e+7 
          12025      2.29888e+7 
          12075      2.26203e+7 
          12125      2.22585e+7 
          12175      2.19043e+7 
          12225      2.15571e+7 
          12275      2.12168e+7 
          12325      2.08831e+7 
          12375      2.05555e+7 
          12425      2.02352e+7 
          12475      1.99174e+7 
          12525      1.95664e+7 
          12575      1.93067e+7 
          12625      1.90102e+7 
          12675      1.87216e+7 
          12725      1.83833e+7 
          12775      1.77076e+7 
          12825      1.62311e+7 
          12875      1.73861e+7 
          12925       1.7308e+7 
          12975      1.69415e+7 
          13025      1.68297e+7 
          13075      1.65831e+7 
          13125      1.63378e+7 
          13175      1.60968e+7 
          13225      1.58605e+7 
          13275      1.56282e+7 
          13325      1.53993e+7 
          13375       1.5174e+7 
          13425      1.49433e+7 
          13475      1.47405e+7 
          13525      1.45267e+7 
          13575      1.43203e+7 
          13625      1.41115e+7 
          13675      1.39156e+7 
          13725      1.37154e+7 
          13775      1.35249e+7 
          13825      1.33346e+7 
          13875      1.31473e+7 
          13925      1.29606e+7 
          13975      1.27824e+7 
          14025      1.26041e+7 
          14075      1.24316e+7 
          14125      1.22597e+7 
          14175      1.20916e+7 
          14225      1.19263e+7 
          14275      1.17632e+7 
          14325      1.16034e+7 
          14375      1.14459e+7 
          14425      1.12917e+7 
          14475      1.11398e+7 
          14525      1.09902e+7 
          14570      1.08578e+7 
          14620      1.07105e+7 
          14675       1.0555e+7 
          14725       1.0416e+7 
          14775      1.02787e+7 
          14825      1.01447e+7 
          14875      1.00122e+7 
          14925      9.88218e+6 
          14975      9.75396e+6 
          15025      9.62742e+6 
          15075      9.48408e+6 
          15125       9.3818e+6 
          15175      9.26152e+6 
          15225      9.14325e+6 
          15275      9.02633e+6 
          15325      8.91154e+6 
          15375      8.79837e+6 
          15425      8.68427e+6 
          15475      8.57679e+6 
          15525      8.46677e+6 
          15575      8.35489e+6 
          15625      8.26246e+6 
          15675      8.14422e+6 
          15725      8.03645e+6 
          15775       7.9612e+6 
          15825      7.85651e+6 
          15875      7.70874e+6 
          15925      7.64941e+6 
          15975      7.58595e+6 
          16050      7.42091e+6 
          16150      7.20233e+6 
          16250      7.10838e+6 
          16350      6.87979e+6 
          16450      6.65605e+6 
          16550      6.62538e+6 
          16650      6.47768e+6 
          16750      6.23206e+6 
          16850      6.00889e+6 
          16950      6.02895e+6 
          17050      5.86784e+6 
          17150      5.77565e+6 
          17250       5.6218e+6 
          17350      5.27497e+6 
          17450      5.34137e+6 
          17550      5.27272e+6 
          17650      5.15811e+6 
          17750      5.04443e+6 
          17850      4.93261e+6 
          17950       4.8266e+6 
          18050      4.70701e+6 
          18150      4.40599e+6 
          18250      4.45138e+6 
          18350      4.42089e+6 
          18450      4.33092e+6 
          18550      4.23652e+6 
          18650      4.10173e+6 
          18750      3.84958e+6 
          18850      3.96532e+6 
          18950      3.89685e+6 
          19050      3.79936e+6 
          19150      3.73778e+6 
          19250      3.66316e+6 
          19350      3.56432e+6 
          19450      3.31576e+6 
          19550      3.41766e+6 
          19650      3.37749e+6 
          19750      3.31082e+6 
          19850      3.24543e+6 
          19950      3.18164e+6 
          20050      3.11943e+6 
          20150      3.05878e+6 
          20250      2.99951e+6 
          20350      2.94172e+6 
          20450      2.88438e+6 
          20550      2.82515e+6 
          20650      2.77638e+6 
          20750      2.72388e+6 
          20850      2.67259e+6 
          20950      2.62251e+6 
          21050       2.5735e+6 
          21150      2.51587e+6 
          21250      2.47915e+6 
          21350       2.4335e+6 
          21450      2.38802e+6 
          21550      2.33095e+6 
          21650      2.16728e+6 
          21750      2.23779e+6 
          21850      2.21751e+6 
          21950      2.18085e+6 
          22050      2.14198e+6 
          22150      2.10394e+6 
          22250      2.06651e+6 
          22350       2.0304e+6 
          22450      1.99487e+6 
          22550      1.96003e+6 
          22650      1.92601e+6 
          22750      1.89274e+6 
          22850      1.85998e+6 
          22950      1.82814e+6 
          23050      1.79664e+6 
          23150      1.76653e+6 
          23250      1.73666e+6 
          23350      1.70745e+6 
          23450       1.6788e+6 
          23550      1.65079e+6 
          23650      1.62339e+6 
          23750      1.59652e+6 
          23850      1.57018e+6 
          23950      1.54435e+6 
          24050      1.51909e+6 
          24150       1.4944e+6 
          24250      1.47012e+6 
          24350      1.44631e+6 
          24450      1.42297e+6 
          24550      1.40028e+6 
          24650      1.37778e+6 
          24750      1.35339e+6 
          24850       1.3344e+6 
          24950      1.31277e+6 
          25050      1.29271e+6 
          25150      1.27238e+6 
          25250      1.25121e+6 
          25350      1.23286e+6 
          25450      1.21435e+6 
          25550      1.19459e+6 
          25650      1.17396e+6 
          25750      1.15838e+6 
          25850       1.1416e+6 
          25950       1.1237e+6 
          26050      1.10304e+6 
          26150      1.07539e+6 
          26250      1.01265e+6 
          26350      1.04779e+6 
          26450      1.04134e+6 
          26550      1.02565e+6 
          26650      1.00842e+6 
          26750          985888 
          26850          978559 
          26950          968923 
          27050          955852 
          27150          941975 
          27250          928277 
          27350          914502 
          27450          897750 
          27550          871985 
          27650          865690 
          27750          861274 
          27850          851360 
          27950          839299 
          28050          827481 
          28150          815861 
          28250          804478 
          28350          793236 
          28450          782221 
          28550          769172 
          28650          751190 
          28750          728517 
          28850          735109 
          28950          729185 
          29050          719934 
          29150          710169 
          29250          700567 
          29350          691121 
          29450          681830 
          29550          672737 
          29650          663750 
          29750          654912 
          29850          646260 
          29950          637710 
          30050          629300 
          30150          620615 
          30250          609643 
          30350          586289 
          30450          583663 
          30550          586871 
          30650          581603 
          30750          574124 
          30850          566845 
          30950          559608 
          31050          552494 
          31150          545457 
          31250          538499 
          31350          531733 
          31450          525045 
          31550          518467 
          31650          511962 
          31750          505564 
          31850          499313 
          31950          493093 
          32100          483997 
          32300          472173 
          32500          460709 
          32700          449101 
          32900          425906 
          33100          423871 
          33300          417569 
          33500          408033 
          33700          398562 
          33900          389316 
          34100          380323 
          34300          371578 
          34500          363232 
          34700          355521 
          34900          347468 
          35100          339635 
          35300          332050 
          35500          324642 
          35700          317468 
          35900          310462 
          36100          303678 
          36300          297052 
          36500          290610 
          36700          284375 
          36900          277731 
          37100          271239 
          37300          261371 
          37500          254642 
          37700          254735 
          37900          250090 
          38100          244525 
          38300          239549 
          38500          234946 
          38700          230142 
          38900          225260 
          39100          220199 
          39300          216366 
          39500          212109 
          39700          207881 
          39900          203752 
          40100          198972 
          40300          194435 
          40500          185996 
          40700          187736 
          40900          184596 
          41100          181040 
          41300          177424 
          41500          173835 
          41700          169429 
          41900          167260 
          42100          164480 
          42300          161399 
          42500          158324 
          42700          155449 
          42900          152374 
          43100          149771 
          43300          147028 
          43500          144146 
          43700          140011 
          43900          138268 
          44100          136615 
          44300          134220 
          44500          131830 
          44700          129598 
          44900          127308 
          45100          125069 
          45300          122878 
          45500          120736 
          45700          118639 
          45900          116588 
          46100          114462 
          46300          112125 
          46500          106532 
          46700          106208 
          46900          106135 
          47100          104989 
          47300          103403 
          47500          101674 
          47700         99982.3 
          47900         98326.5 
          48100         96702.9 
          48300           95114 
          48500         93555.9 
          48700         92029.7 
          48900         90536.4 
          49100         89072.2 
          49300         87636.5 
          49500         86230.2 
          49700         84852.7 
          49900         83502.1 
          50100         82177.9 
          50300         80879.5 
          50500         79606.3 
          50700         78358.3 
          50900         77048.5 
          51100         75429.6 
          51300         72809.7 
          51500         73219.8 
          51700         72414.6 
          51900         71365.3 
          52100         70277.3 
          52300         69209.2 
          52500         68160.8 
          52700         67132.8 
          52900           66124 
          53100         65133.8 
          53300         64163.4 
          53500         63209.4 
          53700         62272.9 
          53900           61354 
          54100         60453.1 
          54300         59567.9 
          54500         58699.1 
          54700           57845 
          54900         57006.7 
          55100         56182.9 
          55300         55374.7 
          55500         54582.3 
          55700         53802.6 
          55900         53037.2 
          56100           52285 
          56300         51546.9 
          56500         50820.5 
          56700         50107.3 
          56900         49405.5 
          57100           48614 
          57300         48041.1 
          57500         47377.1 
          57700         46723.3 
          57900           46082 
          58100         45450.6 
          58300         44830.1 
          58500           44241 
          58700         43566.1 
          58900         42701.8 
          59100           41118 
          59300         41619.9 
          59500           41118 
          59700         40643.5 
          59900         40223.2 
          60100         39714.1 
          60300         39190.1 
          60500           38675 
          60700         38166.9 
          60900         37667.7 
          61100         37177.6 
          61300         36694.6 
          61500         36219.4 
          61700         35752.3 
          61900         35291.6 
          62100         34838.9 
          62300         34393.4 
          62500         33954.8 
          62700         33422.1 
          62900         32828.2 
          63100           32559 
          63300         32258.6 
          63500         31865.8 
          63700         31467.4 
          63900         31075.3 
          64200         30498.5 
          64600           29750 
          65000         29023.8 
          65400         28319.3 
          65800         27636.7 
          66200         26974.5 
          66600         26332.1 
          67000         25708.1 
          67400         25036.5 
          67800         24281.4 
          68200         23928.6 
          68600         23390.1 
          69000         22852.3 
          69400         22329.1 
          69800         21821.1 
          70200         21327.7 
          70600         20847.9 
          71000         20381.2 
          71400         19928.1 
          71800         19486.7 
          72200         19058.2 
          72600         18640.8 
          73000         18234.9 
          73400         17840.2 
          73800         17455.7 
          74200           17032 
          74600         16285.2 
          75000         15876.3 
          75400         15927.6 
          75800         15680.6 
          76200         15356.1 
          76600         15037.6 
          77000         14726.7 
          77400         14424.6 
          77800         14129.8 
          78200         13842.7 
          78600         13562.5 
          79000         13289.7 
          79400         13023.5 
          79800         12763.7 
          80200         12510.7 
          80600         12263.9 
          81000         12022.5 
          81400         11776.7 
          81800         11554.3 
          82200         11335.1 
          82600         11116.8 
          83000         10903.2 
          83400         10695.5 
          83800         10492.2 
          84200         10293.9 
          84600         10099.9 
          85000         9911.26 
          85400         9726.17 
          85800         9545.63 
          86200         9369.53 
          86600         9163.13 
          87000         9011.37 
          87400         8761.37 
          87800         8603.05 
          88200         8543.13 
          88600         8392.72 
          89000         8242.79 
          89400         8096.14 
          89800         7952.23 
          90200         7811.93 
          90600         7674.72 
          91000         7540.08 
          91400         7408.83 
          91800         7280.04 
          92200         7154.52 
          92600         7031.33 
          93000         6910.85 
          93400         6790.03 
          93800          6637.2 
          94200         6546.15 
          94600         6453.84 
          95000         6345.77 
          95400         6239.67 
          95800         6135.97 
          96200         6034.16 
          96600         5934.63 
          97000         5837.35 
          97400         5741.45 
          97800         5648.09 
          98200         5556.47 
          98600         5466.54 
          99000         5378.64 
          99400         5292.33 
          99800         5207.63 
         100200         5124.86 
         200000         319.072 
         400000          19.537 
         600000         3.80185 
         800000         1.18941 
         1.0e+6         0.48278 
         1.2e+6        0.231121 
         1.4e+6           0.124 
         1.6e+6       0.0723132 
