# Kurucz ODFNEW /NOVER models
# teff = 16000 K (value for the effective temperature for the model. Temperatures are given in K)
# logg = 4.50 log(cm/s2) (value for Log(G) for the model.)
# meta = -0.5  (value for the Metallicity for the model.)
# lh = 1.25  (l/Hp where l is the  mixing length of the convective element and Hp is the pressure scale height)
# vtur = 2.0 km/s (Microturbulence velocity)
#
# column 1: WAVELENGTH (ANGSTROM), Wavelength in Angstrom
# column 2: FLUX (ERG/CM2/S/A), Flux in erg/cm2/s/A
              0               0 
           90.9               0 
           93.5               0 
           96.1               0 
           97.7               0 
           99.6               0 
            102               0 
          103.8               0 
          105.6               0 
          107.7               0 
          110.4               0 
            114               0 
          117.8               0 
          121.3               0 
          124.8               0 
          127.1               0 
          128.4               0 
          130.5               0 
          132.4               0 
          133.9               0 
          136.6               0 
          139.8               0 
          143.3               0 
          147.2               0 
            151               0 
          155.2               0 
          158.8               0 
            162               0 
            166     2.80415e-22 
          170.3     2.13149e-21 
          173.4     8.42756e-21 
          176.8     3.59058e-20 
          180.2     1.44917e-19 
          181.7     2.63798e-19 
          186.1     1.44869e-18 
            191     8.80583e-18 
          193.9     2.44653e-17 
          198.4     1.12763e-16 
          201.8     3.43259e-16 
            205     9.48795e-16 
          210.5     5.03145e-15 
          216.2     2.59442e-14 
          219.8     6.99874e-14 
            223     1.64096e-13 
          226.8     4.38512e-13 
            230     9.65185e-13 
            234     2.65354e-12 
            240     1.07394e-11 
          246.5     4.51404e-11 
          252.4      1.5593e-10 
          256.8     3.78026e-10 
            260     7.08263e-10 
            264      1.51614e-9 
          268.5      3.46635e-9 
          273.5       8.4087e-9 
          278.5      1.97923e-8 
            284      4.89456e-8 
            290      1.26171e-7 
            296      3.12144e-7 
            301      6.46754e-7 
            308      1.71896e-6 
            318      6.44797e-6 
            328      2.22174e-5 
            338      7.10235e-5 
            348     0.000211923 
            357     0.000536709 
            366      0.00129694 
            375      0.00299402 
            385      0.00723318 
            395       0.0166597 
            405       0.0367668 
            414       0.0724311 
            422        0.128929 
            430        0.224143 
            441        0.464151 
            451        0.869716 
            460         1.49234 
            470         2.65007 
            480         4.58536 
            490         7.74799 
            500         12.7933 
            506         104.487 
            512         241.492 
            520         329.499 
            530          493.92 
            540         664.667 
            550         1005.13 
            560         1390.64 
            570         1927.71 
            580         2388.72 
            590         3442.19 
            600         4620.49 
            610         6130.97 
            620          7889.4 
            630           10217 
            640         12838.8 
            650         16389.8 
            658         19812.6 
            665         22977.4 
            675         28352.5 
            685         35022.4 
            695         43375.5 
            705         52743.4 
            716         64764.8 
            726         77965.5 
            735         91277.2 
            745          109199 
            755          129702 
            765          152289 
            775          179457 
            785          209730 
            795          242999 
            805          281578 
            815          323305 
            825          372366 
            835          421217 
            845          483143 
            855          547400 
            865          622273 
            875          701721 
            885          793698 
            895          889499 
            905          979008 
            915      2.05454e+6 
            925      7.35607e+6 
            935      1.34308e+7 
            945      5.55884e+7 
            955      3.32497e+8 
            965      5.18395e+8 
            975       1.0828e+8 
            985      1.48665e+9 
            995      1.90674e+9 
           1005      2.11583e+9 
           1015      1.12691e+9 
           1025      5.15562e+7 
           1035      6.80187e+8 
           1045      2.40733e+9 
           1055      2.80602e+9 
           1065      2.45065e+9 
           1075      2.87718e+9 
           1085      2.69943e+9 
           1095      2.88575e+9 
           1105      2.64088e+9 
           1115      2.64124e+9 
           1125      2.61786e+9 
           1135      2.90497e+9 
           1145       2.6229e+9 
           1155      2.72475e+9 
           1165      2.91036e+9 
           1175      2.60009e+9 
           1185      2.68632e+9 
           1195      1.38166e+9 
           1205      7.46987e+8 
           1215      7.06083e+7 
           1225      5.27077e+8 
           1235      2.01026e+9 
           1245      2.61714e+9 
           1255      2.68897e+9 
           1265      2.32087e+9 
           1275      2.68731e+9 
           1285      2.84437e+9 
           1295      2.32055e+9 
           1305       1.9316e+9 
           1315        2.664e+9 
           1325      2.61171e+9 
           1335      2.37636e+9 
           1345      2.65103e+9 
           1355      2.52443e+9 
           1365      2.35312e+9 
           1375      2.41087e+9 
           1385      2.44767e+9 
           1395      2.37302e+9 
           1405      2.41837e+9 
           1415      2.29776e+9 
           1425      2.32072e+9 
           1435      2.26745e+9 
           1442      2.35003e+9 
           1447      2.35037e+9 
           1455      2.30573e+9 
           1465      2.22311e+9 
           1475      2.16173e+9 
           1485      2.12246e+9 
           1495      2.14034e+9 
           1505      2.08189e+9 
           1512      1.98092e+9 
           1517      2.05956e+9 
           1525      2.00448e+9 
           1535      1.90218e+9 
           1545      1.98764e+9 
           1555       1.8654e+9 
           1565      1.79842e+9 
           1575      1.85235e+9 
           1585      1.88408e+9 
           1595      1.91192e+9 
           1605      1.81051e+9 
           1615      1.80795e+9 
           1625      1.71871e+9 
           1635      1.74806e+9 
           1645      1.73578e+9 
           1655      1.60718e+9 
           1665      1.72409e+9 
           1672      1.62385e+9 
           1677      1.66187e+9 
           1685      1.69681e+9 
           1695      1.63345e+9 
           1705      1.57015e+9 
           1715      1.51232e+9 
           1725      1.49091e+9 
           1735      1.53609e+9 
           1745      1.48711e+9 
           1755      1.53553e+9 
           1765      1.40571e+9 
           1775      1.48044e+9 
           1785      1.46756e+9 
           1795      1.49346e+9 
           1805      1.46748e+9 
           1815      1.42116e+9 
           1825      1.41604e+9 
           1835       1.3701e+9 
           1845      1.30958e+9 
           1855      1.27908e+9 
           1865      1.28305e+9 
           1875      1.33756e+9 
           1885      1.26997e+9 
           1895      1.22964e+9 
           1905      1.27365e+9 
           1915      1.22679e+9 
           1925      1.21194e+9 
           1935      1.21555e+9 
           1945      1.23355e+9 
           1955      1.17621e+9 
           1967      1.21867e+9 
           1976      1.22921e+9 
           1984      1.18285e+9 
           1995      1.14022e+9 
           2005      1.15417e+9 
           2015      1.11519e+9 
           2025      1.15225e+9 
           2035      1.11576e+9 
           2045      1.11442e+9 
           2055      1.06577e+9 
           2065      1.07677e+9 
           2074      1.08689e+9 
           2078       1.0711e+9 
           2085      1.08056e+9 
           2095      1.04032e+9 
           2105      1.04644e+9 
           2115       1.0364e+9 
           2125      1.04077e+9 
           2135      1.00137e+9 
           2145       1.0081e+9 
           2155      1.00834e+9 
           2165      9.75177e+8 
           2175      9.64477e+8 
           2185      9.49278e+8 
           2195        9.652e+8 
           2205      9.37016e+8 
           2215      9.09531e+8 
           2225      8.79612e+8 
           2235      9.17311e+8 
           2245      8.84415e+8 
           2255      8.61771e+8 
           2265       8.6622e+8 
           2275      8.74201e+8 
           2285      8.76884e+8 
           2295      8.48443e+8 
           2305      8.30392e+8 
           2315      8.13181e+8 
           2325       8.1087e+8 
           2335      7.84107e+8 
           2345      7.54623e+8 
           2355       7.7234e+8 
           2365      7.42721e+8 
           2375       7.5271e+8 
           2385      7.16408e+8 
           2395      7.45116e+8 
           2405      7.17829e+8 
           2415      7.21328e+8 
           2425      7.28205e+8 
           2435      6.98409e+8 
           2445      7.15395e+8 
           2455      7.03889e+8 
           2465      6.93912e+8 
           2475      6.78475e+8 
           2485      6.99626e+8 
           2495      6.79321e+8 
           2505      6.94142e+8 
           2513      6.72428e+8 
           2518      6.80337e+8 
           2525      6.50867e+8 
           2535      6.46445e+8 
           2545      6.37014e+8 
           2555      6.51773e+8 
           2565      6.42806e+8 
           2575      6.56291e+8 
           2585      6.53928e+8 
           2595       6.5013e+8 
           2605      6.32934e+8 
           2615      6.28047e+8 
           2625      6.24747e+8 
           2635      6.23922e+8 
           2645      6.39835e+8 
           2655       6.3246e+8 
           2665      6.15417e+8 
           2675      6.20301e+8 
           2685      6.13858e+8 
           2695      6.04022e+8 
           2705      6.00697e+8 
           2715      5.87797e+8 
           2725      5.82476e+8 
           2735      5.89806e+8 
           2745      5.60969e+8 
           2755      5.56358e+8 
           2765      5.62048e+8 
           2775      5.68035e+8 
           2785      5.63718e+8 
           2795      5.36883e+8 
           2805      5.49771e+8 
           2815      5.55285e+8 
           2825      5.47868e+8 
           2835      5.33933e+8 
           2845      5.24322e+8 
           2855      5.25137e+8 
           2865      5.29784e+8 
           2875      5.21183e+8 
           2885      5.20428e+8 
           2895      5.17649e+8 
           2910       5.1713e+8 
           2930      5.03645e+8 
           2950       4.9502e+8 
           2970      4.89528e+8 
           2990      4.81191e+8 
           3010      4.77935e+8 
           3030      4.71484e+8 
           3050      4.62889e+8 
           3070      4.55439e+8 
           3090      4.49719e+8 
           3110      4.41229e+8 
           3130      4.34762e+8 
           3150      4.28233e+8 
           3170      4.21796e+8 
           3190        4.116e+8 
           3210      4.08425e+8 
           3230      4.02696e+8 
           3250      3.97042e+8 
           3270       3.9185e+8 
           3290       3.8616e+8 
           3310      3.80955e+8 
           3330      3.75103e+8 
           3350      3.69027e+8 
           3370      3.63762e+8 
           3390        3.586e+8 
           3410      3.53725e+8 
           3430      3.48716e+8 
           3450       3.4367e+8 
           3470      3.38721e+8 
           3490      3.34014e+8 
           3510      3.29514e+8 
           3530      3.24975e+8 
           3550      3.20427e+8 
           3570      3.16077e+8 
           3590      3.11221e+8 
           3610      3.07233e+8 
           3630      3.02799e+8 
           3640      3.01139e+8 
           3650       2.9932e+8 
           3670      2.96095e+8 
           3690      2.90071e+8 
           3710      2.82108e+8 
           3730      2.70542e+8 
           3750      2.96643e+8 
           3770      3.03681e+8 
           3790      3.39932e+8 
           3810      3.71875e+8 
           3830      3.12426e+8 
           3850      3.92221e+8 
           3870      4.18462e+8 
           3890      2.83666e+8 
           3910      4.13372e+8 
           3930      4.20126e+8 
           3950      4.03449e+8 
           3970      2.67879e+8 
           3990       3.8404e+8 
           4010      3.99686e+8 
           4030      3.80883e+8 
           4050      3.92566e+8 
           4070       3.8094e+8 
           4090       3.2252e+8 
           4110      2.65998e+8 
           4130      3.54867e+8 
           4150      3.60009e+8 
           4170      3.57796e+8 
           4190      3.53833e+8 
           4210      3.48946e+8 
           4230      3.43445e+8 
           4250      3.37905e+8 
           4270      3.30656e+8 
           4290      3.26003e+8 
           4310      3.15723e+8 
           4330      2.60632e+8 
           4350      2.31185e+8 
           4370      2.99539e+8 
           4390      2.95663e+8 
           4410      2.98837e+8 
           4430      2.94072e+8 
           4450      2.91054e+8 
           4470      2.76652e+8 
           4490      2.80005e+8 
           4510      2.78638e+8 
           4530      2.74348e+8 
           4550      2.70212e+8 
           4570       2.6686e+8 
           4590      2.62841e+8 
           4610      2.59324e+8 
           4630      2.55209e+8 
           4650       2.5192e+8 
           4670      2.48333e+8 
           4690      2.44918e+8 
           4710       2.3892e+8 
           4730      2.37695e+8 
           4750      2.34145e+8 
           4770       2.3149e+8 
           4790      2.27689e+8 
           4810      2.23357e+8 
           4830       2.1665e+8 
           4850      1.84902e+8 
           4870      1.59305e+8 
           4890      2.05584e+8 
           4910      2.08117e+8 
           4930      2.03083e+8 
           4950      2.04428e+8 
           4970      2.02069e+8 
           4990      1.99273e+8 
           5010      1.94323e+8 
           5030      1.93704e+8 
           5050      1.89263e+8 
           5070      1.88945e+8 
           5090       1.8643e+8 
           5110      1.83834e+8 
           5130      1.81645e+8 
           5150      1.79058e+8 
           5170      1.76801e+8 
           5190       1.7463e+8 
           5210      1.71876e+8 
           5230      1.70096e+8 
           5250      1.68078e+8 
           5270      1.65733e+8 
           5290      1.63984e+8 
           5310      1.61763e+8 
           5330      1.59821e+8 
           5350      1.57708e+8 
           5370      1.55908e+8 
           5390      1.53962e+8 
           5410      1.51989e+8 
           5430       1.4999e+8 
           5450      1.48244e+8 
           5470      1.46356e+8 
           5490      1.44704e+8 
           5510      1.42886e+8 
           5530      1.41239e+8 
           5550      1.39526e+8 
           5570      1.37845e+8 
           5590      1.36186e+8 
           5610      1.34546e+8 
           5630       1.3301e+8 
           5650      1.31114e+8 
           5670      1.29628e+8 
           5690      1.28253e+8 
           5710       1.2679e+8 
           5730      1.25309e+8 
           5750      1.23835e+8 
           5770       1.2239e+8 
           5790      1.20928e+8 
           5810      1.19516e+8 
           5830      1.18155e+8 
           5850      1.16787e+8 
           5870      1.13292e+8 
           5890      1.13957e+8 
           5910      1.12799e+8 
           5930      1.11546e+8 
           5950      1.10074e+8 
           5970      1.08978e+8 
           5990      1.07632e+8 
           6010      1.06573e+8 
           6030       1.0536e+8 
           6050      1.04181e+8 
           6070      1.03004e+8 
           6090      1.01851e+8 
           6110      1.00743e+8 
           6130      9.96222e+7 
           6150      9.83757e+7 
           6170      9.74173e+7 
           6190      9.63641e+7 
           6210      9.53058e+7 
           6230      9.42299e+7 
           6250      9.30907e+7 
           6270       9.2218e+7 
           6290      9.12116e+7 
           6310      9.01971e+7 
           6330      8.92518e+7 
           6350      8.78077e+7 
           6370      8.70148e+7 
           6390      8.63999e+7 
           6410      8.54444e+7 
           6430      8.45912e+7 
           6450      8.36409e+7 
           6470      8.27799e+7 
           6490      8.16934e+7 
           6510      8.05656e+7 
           6530      7.88589e+7 
           6550      7.21112e+7 
           6570      6.20504e+7 
           6590      7.51289e+7 
           6610      7.62669e+7 
           6630       7.5864e+7 
           6650       7.5271e+7 
           6670      7.41818e+7 
           6690      7.34605e+7 
           6710      7.30609e+7 
           6730       7.2321e+7 
           6750      7.15889e+7 
           6770      7.08682e+7 
           6790      7.01367e+7 
           6810      6.94322e+7 
           6830       6.8716e+7 
           6850        6.804e+7 
           6870      6.73658e+7 
           6890      6.66942e+7 
           6910      6.60263e+7 
           6930       6.5335e+7 
           6950       6.4724e+7 
           6970      6.40902e+7 
           6990      6.34574e+7 
           7010      6.28212e+7 
           7030       6.2212e+7 
           7050       6.1542e+7 
           7070      6.05875e+7 
           7090      6.04148e+7 
           7110      5.98116e+7 
           7130      5.92378e+7 
           7150      5.86661e+7 
           7170      5.81082e+7 
           7190      5.75539e+7 
           7210      5.69992e+7 
           7230      5.63694e+7 
           7250      5.59041e+7 
           7270      5.53852e+7 
           7290       5.4728e+7 
           7310      5.43374e+7 
           7330      5.38238e+7 
           7350      5.33193e+7 
           7370      5.28174e+7 
           7390      5.23222e+7 
           7410      5.18323e+7 
           7430      5.13257e+7 
           7450      5.08604e+7 
           7470      5.03711e+7 
           7490      4.99157e+7 
           7510      4.94553e+7 
           7530      4.90095e+7 
           7550      4.85583e+7 
           7570      4.81143e+7 
           7590      4.76718e+7 
           7610      4.72401e+7 
           7630      4.68078e+7 
           7650      4.63806e+7 
           7670      4.59603e+7 
           7690      4.55439e+7 
           7710      4.51323e+7 
           7730      4.47263e+7 
           7750       4.4324e+7 
           7770      4.36486e+7 
           7790      4.35335e+7 
           7810      4.31476e+7 
           7830      4.27642e+7 
           7850      4.23355e+7 
           7870      4.19437e+7 
           7890      4.15273e+7 
           7910        4.127e+7 
           7930        4.091e+7 
           7950      4.05059e+7 
           7970      4.01932e+7 
           7990      3.97597e+7 
           8010      3.94962e+7 
           8030      3.91523e+7 
           8050      3.88099e+7 
           8070      3.84754e+7 
           8090      3.81387e+7 
           8110      3.78077e+7 
           8130      3.74846e+7 
           8150      3.71635e+7 
           8170      3.68478e+7 
           8190      3.65216e+7 
           8210      3.61802e+7 
           8230      3.58633e+7 
           8250      3.56318e+7 
           8270      3.53332e+7 
           8290      3.50427e+7 
           8310      3.47762e+7 
           8330      3.44899e+7 
           8350      3.41919e+7 
           8370      3.39206e+7 
           8390       3.3652e+7 
           8410       3.3348e+7 
           8430       3.3041e+7 
           8450      3.26393e+7 
           8470      3.23593e+7 
           8490      3.21752e+7 
           8510      3.16287e+7 
           8530      3.17183e+7 
           8550      3.05749e+7 
           8570      3.14902e+7 
           8590      3.01846e+7 
           8610      2.97696e+7 
           8630      3.11472e+7 
           8650      3.00866e+7 
           8670      2.74601e+7 
           8690       3.0291e+7 
           8710      3.08468e+7 
           8730      2.97522e+7 
           8750      2.57503e+7 
           8770      2.84753e+7 
           8790      3.02041e+7 
           8810      3.03252e+7 
           8830      2.96455e+7 
           8850      2.70028e+7 
           8870       2.4328e+7 
           8890      2.81708e+7 
           8910      2.91483e+7 
           8930      2.91799e+7 
           8950      2.90012e+7 
           8970      2.85284e+7 
           8990      2.72698e+7 
           9010      2.32614e+7 
           9030      2.44992e+7 
           9050       2.7069e+7 
           9070       2.7437e+7 
           9090      2.74405e+7 
           9110      2.73451e+7 
           9130      2.71354e+7 
           9150      2.69031e+7 
           9170       2.6548e+7 
           9190       2.5962e+7 
           9210      2.43273e+7 
           9230      2.05808e+7 
           9250      2.35265e+7 
           9270      2.49178e+7 
           9290      2.53139e+7 
           9310      2.52457e+7 
           9330      2.51194e+7 
           9350      2.49543e+7 
           9370      2.47977e+7 
           9390      2.46144e+7 
           9410      2.43091e+7 
           9430      2.41896e+7 
           9450      2.39818e+7 
           9470      2.37076e+7 
           9490      2.34237e+7 
           9510      2.28062e+7 
           9530      2.11472e+7 
           9550      1.82837e+7 
           9570      2.12077e+7 
           9590      2.22545e+7 
           9610      2.23973e+7 
           9630      2.22556e+7 
           9650      2.22282e+7 
           9670      2.20912e+7 
           9690      2.19484e+7 
           9710      2.17793e+7 
           9730      2.16298e+7 
           9750      2.14647e+7 
           9770       2.1309e+7 
           9790      2.11497e+7 
           9810      2.09911e+7 
           9830      2.08301e+7 
           9850      2.06797e+7 
           9870      2.05244e+7 
           9890      2.03648e+7 
           9910      2.02133e+7 
           9930      2.00494e+7 
           9950      1.98661e+7 
           9970      1.96774e+7 
           9990      1.94363e+7 
          10025       1.7948e+7 
          10075      1.72013e+7 
          10125      1.85191e+7 
          10175      1.83299e+7 
          10225      1.80307e+7 
          10275      1.77115e+7 
          10325      1.73803e+7 
          10375      1.70921e+7 
          10425      1.67937e+7 
          10475      1.64991e+7 
          10525      1.62104e+7 
          10575      1.59325e+7 
          10625      1.56595e+7 
          10675      1.53663e+7 
          10725      1.51241e+7 
          10775      1.48679e+7 
          10825      1.44975e+7 
          10875      1.41976e+7 
          10925      1.24916e+7 
          10975      1.31869e+7 
          11025      1.35616e+7 
          11075      1.34182e+7 
          11125      1.32163e+7 
          11175      1.29994e+7 
          11225      1.27866e+7 
          11275      1.25567e+7 
          11325      1.23618e+7 
          11375      1.21745e+7 
          11425      1.19787e+7 
          11475      1.17875e+7 
          11525      1.15992e+7 
          11575      1.14149e+7 
          11625      1.12297e+7 
          11675       1.1053e+7 
          11725      1.08822e+7 
          11775      1.07006e+7 
          11825      1.05453e+7 
          11875        1.038e+7 
          11925      1.02222e+7 
          11975      1.00456e+7 
          12025      9.91036e+6 
          12075      9.75896e+6 
          12125      9.60997e+6 
          12175       9.4646e+6 
          12225      9.32154e+6 
          12275      9.18099e+6 
          12325      9.04342e+6 
          12375      8.90851e+6 
          12425      8.77642e+6 
          12475      8.64281e+6 
          12525      8.51605e+6 
          12575       8.3908e+6 
          12625      8.26918e+6 
          12675       8.1405e+6 
          12725      7.99034e+6 
          12775      7.69546e+6 
          12825      6.90608e+6 
          12875      7.53708e+6 
          12925      7.54632e+6 
          12975      7.45536e+6 
          13025      7.36338e+6 
          13075       7.2589e+6 
          13125      7.15647e+6 
          13175      7.05364e+6 
          13225      6.95668e+6 
          13275      6.85946e+6 
          13325      6.76395e+6 
          13375      6.66987e+6 
          13425      6.57703e+6 
          13475      6.48682e+6 
          13525      6.39754e+6 
          13575      6.31024e+6 
          13625      6.22402e+6 
          13675      6.13891e+6 
          13725      6.05587e+6 
          13775      5.97465e+6 
          13825      5.89425e+6 
          13875      5.81525e+6 
          13925      5.73743e+6 
          13975      5.66116e+6 
          14025        5.586e+6 
          14075      5.51198e+6 
          14125       5.4394e+6 
          14175       5.3679e+6 
          14225      5.29766e+6 
          14275      5.22865e+6 
          14325      5.16045e+6 
          14375      5.09362e+6 
          14425      5.02614e+6 
          14475      4.96252e+6 
          14525      4.89879e+6 
          14570      4.84282e+6 
          14620      4.78208e+6 
          14675      4.71622e+6 
          14725      4.65716e+6 
          14775      4.59858e+6 
          14825      4.54174e+6 
          14875      4.48537e+6 
          14925      4.43018e+6 
          14975      4.37526e+6 
          15025      4.32151e+6 
          15075      4.26701e+6 
          15125      4.21547e+6 
          15175       4.1637e+6 
          15225      4.11234e+6 
          15275      4.06042e+6 
          15325      4.00894e+6 
          15375      3.96251e+6 
          15425      3.90615e+6 
          15475      3.86537e+6 
          15525      3.81519e+6 
          15575      3.75193e+6 
          15625      3.73937e+6 
          15675       3.6631e+6 
          15725      3.60252e+6 
          15775      3.61529e+6 
          15825       3.5651e+6 
          15875      3.42234e+6 
          15925      3.45571e+6 
          15975       3.4629e+6 
          16050      3.36874e+6 
          16150      3.23053e+6 
          16250      3.26636e+6 
          16350      3.13097e+6 
          16450      2.99084e+6 
          16550      3.05755e+6 
          16650      2.99199e+6 
          16750      2.85029e+6 
          16850      2.71771e+6 
          16950      2.79352e+6 
          17050      2.73843e+6 
          17150      2.68136e+6 
          17250      2.60706e+6 
          17350      2.39262e+6 
          17450      2.47378e+6 
          17550      2.45411e+6 
          17650      2.40449e+6 
          17750       2.3532e+6 
          17850       2.3035e+6 
          17950       2.2551e+6 
          18050      2.19573e+6 
          18150      2.02533e+6 
          18250      2.07061e+6 
          18350      2.06925e+6 
          18450      2.03072e+6 
          18550       1.9883e+6 
          18650      1.93422e+6 
          18750      1.78794e+6 
          18850      1.85692e+6 
          18950      1.83297e+6 
          19050      1.79634e+6 
          19150       1.7617e+6 
          19250      1.72535e+6 
          19350      1.67687e+6 
          19450      1.54465e+6 
          19550      1.61169e+6 
          19650      1.59533e+6 
          19750      1.56569e+6 
          19850      1.53581e+6 
          19950      1.50653e+6 
          20050      1.47796e+6 
          20150      1.45015e+6 
          20250       1.4229e+6 
          20350      1.39631e+6 
          20450      1.37035e+6 
          20550      1.34437e+6 
          20650      1.32017e+6 
          20750      1.29592e+6 
          20850      1.27234e+6 
          20950      1.24915e+6 
          21050       1.2266e+6 
          21150      1.20399e+6 
          21250      1.18284e+6 
          21350      1.16171e+6 
          21450      1.14009e+6 
          21550      1.11193e+6 
          21650       1.0287e+6 
          21750      1.06745e+6 
          21850      1.06133e+6 
          21950      1.04449e+6 
          22050      1.02651e+6 
          22150      1.00882e+6 
          22250          991474 
          22350          974553 
          22450          958041 
          22550          941783 
          22650          925924 
          22750          910377 
          22850          895282 
          22950          880416 
          23050          865846 
          23150          851632 
          23250          837701 
          23350          824046 
          23450          810663 
          23550          797544 
          23650          784683 
          23750          772077 
          23850          759722 
          23950          747613 
          24050          735676 
          24150          723978 
          24250          712637 
          24350          701394 
          24450          690248 
          24550          679636 
          24650          668741 
          24750          658302 
          24850          648685 
          24950          637140 
          25050          629001 
          25150          619425 
          25250          606963 
          25350          600427 
          25450          592519 
          25550          582059 
          25650          568580 
          25750          565310 
          25850          558321 
          25950          549657 
          26050          537336 
          26150          520754 
          26250          493476 
          26350          512213 
          26450          510657 
          26550          503723 
          26650          493575 
          26750          474428 
          26850          479365 
          26950          476049 
          27050          470563 
          27150          464064 
          27250          457498 
          27350          450294 
          27450          441555 
          27550          421202 
          27650          422803 
          27750          424566 
          27850          420384 
          27950          414661 
          28050          408962 
          28150          403356 
          28250          397846 
          28350          392407 
          28450          387071 
          28550          380395 
          28650          369542 
          28750          353521 
          28850          363286 
          28950          361109 
          29050          356984 
          29150          352256 
          29250          347606 
          29350          343029 
          29450          338526 
          29550          334104 
          29650          329751 
          29750          325464 
          29850          321249 
          29950          317099 
          30050          313016 
          30150          308633 
          30250          302970 
          30350          288032 
          30450          288227 
          30550          292007 
          30650          289683 
          30750          286216 
          30850          282591 
          30950          279096 
          31050          275617 
          31150          272192 
          31250          268817 
          31350          265503 
          31450          262229 
          31550          259014 
          31650          255841 
          31750          252723 
          31850          249649 
          31950          246623 
          32100          242167 
          32300          236382 
          32500          230768 
          32700          224962 
          32900          211982 
          33100          212127 
          33300          209464 
          33500          204802 
          33700          200150 
          33900          195615 
          34100          191195 
          34300          186900 
          34500          182723 
          34700          178661 
          34900          174708 
          35100          170867 
          35300          167128 
          35500          163489 
          35700          159942 
          35900          156511 
          36100          153131 
          36300          149890 
          36500          146657 
          36700          143622 
          36900          140448 
          37100          137482 
          37300          132237 
          37500          128532 
          37700          129162 
          37900          126706 
          38100          123856 
          38300          121392 
          38500          119245 
          38700          116879 
          38900          114358 
          39100          111518 
          39300          109978 
          39500          108090 
          39700          106019 
          39900          103754 
          40100          101053 
          40300         98786.4 
          40500           94747 
          40700         95737.5 
          40900         94344.1 
          41100         92558.5 
          41300           90805 
          41500         88750.6 
          41700         85665.4 
          41900         85420.5 
          42100         84232.4 
          42300           82684 
          42500         81167.3 
          42700         79687.5 
          42900           78232 
          43100         76824.2 
          43300           75441 
          43500         73912.6 
          43700         71061.6 
          43900           70707 
          44100         70148.4 
          44300         68975.1 
          44500         67766.9 
          44700         66624.4 
          44900         65415.3 
          45100         64286.6 
          45300         63176.8 
          45500         62091.2 
          45700         61025.8 
          45900         59976.5 
          46100         58921.8 
          46300         57751.4 
          46500         54790.4 
          46700           54177 
          46900         54683.6 
          47100         54133.5 
          47300         53296.2 
          47500         52485.9 
          47700         51674.3 
          47900         50834.6 
          48100           50009 
          48300         49198.3 
          48500           48406 
          48700           47628 
          48900         46867.5 
          49100         46119.2 
          49300         45387.7 
          49500         44671.2 
          49700         43967.6 
          49900         43276.8 
          50100         42600.5 
          50300         41934.7 
          50500         41288.6 
          50700         40608.7 
          50900         39903.6 
          51100         39071.1 
          51300         37381.1 
          51500         37957.9 
          51700           37528 
          51900         37042.1 
          52100         36515.3 
          52300         35968.2 
          52500         35400.7 
          52700         34846.4 
          52900         34386.8 
          53100         33879.5 
          53300         33381.9 
          53500           32892 
          53700         32341.6 
          53900         31872.4 
          54100         31477.6 
          54300         31022.8 
          54500         30577.3 
          54700         30138.7 
          54900         29707.1 
          55100         29218.9 
          55300         28746.7 
          55500         28443.3 
          55700         28059.7 
          55900         27666.3 
          56100         27279.1 
          56300           26899 
          56500         26524.8 
          56700         26157.6 
          56900         25745.9 
          57100           25262 
          57300         25022.9 
          57500         24751.1 
          57700         24414.6 
          57900         24083.3 
          58100         23757.1 
          58300           23437 
          58500         23107.4 
          58700         22765.5 
          58900         22309.3 
          59100         21329.1 
          59300         21747.9 
          59500         21379.5 
          59700         21195.3 
          59900         21021.4 
          60100           20790 
          60300         20535.2 
          60500           20269 
          60700         20005.8 
          60900         19747.6 
          61100         19493.4 
          61300         19243.1 
          61500         18997.6 
          61700         18754.9 
          61900         18516.9 
          62100         18282.6 
          62300         18050.8 
          62500         17790.8 
          62700         17501.2 
          62900         17030.1 
          63100         17037.8 
          63300         16910.5 
          63500         16739.7 
          63700         16532.7 
          63900         16329.7 
          64200         16029.3 
          64600           15641 
          65000         15263.6 
          65400         14897.8 
          65800         14542.3 
          66200         14197.8 
          66600         13863.8 
          67000         13538.4 
          67400           13161 
          67800           12684 
          68200         12598.9 
          68600         12331.5 
          69000         12050.5 
          69400         11778.2 
          69800         11512.9 
          70200         11255.2 
          70600         11004.8 
          71000         10761.6 
          71400         10524.6 
          71800         10294.4 
          72200         10070.1 
          72600         9850.76 
          73000         9639.89 
          73400            9433 
          73800         9231.42 
          74200          9004.9 
          74600         8593.82 
          75000         8339.63 
          75400         8418.38 
          75800         8293.04 
          76200         8132.89 
          76600            7966 
          77000         7802.76 
          77400         7639.94 
          77800         7462.61 
          78200         7334.72 
          78600         7191.96 
          79000         7048.69 
          79400         6909.11 
          79800         6772.58 
          80200         6639.59 
          80600         6510.05 
          81000         6383.33 
          81400         6229.78 
          81800         6122.27 
          82200         6021.57 
          82600         5907.08 
          83000         5794.51 
          83400         5685.44 
          83800         5578.18 
          84200         5473.76 
          84600         5371.59 
          85000         5272.15 
          85400         5174.84 
          85800         5079.62 
          86200         4978.98 
          86600         4848.75 
          87000         4788.55 
          87400         4642.92 
          87800          4559.9 
          88200          4548.6 
          88600         4471.46 
          89000         4392.17 
          89400         4314.61 
          89800         4238.77 
          90200         4164.57 
          90600         4091.99 
          91000         4020.97 
          91400          3951.5 
          91800         3883.51 
          92200         3816.96 
          92600         3751.84 
          93000         3688.11 
          93400         3618.88 
          93800         3513.63 
          94200         3482.63 
          94600         3444.23 
          95000         3388.97 
          95400         3332.82 
          95800         3277.87 
          96200            3224 
          96600         3171.23 
          97000         3119.55 
          97400         3068.92 
          97800         3019.24 
          98200          2970.6 
          98600         2922.95 
          99000         2876.27 
          99400         2830.52 
          99800         2785.64 
         100200         2741.64 
         200000          173.24 
         400000         10.6984 
         600000         2.09096 
         800000        0.656276 
         1.0e+6        0.267139 
         1.2e+6        0.128198 
         1.4e+6       0.0689262 
         1.6e+6        0.040269 
