# Kurucz ODFNEW /NOVER models
# teff = 15000 K (value for the effective temperature for the model. Temperatures are given in K)
# logg = 4.50 log(cm/s2) (value for Log(G) for the model.)
# meta = -0.5  (value for the Metallicity for the model.)
# lh = 1.25  (l/Hp where l is the  mixing length of the convective element and Hp is the pressure scale height)
# vtur = 2.0 km/s (Microturbulence velocity)
#
# column 1: WAVELENGTH (ANGSTROM), Wavelength in Angstrom
# column 2: FLUX (ERG/CM2/S/A), Flux in erg/cm2/s/A
              0               0 
           90.9               0 
           93.5               0 
           96.1               0 
           97.7               0 
           99.6               0 
            102               0 
          103.8               0 
          105.6               0 
          107.7               0 
          110.4               0 
            114               0 
          117.8               0 
          121.3               0 
          124.8               0 
          127.1               0 
          128.4               0 
          130.5               0 
          132.4               0 
          133.9               0 
          136.6               0 
          139.8               0 
          143.3               0 
          147.2               0 
            151               0 
          155.2               0 
          158.8               0 
            162               0 
            166               0 
          170.3               0 
          173.4               0 
          176.8     2.21676e-22 
          180.2     1.01301e-21 
          181.7     1.91749e-21 
          186.1     1.17012e-20 
            191     7.93374e-20 
          193.9     2.34773e-19 
          198.4     1.19242e-18 
          201.8     3.90273e-18 
            205     1.15381e-17 
          210.5     6.84504e-17 
          216.2     3.94974e-16 
          219.8     1.14161e-15 
            223     2.84178e-15 
          226.8      8.1391e-15 
            230     1.91249e-14 
            234      5.4698e-14 
            240     2.44358e-13 
          246.5     1.13933e-12 
          252.4     4.30487e-12 
          256.8     1.11449e-11 
            260     2.18225e-11 
            264     4.93728e-11 
          268.5     1.19929e-10 
          273.5      3.1048e-10 
          278.5     7.77871e-10 
            284      2.05516e-9 
            290      5.67828e-9 
            296      1.50213e-8 
            301      3.28321e-8 
            308       9.3829e-8 
            318      3.87407e-7 
            328      1.46264e-6 
            338      5.09084e-6 
            348       1.6453e-5 
            357      4.46169e-5 
            366     0.000114999 
            375     0.000282337 
            385     0.000727791 
            395      0.00178271 
            405      0.00417074 
            414      0.00863663 
            422       0.0160403 
            430       0.0290524 
            441       0.0634712 
            451        0.124587 
            460        0.222549 
            470        0.412424 
            480        0.743356 
            490         1.30608 
            500         2.23898 
            506          15.148 
            512         32.4286 
            520         45.2911 
            530          69.256 
            540         97.2922 
            550         148.924 
            560         212.367 
            570         302.311 
            580         393.091 
            590         573.125 
            600         785.285 
            610         1067.32 
            620         1411.95 
            630         1872.83 
            640         2420.97 
            650         3165.42 
            658         3884.47 
            665         4590.87 
            675         5807.07 
            685         7328.28 
            695         9249.32 
            705         11491.6 
            716         14449.5 
            726         17767.4 
            735         21173.2 
            745         25780.8 
            755         31168.2 
            765         37307.7 
            775         44702.1 
            785         53150.8 
            795         62688.4 
            805         73878.2 
            815         86374.7 
            825          100943 
            835          116257 
            845          135396 
            855          155737 
            865          179533 
            875          205246 
            885          235035 
            895          267085 
            905          299245 
            915          781112 
            925      3.05746e+6 
            935      5.16902e+6 
            945      1.72228e+7 
            955      1.24755e+8 
            965      1.99845e+8 
            975      3.98952e+7 
            985      7.34764e+8 
            995      1.06916e+9 
           1005      1.17309e+9 
           1015      5.28771e+8 
           1025      1.95317e+7 
           1035      3.16074e+8 
           1045      1.34761e+9 
           1055      1.71904e+9 
           1065      1.53359e+9 
           1075      1.80922e+9 
           1085      1.73535e+9 
           1095      1.83347e+9 
           1105       1.7042e+9 
           1115      1.75589e+9 
           1125      1.77297e+9 
           1135      1.94728e+9 
           1145      1.76916e+9 
           1155      1.83911e+9 
           1165      1.97688e+9 
           1175      1.80569e+9 
           1185      1.74652e+9 
           1195      7.40679e+8 
           1205      3.76491e+8 
           1215      3.22289e+7 
           1225      2.35235e+8 
           1235      1.20121e+9 
           1245      1.74618e+9 
           1255       1.8626e+9 
           1265      1.57651e+9 
           1275      1.89391e+9 
           1285      2.04529e+9 
           1295      1.69953e+9 
           1305      1.35771e+9 
           1315      1.90585e+9 
           1325      1.89371e+9 
           1335      1.73187e+9 
           1345      1.93975e+9 
           1355      1.83516e+9 
           1365      1.70297e+9 
           1375      1.76638e+9 
           1385       1.7938e+9 
           1395      1.76178e+9 
           1405       1.7866e+9 
           1415      1.68762e+9 
           1425      1.70879e+9 
           1435      1.65387e+9 
           1442       1.7311e+9 
           1447      1.74408e+9 
           1455      1.71432e+9 
           1465      1.65232e+9 
           1475      1.59792e+9 
           1485      1.57905e+9 
           1495      1.60138e+9 
           1505       1.5671e+9 
           1512      1.49872e+9 
           1517      1.56208e+9 
           1525      1.50368e+9 
           1535      1.43518e+9 
           1545      1.50972e+9 
           1555      1.41141e+9 
           1565      1.34651e+9 
           1575      1.38451e+9 
           1585       1.4218e+9 
           1595      1.44604e+9 
           1605      1.36388e+9 
           1615      1.36511e+9 
           1625      1.28911e+9 
           1635      1.31289e+9 
           1645      1.30759e+9 
           1655      1.20173e+9 
           1665      1.29456e+9 
           1672      1.20507e+9 
           1677      1.24572e+9 
           1685      1.28126e+9 
           1695      1.23053e+9 
           1705       1.1843e+9 
           1715       1.1419e+9 
           1725      1.12508e+9 
           1735      1.16143e+9 
           1745      1.12699e+9 
           1755       1.1681e+9 
           1765       1.0657e+9 
           1775      1.13152e+9 
           1785      1.12013e+9 
           1795      1.14329e+9 
           1805       1.1201e+9 
           1815      1.09107e+9 
           1825       1.0794e+9 
           1835       1.0451e+9 
           1845      1.00291e+9 
           1855      9.84725e+8 
           1865      9.86182e+8 
           1875      1.02754e+9 
           1885      9.83931e+8 
           1895      9.56548e+8 
           1905      9.83799e+8 
           1915      9.51784e+8 
           1925       9.4312e+8 
           1935      9.41891e+8 
           1945      9.56458e+8 
           1955      9.17641e+8 
           1967      9.47275e+8 
           1976      9.51143e+8 
           1984      9.20306e+8 
           1995      8.85992e+8 
           2005      8.95864e+8 
           2015      8.60269e+8 
           2025       8.8973e+8 
           2035      8.66769e+8 
           2045      8.67437e+8 
           2055      8.28659e+8 
           2065      8.34754e+8 
           2074      8.41257e+8 
           2078      8.34967e+8 
           2085      8.42108e+8 
           2095      8.11127e+8 
           2105      8.14026e+8 
           2115      8.06472e+8 
           2125      8.07443e+8 
           2135      7.71357e+8 
           2145      7.86275e+8 
           2155      7.84608e+8 
           2165      7.56197e+8 
           2175      7.47841e+8 
           2185      7.35655e+8 
           2195        7.519e+8 
           2205      7.28879e+8 
           2215      7.04212e+8 
           2225      6.80487e+8 
           2235      7.15206e+8 
           2245       6.8383e+8 
           2255      6.67221e+8 
           2265      6.70132e+8 
           2275      6.81374e+8 
           2285      6.84147e+8 
           2295      6.60617e+8 
           2305      6.44976e+8 
           2315      6.30574e+8 
           2325      6.29984e+8 
           2335      6.08762e+8 
           2345       5.8366e+8 
           2355      6.00883e+8 
           2365      5.75056e+8 
           2375      5.84382e+8 
           2385      5.52416e+8 
           2395      5.79055e+8 
           2405      5.55962e+8 
           2415       5.6021e+8 
           2425      5.67231e+8 
           2435      5.42849e+8 
           2445       5.5997e+8 
           2455      5.48248e+8 
           2465        5.424e+8 
           2475      5.28228e+8 
           2485      5.48659e+8 
           2495      5.32407e+8 
           2505      5.46573e+8 
           2513      5.28291e+8 
           2518       5.3468e+8 
           2525      5.08976e+8 
           2535      5.06697e+8 
           2545      4.99071e+8 
           2555      5.12363e+8 
           2565      5.05381e+8 
           2575      5.18923e+8 
           2585        5.168e+8 
           2595      5.14867e+8 
           2605      4.99208e+8 
           2615      4.95419e+8 
           2625      4.94154e+8 
           2635       4.9446e+8 
           2645      5.09608e+8 
           2655      5.03423e+8 
           2665       4.8826e+8 
           2675      4.93623e+8 
           2685      4.88878e+8 
           2695      4.80552e+8 
           2705      4.78442e+8 
           2715      4.67227e+8 
           2725      4.64097e+8 
           2735      4.71855e+8 
           2745      4.45522e+8 
           2755      4.41666e+8 
           2765      4.47992e+8 
           2775      4.54081e+8 
           2785      4.51287e+8 
           2795      4.26701e+8 
           2805       4.3898e+8 
           2815      4.45941e+8 
           2825      4.40437e+8 
           2835      4.29069e+8 
           2845      4.19308e+8 
           2855      4.19838e+8 
           2865      4.24815e+8 
           2875      4.17854e+8 
           2885      4.18438e+8 
           2895      4.16007e+8 
           2910      4.18118e+8 
           2930      4.06716e+8 
           2950      4.00565e+8 
           2970      3.96143e+8 
           2990      3.90111e+8 
           3010      3.88381e+8 
           3030      3.83554e+8 
           3050      3.76629e+8 
           3070      3.70873e+8 
           3090      3.66898e+8 
           3110       3.5988e+8 
           3130      3.54726e+8 
           3150      3.49999e+8 
           3170       3.4498e+8 
           3190      3.36607e+8 
           3210      3.34532e+8 
           3230      3.30042e+8 
           3250      3.25787e+8 
           3270      3.21959e+8 
           3290      3.17636e+8 
           3310      3.13691e+8 
           3330      3.08996e+8 
           3350      3.04065e+8 
           3370      2.99927e+8 
           3390      2.95881e+8 
           3410      2.92268e+8 
           3430      2.88255e+8 
           3450      2.84517e+8 
           3470      2.80427e+8 
           3490      2.76817e+8 
           3510      2.73412e+8 
           3530      2.69887e+8 
           3550      2.66331e+8 
           3570      2.62791e+8 
           3590      2.59073e+8 
           3610      2.55875e+8 
           3630      2.52394e+8 
           3640       2.5097e+8 
           3650      2.50105e+8 
           3670      2.47543e+8 
           3690      2.42308e+8 
           3710      2.36065e+8 
           3730      2.26958e+8 
           3750       2.5245e+8 
           3770      2.59697e+8 
           3790      2.93876e+8 
           3810       3.2451e+8 
           3830      2.71384e+8 
           3850      3.43271e+8 
           3870      3.69638e+8 
           3890      2.43944e+8 
           3910      3.64775e+8 
           3930      3.73245e+8 
           3950      3.56582e+8 
           3970       2.3087e+8 
           3990      3.39245e+8 
           4010      3.55902e+8 
           4030      3.41937e+8 
           4050      3.49411e+8 
           4070       3.3864e+8 
           4090      2.83199e+8 
           4110      2.31296e+8 
           4130      3.15598e+8 
           4150      3.21333e+8 
           4170      3.19189e+8 
           4190      3.15463e+8 
           4210      3.11284e+8 
           4230       3.0643e+8 
           4250      3.01405e+8 
           4270      2.95448e+8 
           4290      2.90939e+8 
           4310      2.81228e+8 
           4330      2.29086e+8 
           4350      2.02038e+8 
           4370      2.66871e+8 
           4390      2.65246e+8 
           4410      2.67146e+8 
           4430      2.63031e+8 
           4450      2.60406e+8 
           4470      2.49351e+8 
           4490      2.50442e+8 
           4510        2.493e+8 
           4530      2.45562e+8 
           4550      2.41751e+8 
           4570      2.38991e+8 
           4590      2.35303e+8 
           4610      2.32362e+8 
           4630      2.28602e+8 
           4650      2.25838e+8 
           4670      2.22595e+8 
           4690      2.19536e+8 
           4710      2.14585e+8 
           4730      2.13296e+8 
           4750      2.10167e+8 
           4770      2.07581e+8 
           4790      2.04258e+8 
           4810      2.00349e+8 
           4830      1.93929e+8 
           4850      1.63601e+8 
           4870      1.39926e+8 
           4890      1.83859e+8 
           4910      1.86802e+8 
           4930      1.83088e+8 
           4950      1.83595e+8 
           4970      1.81587e+8 
           4990       1.7912e+8 
           5010      1.74991e+8 
           5030      1.74153e+8 
           5050       1.7031e+8 
           5070      1.69892e+8 
           5090      1.67687e+8 
           5110      1.65367e+8 
           5130      1.63465e+8 
           5150      1.61132e+8 
           5170      1.59056e+8 
           5190      1.57175e+8 
           5210      1.54819e+8 
           5230        1.531e+8 
           5250      1.51348e+8 
           5270      1.49198e+8 
           5290      1.47722e+8 
           5310      1.45689e+8 
           5330      1.44014e+8 
           5350      1.42176e+8 
           5370      1.40531e+8 
           5390       1.3879e+8 
           5410      1.37019e+8 
           5430      1.35296e+8 
           5450      1.33734e+8 
           5470      1.32041e+8 
           5490      1.30543e+8 
           5510      1.28927e+8 
           5530      1.27466e+8 
           5550      1.25938e+8 
           5570      1.24428e+8 
           5590       1.2296e+8 
           5610      1.21522e+8 
           5630      1.20126e+8 
           5650      1.18486e+8 
           5670      1.17143e+8 
           5690      1.15896e+8 
           5710      1.14575e+8 
           5730      1.13247e+8 
           5750      1.11931e+8 
           5770      1.10639e+8 
           5790      1.09321e+8 
           5810      1.08071e+8 
           5830       1.0685e+8 
           5850      1.05622e+8 
           5870      1.02895e+8 
           5890      1.03134e+8 
           5910      1.02057e+8 
           5930      1.00937e+8 
           5950      9.96156e+7 
           5970      9.86281e+7 
           5990      9.74185e+7 
           6010      9.64759e+7 
           6030      9.53976e+7 
           6050      9.43378e+7 
           6070      9.32825e+7 
           6090      9.22512e+7 
           6110      9.12568e+7 
           6130      9.02534e+7 
           6150      8.91214e+7 
           6170      8.82763e+7 
           6190      8.73331e+7 
           6210      8.63858e+7 
           6230      8.54184e+7 
           6250      8.43877e+7 
           6270      8.36172e+7 
           6290      8.27148e+7 
           6310      8.18065e+7 
           6330      8.09518e+7 
           6350      7.96279e+7 
           6370      7.89273e+7 
           6390       7.8396e+7 
           6410      7.75389e+7 
           6430      7.67676e+7 
           6450      7.59021e+7 
           6470      7.51115e+7 
           6490       7.4133e+7 
           6510      7.30969e+7 
           6530       7.1457e+7 
           6550      6.49072e+7 
           6570      5.54523e+7 
           6590      6.80106e+7 
           6610      6.92068e+7 
           6630      6.88884e+7 
           6650      6.83503e+7 
           6670      6.74923e+7 
           6690      6.68435e+7 
           6710      6.64013e+7 
           6730      6.57328e+7 
           6750      6.50742e+7 
           6770      6.44263e+7 
           6790      6.37713e+7 
           6810      6.31333e+7 
           6830      6.24854e+7 
           6850      6.18787e+7 
           6870      6.12689e+7 
           6890      6.06669e+7 
           6910      6.00646e+7 
           6930      5.94446e+7 
           6950      5.88909e+7 
           6970      5.83207e+7 
           6990      5.77523e+7 
           7010      5.71755e+7 
           7030      5.66305e+7 
           7050       5.6024e+7 
           7070      5.52814e+7 
           7090      5.50089e+7 
           7110       5.4463e+7 
           7130      5.39474e+7 
           7150      5.34317e+7 
           7170      5.29296e+7 
           7190      5.24271e+7 
           7210      5.19295e+7 
           7230      5.13895e+7 
           7250      5.09407e+7 
           7270      5.04713e+7 
           7290      4.99247e+7 
           7310      4.95263e+7 
           7330      4.90637e+7 
           7350       4.8608e+7 
           7370      4.81551e+7 
           7390      4.77072e+7 
           7410      4.72647e+7 
           7430      4.68054e+7 
           7450      4.63854e+7 
           7470      4.59393e+7 
           7490      4.55319e+7 
           7510      4.51146e+7 
           7530       4.4714e+7 
           7550      4.43054e+7 
           7570      4.39034e+7 
           7590      4.35044e+7 
           7610      4.31141e+7 
           7630      4.27225e+7 
           7650      4.23352e+7 
           7670      4.19554e+7 
           7690      4.15788e+7 
           7710      4.12056e+7 
           7730      4.08392e+7 
           7750      4.04753e+7 
           7770      3.98289e+7 
           7790      3.97594e+7 
           7810      3.94116e+7 
           7830      3.90636e+7 
           7850      3.86765e+7 
           7870      3.83105e+7 
           7890      3.79294e+7 
           7910      3.77091e+7 
           7930      3.73832e+7 
           7950      3.70154e+7 
           7970      3.67354e+7 
           7990      3.63315e+7 
           8010      3.61022e+7 
           8030      3.57913e+7 
           8050       3.5481e+7 
           8070      3.51782e+7 
           8090      3.48731e+7 
           8110       3.4573e+7 
           8130      3.42807e+7 
           8150       3.3989e+7 
           8170       3.3703e+7 
           8190      3.34068e+7 
           8210      3.31184e+7 
           8230      3.28252e+7 
           8250      3.26225e+7 
           8270      3.23635e+7 
           8290      3.20898e+7 
           8310       3.1852e+7 
           8330      3.15912e+7 
           8350      3.13325e+7 
           8370      3.10825e+7 
           8390      3.08328e+7 
           8410      3.05536e+7 
           8430      3.02715e+7 
           8450      2.99015e+7 
           8470      2.96292e+7 
           8490      2.94898e+7 
           8510      2.89403e+7 
           8530      2.90891e+7 
           8550       2.7924e+7 
           8570      2.89069e+7 
           8590      2.76354e+7 
           8610      2.72175e+7 
           8630      2.86399e+7 
           8650      2.76189e+7 
           8670      2.49983e+7 
           8690      2.78526e+7 
           8710      2.84305e+7 
           8730      2.73825e+7 
           8750       2.3441e+7 
           8770       2.6162e+7 
           8790      2.78783e+7 
           8810       2.8015e+7 
           8830      2.73582e+7 
           8850      2.47883e+7 
           8870      2.21742e+7 
           8890      2.59514e+7 
           8910      2.69384e+7 
           8930      2.69912e+7 
           8950      2.68255e+7 
           8970      2.63708e+7 
           8990       2.5154e+7 
           9010      2.12506e+7 
           9030       2.2459e+7 
           9050      2.49904e+7 
           9070      2.53978e+7 
           9090      2.53951e+7 
           9110      2.53123e+7 
           9130      2.51179e+7 
           9150      2.49057e+7 
           9170      2.45718e+7 
           9190      2.39961e+7 
           9210      2.24202e+7 
           9230      1.87709e+7 
           9250      2.16411e+7 
           9270      2.30147e+7 
           9290      2.34295e+7 
           9310      2.33894e+7 
           9330      2.32671e+7 
           9350      2.31194e+7 
           9370       2.2953e+7 
           9390      2.27751e+7 
           9410      2.25013e+7 
           9430      2.24119e+7 
           9450      2.22197e+7 
           9470      2.19751e+7 
           9490      2.16898e+7 
           9510      2.11067e+7 
           9530      1.94851e+7 
           9550      1.67021e+7 
           9570        1.955e+7 
           9590      2.05922e+7 
           9610      2.07517e+7 
           9630      2.06266e+7 
           9650      2.06039e+7 
           9670      2.04708e+7 
           9690      2.03523e+7 
           9710      2.02002e+7 
           9730       2.0058e+7 
           9750      1.99056e+7 
           9770      1.97623e+7 
           9790      1.96144e+7 
           9810      1.94687e+7 
           9830      1.93198e+7 
           9850      1.91801e+7 
           9870      1.90378e+7 
           9890      1.88866e+7 
           9910      1.87529e+7 
           9930      1.85861e+7 
           9950      1.84255e+7 
           9970      1.82481e+7 
           9990      1.80177e+7 
          10025      1.65726e+7 
          10075        1.586e+7 
          10125      1.71766e+7 
          10175      1.70068e+7 
          10225      1.67371e+7 
          10275      1.64415e+7 
          10325       1.6142e+7 
          10375      1.58692e+7 
          10425      1.55936e+7 
          10475      1.53215e+7 
          10525      1.50538e+7 
          10575      1.47976e+7 
          10625      1.45449e+7 
          10675      1.42727e+7 
          10725      1.40489e+7 
          10775      1.38131e+7 
          10825      1.34826e+7 
          10875      1.31789e+7 
          10925      1.15252e+7 
          10975      1.22092e+7 
          11025       1.2603e+7 
          11075      1.24719e+7 
          11125      1.22861e+7 
          11175       1.2085e+7 
          11225      1.18885e+7 
          11275      1.16724e+7 
          11325      1.14932e+7 
          11375      1.13219e+7 
          11425      1.11405e+7 
          11475      1.09635e+7 
          11525      1.07895e+7 
          11575      1.06189e+7 
          11625      1.04466e+7 
          11675      1.02827e+7 
          11725      1.01256e+7 
          11775      9.95581e+6 
          11825      9.81305e+6 
          11875      9.66006e+6 
          11925      9.51406e+6 
          11975      9.35883e+6 
          12025      9.22491e+6 
          12075      9.08458e+6 
          12125      8.94653e+6 
          12175      8.81195e+6 
          12225       8.6795e+6 
          12275      8.54894e+6 
          12325       8.4212e+6 
          12375      8.29619e+6 
          12425      8.17369e+6 
          12475      8.04922e+6 
          12525      7.93347e+6 
          12575      7.81595e+6 
          12625      7.70335e+6 
          12675      7.58172e+6 
          12725      7.44106e+6 
          12775      7.15901e+6 
          12825      6.38753e+6 
          12875      7.01188e+6 
          12925      7.02989e+6 
          12975      6.95051e+6 
          13025      6.86285e+6 
          13075      6.76593e+6 
          13125      6.67074e+6 
          13175      6.57484e+6 
          13225      6.48538e+6 
          13275      6.39493e+6 
          13325      6.30628e+6 
          13375      6.21922e+6 
          13425      6.13306e+6 
          13475      6.04903e+6 
          13525      5.96587e+6 
          13575      5.88502e+6 
          13625      5.80476e+6 
          13675      5.72574e+6 
          13725      5.64848e+6 
          13775       5.5732e+6 
          13825      5.49867e+6 
          13875      5.42525e+6 
          13925      5.35276e+6 
          13975      5.28192e+6 
          14025      5.21216e+6 
          14075      5.14324e+6 
          14125      5.07573e+6 
          14175      5.00944e+6 
          14225      4.94394e+6 
          14275      4.87978e+6 
          14325      4.81641e+6 
          14375      4.75414e+6 
          14425      4.69118e+6 
          14475      4.63239e+6 
          14525      4.57288e+6 
          14570       4.5209e+6 
          14620      4.46535e+6 
          14675      4.40431e+6 
          14725      4.34945e+6 
          14775      4.29486e+6 
          14825      4.24227e+6 
          14875      4.18963e+6 
          14925      4.13843e+6 
          14975      4.08731e+6 
          15025      4.03745e+6 
          15075      3.98718e+6 
          15125      3.93864e+6 
          15175      3.89047e+6 
          15225      3.84253e+6 
          15275      3.79402e+6 
          15325      3.74603e+6 
          15375      3.70292e+6 
          15425      3.64949e+6 
          15475      3.61226e+6 
          15525      3.56528e+6 
          15575      3.50436e+6 
          15625      3.49648e+6 
          15675      3.42192e+6 
          15725      3.36364e+6 
          15775      3.38172e+6 
          15825      3.33435e+6 
          15875      3.19126e+6 
          15925      3.22975e+6 
          15975      3.24118e+6 
          16050      3.15055e+6 
          16150      3.01648e+6 
          16250      3.05977e+6 
          16350      2.92861e+6 
          16450      2.79273e+6 
          16550      2.86555e+6 
          16650      2.80446e+6 
          16750      2.66647e+6 
          16850      2.53845e+6 
          16950      2.61899e+6 
          17050      2.56957e+6 
          17150      2.51433e+6 
          17250      2.44399e+6 
          17350      2.23356e+6 
          17450      2.31777e+6 
          17550      2.30207e+6 
          17650      2.25587e+6 
          17750       2.2078e+6 
          17850      2.16137e+6 
          17950      2.11597e+6 
          18050       2.0594e+6 
          18150      1.89267e+6 
          18250      1.93997e+6 
          18350       1.9417e+6 
          18450      1.90599e+6 
          18550       1.8659e+6 
          18650      1.81551e+6 
          18750      1.67103e+6 
          18850      1.74167e+6 
          18950      1.72051e+6 
          19050      1.68692e+6 
          19150      1.65404e+6 
          19250      1.61962e+6 
          19350      1.57334e+6 
          19450      1.44407e+6 
          19550      1.51233e+6 
          19650      1.49786e+6 
          19750      1.47046e+6 
          19850      1.44239e+6 
          19950        1.415e+6 
          20050      1.38827e+6 
          20150      1.36209e+6 
          20250      1.33664e+6 
          20350      1.31171e+6 
          20450      1.28738e+6 
          20550      1.26328e+6 
          20650      1.24039e+6 
          20750       1.2177e+6 
          20850      1.19547e+6 
          20950      1.17379e+6 
          21050      1.15263e+6 
          21150      1.13165e+6 
          21250       1.1116e+6 
          21350      1.09179e+6 
          21450      1.07123e+6 
          21550      1.04436e+6 
          21650          963200 
          21750      1.00222e+6 
          21850          997571 
          21950          981856 
          22050          964990 
          22150          948387 
          22250          932196 
          22350          916256 
          22450          900708 
          22550          885479 
          22650          870627 
          22750          856003 
          22850          841889 
          22950          827988 
          23050          814365 
          23150          801018 
          23250          787942 
          23350          775125 
          23450          762570 
          23550          750264 
          23650          738209 
          23750          726394 
          23850          714753 
          23950          703412 
          24050          692167 
          24150          681215 
          24250          670546 
          24350          659969 
          24450          649539 
          24550          639508 
          24650          629246 
          24750          619557 
          24850          610494 
          24950          599456 
          25050          592042 
          25150          583045 
          25250          570991 
          25350          565130 
          25450          557863 
          25550          547886 
          25650          534704 
          25750          532174 
          25850          525752 
          25950          517574 
          26050          505585 
          26150          489369 
          26250          463113 
          26350          481877 
          26450          480915 
          26550          474464 
          26650          464648 
          26750          445671 
          26850          451290 
          26950          448490 
          27050          443276 
          27150          437349 
          27250          431171 
          27350          424242 
          27450          415893 
          27550          395780 
          27650          397747 
          27750          400022 
          27850          396089 
          27950          390863 
          28050          385497 
          28150          380224 
          28250          375034 
          28350          369920 
          28450          364784 
          28550          358486 
          28650          347843 
          28750          332176 
          28850          342231 
          28950          340396 
          29050          336574 
          29150          332122 
          29250          327748 
          29350          323434 
          29450          319201 
          29550          315037 
          29650          310936 
          29750          306901 
          29850          302931 
          29950          299027 
          30050          295184 
          30150          290970 
          30250          285546 
          30350          270915 
          30450          271252 
          30550          275267 
          30650          273145 
          30750          269953 
          30850          266531 
          30950          263247 
          31050          259967 
          31150          256744 
          31250          253564 
          31350          250442 
          31450          247359 
          31550          244329 
          31650          241343 
          31750          238405 
          31850          235511 
          31950          232658 
          32100          228460 
          32300          223011 
          32500          217721 
          32700          212184 
          32900          199609 
          33100          199962 
          33300          197618 
          33500          193238 
          33700          188858 
          33900          184587 
          34100          180426 
          34300          176378 
          34500          172446 
          34700          168618 
          34900          164894 
          35100          161274 
          35300          157750 
          35500          154321 
          35700          150977 
          35900          147742 
          36100          144557 
          36300          141504 
          36500          138451 
          36700          135595 
          36900          132588 
          37100          129796 
          37300          124726 
          37500          121191 
          37700          121947 
          37900          119651 
          38100          116935 
          38300          114617 
          38500          112621 
          38700          110391 
          38900          107994 
          39100          105269 
          39300          103875 
          39500          102039 
          39700          100165 
          39900         97975.2 
          40100         95407.2 
          40300         93256.4 
          40500         89358.8 
          40700         90424.9 
          40900         89139.7 
          41100         87468.9 
          41300         85815.6 
          41500         83842.1 
          41700           80830 
          41900         80695.1 
          42100         79611.7 
          42300           78149 
          42500         76718.4 
          42700         75319.6 
          42900         73949.5 
          43100         72617.8 
          43300         71311.6 
          43500         69839.1 
          43700         67070.8 
          43900         66781.8 
          44100           66309 
          44300         65204.9 
          44500         64064.7 
          44700         62991.2 
          44900         61844.5 
          45100         60778.4 
          45300         59730.6 
          45500         58704.5 
          45700         57697.8 
          45900         56704.2 
          46100         55706.2 
          46300         54584.7 
          46500         51723.8 
          46700         51136.8 
          46900         51676.1 
          47100         51180.3 
          47300         50394.8 
          47500         49583.9 
          47700         48801.4 
          47900         48081.3 
          48100         47301.3 
          48300         46535.6 
          48500         45785.8 
          48700         45051.6 
          48900         44332.4 
          49100         43626.7 
          49300         42933.9 
          49500         42257.2 
          49700         41591.4 
          49900         40940.9 
          50100         40301.1 
          50300         39668.5 
          50500         39060.9 
          50700         38391.4 
          50900         37741.2 
          51100         36938.6 
          51300         35309.9 
          51500         35891.2 
          51700         35496.9 
          51900           35031 
          52100         34548.7 
          52300         34031.5 
          52500         33480.2 
          52700         32954.1 
          52900         32538.3 
          53100         32058.6 
          53300         31587.6 
          53500         31124.2 
          53700         30592.3 
          53900         30149.2 
          54100         29786.4 
          54300         29357.8 
          54500           28936 
          54700         28520.8 
          54900         28113.4 
          55100         27640.4 
          55300         27195.7 
          55500         26910.8 
          55700         26556.4 
          55900         26183.5 
          56100         25817.5 
          56300         25458.5 
          56500         25105.1 
          56700         24757.3 
          56900         24358.9 
          57100         23897.4 
          57300         23673.5 
          57500         23427.1 
          57700         23108.8 
          57900         22795.5 
          58100         22488.1 
          58300         22184.5 
          58500         21862.4 
          58700         21545.3 
          58900           21106 
          59100         20164.2 
          59300         20575.9 
          59500         20222.8 
          59700         20053.7 
          59900         19896.9 
          60100         19670.9 
          60300         19442.2 
          60500         19190.3 
          60700         18941.4 
          60900         18697.3 
          61100           18457 
          61300         18220.5 
          61500         17987.6 
          61700         17758.4 
          61900         17532.7 
          62100         17310.6 
          62300         17092.8 
          62500         16839.9 
          62700         16564.9 
          62900         16107.5 
          63100         16124.7 
          63300         16006.1 
          63500         15850.3 
          63700         15656.2 
          63900         15463.3 
          64200         15180.2 
          64600         14812.3 
          65000         14454.9 
          65400         14108.6 
          65800         13772.3 
          66200         13446.4 
          66600           13130 
          67000         12822.6 
          67400         12461.9 
          67800         12003.8 
          68200         11929.9 
          68600         11679.9 
          69000         11415.1 
          69400         11156.4 
          69800         10905.9 
          70200           10662 
          70600         10425.1 
          71000         10194.4 
          71400         9970.35 
          71800         9752.16 
          72200         9540.33 
          72600         9330.41 
          73000            9133 
          73400         8937.23 
          73800         8741.71 
          74200         8530.02 
          74600         8134.84 
          75000          7893.6 
          75400         7973.07 
          75800          7855.7 
          76200         7705.99 
          76600         7548.02 
          77000         7394.17 
          77400         7239.36 
          77800         7069.89 
          78200          6950.3 
          78600         6815.69 
          79000         6679.86 
          79400         6547.59 
          79800          6418.8 
          80200         6292.85 
          80600         6169.67 
          81000         6049.72 
          81400         5902.85 
          81800          5800.8 
          82200         5707.69 
          82600         5598.98 
          83000         5492.65 
          83400         5388.83 
          83800         5287.56 
          84200         5188.69 
          84600         5092.03 
          85000         4997.66 
          85400         4905.44 
          85800         4815.36 
          86200          4719.6 
          86600         4594.26 
          87000         4538.68 
          87400         4399.54 
          87800         4320.97 
          88200         4312.15 
          88600         4239.28 
          89000         4164.15 
          89400         4090.73 
          89800         4018.87 
          90200         3948.57 
          90600         3879.82 
          91000         3812.52 
          91400         3746.72 
          91800         3682.29 
          92200         3619.27 
          92600         3557.52 
          93000         3497.17 
          93400         3431.24 
          93800         3329.82 
          94200         3301.64 
          94600            3266 
          95000         3213.72 
          95400         3160.53 
          95800         3108.46 
          96200         3057.43 
          96600         3007.46 
          97000         2958.47 
          97400         2910.47 
          97800         2863.43 
          98200         2817.34 
          98600         2772.17 
          99000         2727.94 
          99400          2684.6 
          99800         2642.06 
         100200         2600.41 
         200000          164.65 
         400000         10.1679 
         600000         1.98495 
         800000        0.622135 
         1.0e+6        0.252948 
         1.2e+6        0.121263 
         1.4e+6       0.0651398 
         1.6e+6       0.0380293 
