# Kurucz ODFNEW /NOVER models
# teff = 7750 K (value for the effective temperature for the model. Temperatures are given in K)
# logg = 1.00 log(cm/s2) (value for Log(G) for the model.)
# meta = -0.5  (value for the Metallicity for the model.)
# lh = 1.25  (l/Hp where l is the  mixing length of the convective element and Hp is the pressure scale height)
# vtur = 2.0 km/s (Microturbulence velocity)
#
# column 1: WAVELENGTH (ANGSTROM), Wavelength in Angstrom
# column 2: FLUX (ERG/CM2/S/A), Flux in erg/cm2/s/A
              0               0 
           90.9               0 
           93.5               0 
           96.1               0 
           97.7               0 
           99.6               0 
            102               0 
          103.8               0 
          105.6               0 
          107.7               0 
          110.4               0 
            114               0 
          117.8               0 
          121.3               0 
          124.8               0 
          127.1               0 
          128.4               0 
          130.5               0 
          132.4               0 
          133.9               0 
          136.6               0 
          139.8               0 
          143.3               0 
          147.2               0 
            151               0 
          155.2               0 
          158.8               0 
            162               0 
            166               0 
          170.3               0 
          173.4               0 
          176.8               0 
          180.2               0 
          181.7               0 
          186.1               0 
            191               0 
          193.9               0 
          198.4               0 
          201.8               0 
            205               0 
          210.5               0 
          216.2               0 
          219.8               0 
            223               0 
          226.8               0 
            230               0 
            234               0 
            240               0 
          246.5               0 
          252.4               0 
          256.8               0 
            260               0 
            264               0 
          268.5               0 
          273.5               0 
          278.5               0 
            284               0 
            290               0 
            296               0 
            301               0 
            308               0 
            318               0 
            328               0 
            338               0 
            348               0 
            357               0 
            366               0 
            375     9.94301e-24 
            385     1.22442e-22 
            395     9.23736e-22 
            405     6.18778e-21 
            414     3.15568e-20 
            422     1.26435e-19 
            430     4.80214e-19 
            441       2.772e-18 
            451     1.26352e-17 
            460     4.66783e-17 
            470     1.87615e-16 
            480     7.10031e-16 
            490     2.53967e-15 
            500     8.61478e-15 
            506     1.66606e-14 
            512     3.43973e-14 
            520     8.56141e-14 
            530     2.52191e-13 
            540     7.12532e-13 
            550     1.93533e-12 
            560     5.06376e-12 
            570     1.27907e-11 
            580     3.07509e-11 
            590     7.39315e-11 
            600     1.69759e-10 
            610     3.78797e-10 
            620     8.22544e-10 
            630      1.74051e-9 
            640       3.5931e-9 
            650      7.24526e-9 
            658       1.2494e-8 
            665      1.98986e-8 
            675      3.80101e-8 
            685      7.11695e-8 
            695      1.30733e-7 
            705      2.35812e-7 
            716      4.42164e-7 
            726      7.69435e-7 
            735      1.24953e-6 
            745      2.11048e-6 
            755      3.51231e-6 
            765      5.76303e-6 
            775      9.32816e-6 
            785      1.49023e-5 
            795      2.31305e-5 
            805      3.60548e-5 
            815      5.37369e-5 
            825      3.26879e-6 
            835      4.70599e-6 
            845      6.71073e-6 
            855      9.47773e-6 
            865      1.32647e-5 
            875      1.83802e-5 
            885      2.53082e-5 
            895      3.45292e-5 
            905      4.66231e-5 
            915        0.073445 
            925        0.250737 
            935        0.316356 
            945        0.427513 
            955        0.612665 
            965        0.791185 
            975        0.923055 
            985         1.26641 
            995         1.52302 
           1005         2.06327 
           1015         2.50617 
           1025         2.89225 
           1035         3.96943 
           1045         5.01055 
           1055         6.17917 
           1065         7.33349 
           1075         9.13704 
           1085         11.1049 
           1095         13.0266 
           1105         39.3385 
           1115         122.198 
           1125         172.674 
           1135         223.899 
           1145         258.447 
           1155          261.71 
           1165         306.607 
           1175         299.147 
           1185         395.342 
           1195         97.9851 
           1205         66.7803 
           1215          16.632 
           1225         77.9631 
           1235         215.184 
           1245         505.807 
           1255         999.694 
           1265         1223.61 
           1275         2120.12 
           1285         3387.15 
           1295         4654.58 
           1305         4059.25 
           1315         8062.17 
           1325         12172.5 
           1335         14209.1 
           1345         27545.3 
           1355         33825.3 
           1365         39852.3 
           1375         51479.5 
           1385           62004 
           1395         79714.5 
           1405          108521 
           1415          116754 
           1425          165378 
           1435          163288 
           1442          206613 
           1447          258301 
           1455          359358 
           1465          376270 
           1475          406390 
           1485          494568 
           1495          599897 
           1505          668079 
           1512          603719 
           1517          701700 
           1525          762897 
           1535      1.90762e+6 
           1545      3.92194e+6 
           1555      3.41017e+6 
           1565       2.8173e+6 
           1575      4.07373e+6 
           1585      4.70344e+6 
           1595      6.05755e+6 
           1605      5.13365e+6 
           1615      4.71148e+6 
           1625      4.07757e+6 
           1635      4.64708e+6 
           1645      5.57908e+6 
           1655      3.51941e+6 
           1665      5.29338e+6 
           1672       1.6981e+6 
           1677      5.70937e+6 
           1685      7.25099e+6 
           1695      7.11821e+6 
           1705      6.18964e+6 
           1715      7.09957e+6 
           1725      7.33373e+6 
           1735      8.51222e+6 
           1745      7.82986e+6 
           1755      9.60961e+6 
           1765      7.73312e+6 
           1775      9.26419e+6 
           1785      8.46035e+6 
           1795      1.10345e+7 
           1805      9.74403e+6 
           1815      1.04099e+7 
           1825      9.30508e+6 
           1835       8.7781e+6 
           1845      8.13262e+6 
           1855      8.92794e+6 
           1865      9.31281e+6 
           1875      9.43405e+6 
           1885       9.6332e+6 
           1895      1.01424e+7 
           1905      9.23954e+6 
           1915      1.00069e+7 
           1925      1.04237e+7 
           1935      8.94017e+6 
           1945      1.08886e+7 
           1955      1.09647e+7 
           1967      1.16054e+7 
           1976      1.13929e+7 
           1984      1.10294e+7 
           1995      1.06875e+7 
           2005      1.03253e+7 
           2015      9.71373e+6 
           2025      9.36812e+6 
           2035      1.03925e+7 
           2045      1.13316e+7 
           2055      1.02313e+7 
           2065      9.83034e+6 
           2074      1.18113e+7 
           2078      1.22239e+7 
           2085      1.17416e+7 
           2095      1.12109e+7 
           2105      1.05197e+7 
           2115      1.06006e+7 
           2125      1.09616e+7 
           2135      8.44668e+6 
           2145      1.01678e+7 
           2155      1.05247e+7 
           2165      9.69871e+6 
           2175      9.66069e+6 
           2185      9.92757e+6 
           2195      1.09304e+7 
           2205      1.04317e+7 
           2215      9.04696e+6 
           2225      8.79153e+6 
           2235      1.06679e+7 
           2245      9.43465e+6 
           2255      8.69773e+6 
           2265      8.81348e+6 
           2275      9.86731e+6 
           2285      1.03273e+7 
           2295      9.52728e+6 
           2305      9.73693e+6 
           2315      9.26988e+6 
           2325      8.93525e+6 
           2335       7.1508e+6 
           2345      5.90627e+6 
           2355      8.69341e+6 
           2365        5.996e+6 
           2375      7.67001e+6 
           2385      4.97626e+6 
           2395       6.3625e+6 
           2405      5.99288e+6 
           2415      6.95492e+6 
           2425      9.24941e+6 
           2435      8.97663e+6 
           2445      9.63122e+6 
           2455      9.37415e+6 
           2465      9.17239e+6 
           2475      8.71713e+6 
           2485      9.21691e+6 
           2495      8.87931e+6 
           2505      1.06679e+7 
           2513       8.7436e+6 
           2518      9.36489e+6 
           2525      8.16848e+6 
           2535      7.92828e+6 
           2545      8.05863e+6 
           2555      8.99866e+6 
           2565      8.48832e+6 
           2575      9.52306e+6 
           2585      9.04246e+6 
           2595       8.4185e+6 
           2605      7.65448e+6 
           2615       7.2947e+6 
           2625      8.87506e+6 
           2635      9.68192e+6 
           2645      1.25248e+7 
           2655       1.2414e+7 
           2665       1.0725e+7 
           2675       1.1481e+7 
           2685      1.12665e+7 
           2695      1.07998e+7 
           2705      1.11953e+7 
           2715      1.01501e+7 
           2725      1.03644e+7 
           2735      1.13464e+7 
           2745      7.83906e+6 
           2755      8.79132e+6 
           2765      9.55669e+6 
           2775      1.11503e+7 
           2785       1.0167e+7 
           2795      4.72059e+6 
           2805      5.94875e+6 
           2815      1.13073e+7 
           2825      1.23887e+7 
           2835      1.17783e+7 
           2845      1.13661e+7 
           2855      1.06604e+7 
           2865      1.20116e+7 
           2875      1.15536e+7 
           2885         1.19e+7 
           2895      1.12327e+7 
           2910      1.31609e+7 
           2930      1.26146e+7 
           2950      1.25588e+7 
           2970      1.31526e+7 
           2990      1.34037e+7 
           3010       1.3785e+7 
           3030      1.36824e+7 
           3050      1.35955e+7 
           3070       1.3586e+7 
           3090      1.40874e+7 
           3110      1.36006e+7 
           3130      1.35362e+7 
           3150      1.41117e+7 
           3170      1.41209e+7 
           3190      1.33653e+7 
           3210      1.39499e+7 
           3230      1.35787e+7 
           3250      1.40213e+7 
           3270      1.41311e+7 
           3290       1.4412e+7 
           3310      1.46664e+7 
           3330      1.43389e+7 
           3350      1.41447e+7 
           3370      1.41455e+7 
           3390      1.42603e+7 
           3410      1.47014e+7 
           3430      1.48666e+7 
           3450       1.4791e+7 
           3470      1.45653e+7 
           3490      1.44684e+7 
           3510      1.49199e+7 
           3530      1.51226e+7 
           3550      1.53012e+7 
           3570      1.48589e+7 
           3590      1.48727e+7 
           3610      1.49633e+7 
           3630      1.51077e+7 
           3640      1.48894e+7 
           3650      1.53718e+7 
           3670       1.5271e+7 
           3690      1.69187e+7 
           3710      2.30509e+7 
           3730      3.61706e+7 
           3750      5.33034e+7 
           3770      5.36883e+7 
           3790      6.14032e+7 
           3810      6.70225e+7 
           3830       5.4531e+7 
           3850      6.83973e+7 
           3870       6.9956e+7 
           3890      5.32551e+7 
           3910      6.76155e+7 
           3930      5.68137e+7 
           3950      6.75013e+7 
           3970      4.73777e+7 
           3990      6.72455e+7 
           4010       6.6738e+7 
           4030      6.56968e+7 
           4050      6.52906e+7 
           4070      6.40594e+7 
           4090      6.21461e+7 
           4110      4.99568e+7 
           4130      6.22888e+7 
           4150      6.26479e+7 
           4170      6.07227e+7 
           4190      6.04918e+7 
           4210      5.99654e+7 
           4230      5.90669e+7 
           4250      5.84517e+7 
           4270      5.74324e+7 
           4290      5.72073e+7 
           4310      5.47367e+7 
           4330       5.1391e+7 
           4350      4.47974e+7 
           4370      5.52386e+7 
           4390      5.37921e+7 
           4410       5.2666e+7 
           4430      5.34068e+7 
           4450      5.29125e+7 
           4470       5.2312e+7 
           4490      5.16153e+7 
           4510      5.17253e+7 
           4530       5.0414e+7 
           4550      4.90619e+7 
           4570      5.01232e+7 
           4590      4.86485e+7 
           4610      4.97272e+7 
           4630      4.81263e+7 
           4650      4.85442e+7 
           4670      4.78754e+7 
           4690      4.72281e+7 
           4710      4.57666e+7 
           4730      4.65557e+7 
           4750      4.63764e+7 
           4770      4.56722e+7 
           4790      4.51931e+7 
           4810      4.46178e+7 
           4830      4.39001e+7 
           4850      4.00745e+7 
           4870      3.27982e+7 
           4890      4.23868e+7 
           4910       4.2325e+7 
           4930      4.13902e+7 
           4950      4.15039e+7 
           4970      4.13947e+7 
           4990      4.05247e+7 
           5010       3.9381e+7 
           5030      3.96461e+7 
           5050       3.9188e+7 
           5070      3.91049e+7 
           5090      3.86996e+7 
           5110      3.82862e+7 
           5130      3.76075e+7 
           5150      3.71284e+7 
           5170        3.622e+7 
           5190      3.58603e+7 
           5210      3.59589e+7 
           5230      3.52118e+7 
           5250      3.54882e+7 
           5270      3.43023e+7 
           5290      3.47906e+7 
           5310      3.40186e+7 
           5330      3.36247e+7 
           5350      3.39803e+7 
           5370       3.3426e+7 
           5390      3.31031e+7 
           5410      3.26465e+7 
           5430      3.22915e+7 
           5450      3.22945e+7 
           5470       3.1972e+7 
           5490       3.1742e+7 
           5510      3.13556e+7 
           5530      3.09272e+7 
           5550      3.09101e+7 
           5570      3.05441e+7 
           5590      3.02667e+7 
           5610      3.00251e+7 
           5630      2.97599e+7 
           5650      2.93359e+7 
           5670      2.90825e+7 
           5690      2.89203e+7 
           5710      2.86614e+7 
           5730       2.8425e+7 
           5750       2.8133e+7 
           5770      2.78851e+7 
           5790      2.75962e+7 
           5810      2.73496e+7 
           5830      2.70847e+7 
           5850      2.68547e+7 
           5870      2.65943e+7 
           5890      2.60774e+7 
           5910      2.61072e+7 
           5930      2.58671e+7 
           5950      2.55956e+7 
           5970       2.5399e+7 
           5990      2.50911e+7 
           6010      2.48983e+7 
           6030      2.47013e+7 
           6050      2.44652e+7 
           6070      2.42685e+7 
           6090       2.4024e+7 
           6110      2.37923e+7 
           6130      2.35521e+7 
           6150      2.30864e+7 
           6170      2.31319e+7 
           6190      2.29778e+7 
           6210       2.2787e+7 
           6230      2.25381e+7 
           6250      2.20556e+7 
           6270      2.21939e+7 
           6290       2.1994e+7 
           6310        2.171e+7 
           6330      2.15862e+7 
           6350      2.12636e+7 
           6370      2.10941e+7 
           6390      2.10157e+7 
           6410      2.07665e+7 
           6430      2.06375e+7 
           6450      2.03042e+7 
           6470      2.03237e+7 
           6490      2.00019e+7 
           6510      1.98481e+7 
           6530      1.96321e+7 
           6550      1.81803e+7 
           6570      1.43893e+7 
           6590      1.89371e+7 
           6610       1.9027e+7 
           6630      1.89493e+7 
           6650      1.88201e+7 
           6670      1.86515e+7 
           6690      1.85074e+7 
           6710      1.83562e+7 
           6730      1.81898e+7 
           6750      1.80417e+7 
           6770      1.79123e+7 
           6790      1.77522e+7 
           6810      1.76155e+7 
           6830      1.74439e+7 
           6850      1.73141e+7 
           6870      1.71807e+7 
           6890      1.70414e+7 
           6910      1.68987e+7 
           6930      1.67574e+7 
           6950      1.66244e+7 
           6970      1.64849e+7 
           6990      1.63591e+7 
           7010      1.61831e+7 
           7030      1.60866e+7 
           7050      1.59583e+7 
           7070      1.58365e+7 
           7090      1.57128e+7 
           7110       1.5468e+7 
           7130      1.54355e+7 
           7150       1.5322e+7 
           7170      1.52066e+7 
           7190      1.50711e+7 
           7210      1.49557e+7 
           7230      1.48133e+7 
           7250      1.47209e+7 
           7270      1.46172e+7 
           7290      1.44818e+7 
           7310      1.43392e+7 
           7330      1.42555e+7 
           7350       1.4155e+7 
           7370      1.40637e+7 
           7390      1.39415e+7 
           7410      1.38155e+7 
           7430      1.36935e+7 
           7450       1.3597e+7 
           7470       1.3448e+7 
           7490      1.33783e+7 
           7510      1.32817e+7 
           7530      1.32059e+7 
           7550      1.31209e+7 
           7570      1.30089e+7 
           7590      1.29195e+7 
           7610      1.28244e+7 
           7630      1.27255e+7 
           7650      1.26121e+7 
           7670      1.25176e+7 
           7690      1.24334e+7 
           7710      1.23063e+7 
           7730      1.22534e+7 
           7750      1.21595e+7 
           7770      1.18361e+7 
           7790      1.19834e+7 
           7810      1.18931e+7 
           7830      1.17925e+7 
           7850      1.16884e+7 
           7870      1.15871e+7 
           7890      1.14837e+7 
           7910      1.14407e+7 
           7930      1.13621e+7 
           7950      1.12574e+7 
           7970      1.12122e+7 
           7990      1.10558e+7 
           8010      1.10435e+7 
           8030        1.096e+7 
           8050      1.08864e+7 
           8070      1.08024e+7 
           8090       1.0726e+7 
           8110      1.06532e+7 
           8130      1.05803e+7 
           8150       1.0504e+7 
           8170      1.04284e+7 
           8190      1.02894e+7 
           8210       1.0265e+7 
           8230      1.01957e+7 
           8250      1.01159e+7 
           8270      1.01127e+7 
           8290      1.00207e+7 
           8310      9.91087e+6 
           8330      9.73303e+6 
           8350      9.77725e+6 
           8370      9.50471e+6 
           8390      9.57078e+6 
           8410      9.52159e+6 
           8430      9.80936e+6 
           8450      9.64216e+6 
           8470      9.31731e+6 
           8490      1.02508e+7 
           8510      9.15191e+6 
           8530      1.04547e+7 
           8550      8.80005e+6 
           8570      1.06923e+7 
           8590      1.00421e+7 
           8610      9.74299e+6 
           8630      1.10019e+7 
           8650      1.08358e+7 
           8670      8.66637e+6 
           8690      1.07657e+7 
           8710      1.09035e+7 
           8730      1.07335e+7 
           8750      8.69218e+6 
           8770      1.04321e+7 
           8790       1.0624e+7 
           8810        1.052e+7 
           8830       1.0384e+7 
           8850      9.95812e+6 
           8870       8.4284e+6 
           8890      1.01762e+7 
           8910      1.01187e+7 
           8930      1.00484e+7 
           8950       1.0059e+7 
           8970      9.97392e+6 
           8990      9.82984e+6 
           9010      8.26735e+6 
           9030      9.12571e+6 
           9050      9.66177e+6 
           9070      9.45387e+6 
           9090      9.31839e+6 
           9110      9.42233e+6 
           9130      9.41681e+6 
           9150      9.37523e+6 
           9170      9.29405e+6 
           9190      9.18762e+6 
           9210      8.96212e+6 
           9230      7.26991e+6 
           9250      8.71572e+6 
           9270       8.7623e+6 
           9290      8.91583e+6 
           9310      8.86234e+6 
           9330      8.79495e+6 
           9350      8.74186e+6 
           9370      8.68484e+6 
           9390      8.58893e+6 
           9410      8.41502e+6 
           9430      8.47807e+6 
           9450      8.43676e+6 
           9470      8.38226e+6 
           9490      8.33021e+6 
           9510      8.24648e+6 
           9530      8.01738e+6 
           9550      6.60746e+6 
           9570      7.97229e+6 
           9590      8.03327e+6 
           9610      7.95053e+6 
           9630       7.8444e+6 
           9650       7.8819e+6 
           9670      7.76756e+6 
           9690      7.76561e+6 
           9710      7.73686e+6 
           9730      7.68239e+6 
           9750      7.61923e+6 
           9770      7.58214e+6 
           9790      7.53154e+6 
           9810      7.47736e+6 
           9830      7.42475e+6 
           9850      7.35502e+6 
           9870      7.31943e+6 
           9890      7.23711e+6 
           9910       7.2271e+6 
           9930      7.16477e+6 
           9950      7.13221e+6 
           9970      7.09489e+6 
           9990      7.04689e+6 
          10025      6.74173e+6 
          10075      6.41481e+6 
          10125      6.70441e+6 
          10175      6.62922e+6 
          10225      6.53032e+6 
          10275      6.42836e+6 
          10325       6.3136e+6 
          10375      6.22315e+6 
          10425      6.12722e+6 
          10475      5.99711e+6 
          10525      5.92051e+6 
          10575      5.83738e+6 
          10625      5.74486e+6 
          10675       5.5857e+6 
          10725      5.54127e+6 
          10775        5.477e+6 
          10825      5.39372e+6 
          10875      5.30953e+6 
          10925      4.79074e+6 
          10975      5.08466e+6 
          11025      5.09165e+6 
          11075      5.01721e+6 
          11125      4.93872e+6 
          11175      4.86719e+6 
          11225      4.79701e+6 
          11275      4.68135e+6 
          11325      4.61339e+6 
          11375      4.58077e+6 
          11425      4.50846e+6 
          11475      4.45665e+6 
          11525       4.3934e+6 
          11575      4.32852e+6 
          11625      4.24455e+6 
          11675      4.16487e+6 
          11725       4.1464e+6 
          11775      4.03898e+6 
          11825       4.0052e+6 
          11875      3.94161e+6 
          11925      3.91817e+6 
          11975      3.84136e+6 
          12025      3.80482e+6 
          12075      3.74777e+6 
          12125      3.69719e+6 
          12175      3.65138e+6 
          12225      3.59991e+6 
          12275      3.54663e+6 
          12325      3.50032e+6 
          12375      3.45487e+6 
          12425      3.41053e+6 
          12475       3.3595e+6 
          12525       3.3169e+6 
          12575      3.26102e+6 
          12625       3.2213e+6 
          12675      3.18703e+6 
          12725      3.14551e+6 
          12775      3.09002e+6 
          12825      2.80394e+6 
          12875      3.01423e+6 
          12925      2.98217e+6 
          12975      2.94312e+6 
          13025      2.90569e+6 
          13075      2.86808e+6 
          13125      2.83052e+6 
          13175      2.78868e+6 
          13225      2.75837e+6 
          13275       2.7231e+6 
          13325      2.68848e+6 
          13375       2.6541e+6 
          13425      2.61994e+6 
          13475      2.58663e+6 
          13525      2.55066e+6 
          13575      2.51984e+6 
          13625      2.49002e+6 
          13675      2.45774e+6 
          13725      2.41687e+6 
          13775      2.39637e+6 
          13825      2.36744e+6 
          13875      2.34023e+6 
          13925      2.30889e+6 
          13975      2.28217e+6 
          14025      2.25463e+6 
          14075      2.22742e+6 
          14125      2.19978e+6 
          14175      2.17323e+6 
          14225      2.14681e+6 
          14275      2.12089e+6 
          14325      2.09564e+6 
          14375      2.07088e+6 
          14425       2.0265e+6 
          14475      2.02133e+6 
          14525      1.98779e+6 
          14570      1.97589e+6 
          14620      1.95147e+6 
          14675      1.93092e+6 
          14725      1.90758e+6 
          14775      1.88158e+6 
          14825      1.86239e+6 
          14875      1.83525e+6 
          14925      1.81874e+6 
          14975      1.79789e+6 
          15025      1.76274e+6 
          15075      1.74792e+6 
          15125      1.72749e+6 
          15175      1.70958e+6 
          15225      1.71901e+6 
          15275      1.65885e+6 
          15325      1.64628e+6 
          15375      1.67001e+6 
          15425      1.59635e+6 
          15475      1.64441e+6 
          15525      1.63571e+6 
          15575      1.53751e+6 
          15625      1.61854e+6 
          15675      1.57542e+6 
          15725      1.50022e+6 
          15775      1.57489e+6 
          15825      1.56315e+6 
          15875      1.42697e+6 
          15925       1.5265e+6 
          15975      1.52493e+6 
          16050      1.49272e+6 
          16150      1.40794e+6 
          16250      1.44022e+6 
          16350      1.39724e+6 
          16450      1.31909e+6 
          16550      1.34803e+6 
          16650      1.31903e+6 
          16750      1.28029e+6 
          16850      1.20961e+6 
          16950      1.23666e+6 
          17050       1.2095e+6 
          17150      1.18541e+6 
          17250      1.15809e+6 
          17350       1.0805e+6 
          17450      1.10765e+6 
          17550      1.08797e+6 
          17650      1.06548e+6 
          17750      1.04545e+6 
          17850      1.02396e+6 
          17950      1.00485e+6 
          18050          982360 
          18150          922401 
          18250          940110 
          18350          926892 
          18450          909028 
          18550          890351 
          18650          873259 
          18750          813100 
          18850          838073 
          18950          822810 
          19050          809140 
          19150          793775 
          19250          778708 
          19350          763598 
          19450          716171 
          19550          735427 
          19650          722371 
          19750          708553 
          19850          696079 
          19950          683383 
          20050          671016 
          20150          658908 
          20250          646967 
          20350          635311 
          20450          624150 
          20550          613052 
          20650          602022 
          20750          591526 
          20850          581229 
          20950          571057 
          21050          561038 
          21150          550785 
          21250          541215 
          21350          532150 
          21450          523555 
          21550          514531 
          21650          484018 
          21750          496582 
          21850          489072 
          21950          481014 
          22050          472833 
          22150          464540 
          22250          457498 
          22350          449973 
          22450          442620 
          22550          435086 
          22650          428293 
          22750          421364 
          22850          414832 
          22950          408158 
          23050          401857 
          23150          395504 
          23250          389322 
          23350          383147 
          23450          377052 
          23550          371152 
          23650          365138 
          23750          359658 
          23850          353932 
          23950          348290 
          24050          342390 
          24150          336487 
          24250          334595 
          24350          326228 
          24450          320691 
          24550          319873 
          24650          312675 
          24750          308247 
          24850          307383 
          24950          294314 
          25050          298898 
          25150          294715 
          25250          280792 
          25350          286284 
          25450          282654 
          25550          278242 
          25650          264046 
          25750          270709 
          25850          267079 
          25950          263632 
          26050          258903 
          26150          245473 
          26250          240544 
          26350          248771 
          26450          246069 
          26550          242509 
          26650          238565 
          26750          225134 
          26850          232192 
          26950          229367 
          27050          226109 
          27150          223088 
          27250          220017 
          27350          216996 
          27450          214013 
          27550          202644 
          27650          206523 
          27750          205468 
          27850          202703 
          27950          199987 
          28050          197314 
          28150          194678 
          28250          192089 
          28350          189560 
          28450          187005 
          28550          184598 
          28650          181457 
          28750          172116 
          28850          177339 
          28950          175077 
          29050          172892 
          29150          170550 
          29250          168457 
          29350          166314 
          29450          164188 
          29550          162103 
          29650          160048 
          29750          158024 
          29850          156033 
          29950          154064 
          30050          152127 
          30150          150220 
          30250          148360 
          30350          141674 
          30450          142862 
          30550          142917 
          30650          141164 
          30750          139431 
          30850          137638 
          30950          136030 
          31050          134366 
          31150          132697 
          31250          131120 
          31350          129557 
          31450          127969 
          31550          126500 
          31650          125002 
          31750          123480 
          31850          122052 
          31950          120603 
          32100          118476 
          32300          115725 
          32500          113046 
          32700          110434 
          32900          105111 
          33100          104858 
          33300          102733 
          33500          100466 
          33700         98155.6 
          33900         96020.8 
          34100         93909.7 
          34300         91882.5 
          34500         89896.1 
          34700         87958.8 
          34900           86038 
          35100         84216.2 
          35300           82409 
          35500         80574.3 
          35700         78781.6 
          35900         77561.1 
          36100         75426.3 
          36300         74411.8 
          36500         72221.5 
          36700           71428 
          36900         69114.8 
          37100         68543.9 
          37300         66605.8 
          37500         63922.9 
          37700         64534.8 
          37900         63291.6 
          38100         61318.1 
          38300         60450.8 
          38500         59654.2 
          38700         58465.5 
          38900         57318.2 
          39100         55119.2 
          39300           55238 
          39500         54204.3 
          39700         53176.6 
          39900         52124.3 
          40100         50776.1 
          40300         49380.6 
          40500         48143.1 
          40700         48314.6 
          40900         47415.2 
          41100         46551.2 
          41300         45688.4 
          41500         44837.9 
          41700         42994.1 
          41900         43202.8 
          42100         42423.3 
          42300         41673.6 
          42500         40923.5 
          42700         40189.9 
          42900         39474.3 
          43100         38772.2 
          43300         38087.1 
          43500         37417.1 
          43700         35982.6 
          43900         36038.7 
          44100         35489.7 
          44300         34878.2 
          44500         34276.2 
          44700           33759 
          44900         33109.4 
          45100         32551.8 
          45300         32000.4 
          45500           31465 
          45700         30935.9 
          45900         30416.6 
          46100         29913.9 
          46300         29406.4 
          46500           28262 
          46700           27782 
          46900         27961.8 
          47100         27536.3 
          47300         27091.8 
          47500         26648.7 
          47700         26220.4 
          47900         25798.3 
          48100         25385.6 
          48300         25001.3 
          48500         24574.6 
          48700           24219 
          48900         23803.9 
          49100         23466.6 
          49300         23051.9 
          49500         22755.3 
          49700         22314.8 
          49900         22059.1 
          50100         21716.7 
          50300         21279.3 
          50500         21068.2 
          50700         20748.5 
          50900         20287.6 
          51100         20107.5 
          51300         19371.3 
          51500           19518 
          51700           19060 
          51900         18956.7 
          52100         18711.5 
          52300         18439.2 
          52500         18110.4 
          52700         17673.4 
          52900         17639.6 
          53100         17385.4 
          53300         17134.5 
          53500         16886.9 
          53700         16480.5 
          53900         16274.1 
          54100           16172 
          54300         15940.7 
          54500         15713.5 
          54700         15491.8 
          54900         15274.2 
          55100         15033.2 
          55300         14580.9 
          55500         14642.4 
          55700         14437.8 
          55900         14235.9 
          56100         14042.3 
          56300         13850.1 
          56500         13660.1 
          56700         13473.7 
          56900         13288.4 
          57100           12835 
          57300         12924.5 
          57500         12759.6 
          57700         12588.6 
          57900         12418.7 
          58100         12254.1 
          58300         12083.7 
          58500         11927.5 
          58700         11768.7 
          58900           11602 
          59100         11195.7 
          59300         11303.6 
          59500         10937.2 
          59700         10980.3 
          59900         10878.7 
          60100         10740.8 
          60300         10603.3 
          60500         10468.5 
          60700         10334.2 
          60900         10202.4 
          61100         10072.4 
          61300         9945.97 
          61500         9820.45 
          61700         9697.21 
          61900         9575.46 
          62100         9455.93 
          62300         9337.01 
          62500         9220.15 
          62700         9100.95 
          62900         8784.73 
          63100         8870.86 
          63300         8775.23 
          63500         8665.29 
          63700         8564.44 
          63900         8455.74 
          64200         8310.19 
          64600         8111.72 
          65000         7913.47 
          65400         7738.48 
          65800         7547.84 
          66200         7370.94 
          66600         7204.37 
          67000          7040.3 
          67400          6861.2 
          67800         6634.02 
          68200          6549.3 
          68600         6423.59 
          69000         6278.52 
          69400         6112.02 
          69800         6001.49 
          70200         5869.55 
          70600         5739.59 
          71000         5584.95 
          71400         5492.56 
          71800         5373.81 
          72200         5256.98 
          72600         5112.21 
          73000         5034.14 
          73400         4929.37 
          73800         4821.62 
          74200         4713.19 
          74600         4554.15 
          75000         4399.75 
          75400         4424.61 
          75800         4338.12 
          76200         4256.75 
          76600         4170.35 
          77000         4086.65 
          77400         4001.57 
          77800         3880.99 
          78200         3844.42 
          78600         3770.49 
          79000         3696.26 
          79400          3623.8 
          79800         3552.84 
          80200         3483.86 
          80600         3416.52 
          81000         3350.84 
          81400         3250.56 
          81800         3216.92 
          82200            3162 
          82600         3103.51 
          83000         3043.43 
          83400         2987.98 
          83800         2929.91 
          84200         2878.07 
          84600         2825.12 
          85000         2770.96 
          85400          2722.8 
          85800         2670.25 
          86200         2624.48 
          86600         2542.93 
          87000         2529.06 
          87400         2466.55 
          87800         2424.93 
          88200         2398.72 
          88600         2351.67 
          89000         2314.93 
          89400         2274.66 
          89800         2235.05 
          90200         2195.55 
          90600         2152.98 
          91000         2121.36 
          91400         2084.97 
          91800         2049.58 
          92200         2014.69 
          92600            1971 
          93000         1947.46 
          93400         1914.84 
          93800         1857.14 
          94200         1848.57 
          94600         1821.02 
          95000         1787.14 
          95400         1754.51 
          95800         1732.87 
          96200         1704.65 
          96600         1677.04 
          97000         1649.98 
          97400         1623.35 
          97800         1597.42 
          98200         1570.25 
          98600         1536.84 
          99000         1522.49 
          99400         1498.48 
          99800         1474.88 
         100200         1451.79 
         200000         93.7211 
         400000         5.86073 
         600000         1.14997 
         800000        0.361373 
         1.0e+6        0.147087 
         1.2e+6       0.0705376 
         1.4e+6       0.0378863 
         1.6e+6       0.0221094 
