# Kurucz ODFNEW /NOVER models
# teff = 3500 K (value for the effective temperature for the model. Temperatures are given in K)
# logg = 1.00 log(cm/s2) (value for Log(G) for the model.)
# meta = -0.5  (value for the Metallicity for the model.)
# lh = 1.25  (l/Hp where l is the  mixing length of the convective element and Hp is the pressure scale height)
# vtur = 2.0 km/s (Microturbulence velocity)
#
# column 1: WAVELENGTH (ANGSTROM), Wavelength in Angstrom
# column 2: FLUX (ERG/CM2/S/A), Flux in erg/cm2/s/A
              0               0 
           90.9               0 
           93.5               0 
           96.1               0 
           97.7               0 
           99.6               0 
            102               0 
          103.8               0 
          105.6               0 
          107.7               0 
          110.4               0 
            114               0 
          117.8               0 
          121.3               0 
          124.8               0 
          127.1               0 
          128.4               0 
          130.5               0 
          132.4               0 
          133.9               0 
          136.6               0 
          139.8               0 
          143.3               0 
          147.2               0 
            151               0 
          155.2               0 
          158.8               0 
            162               0 
            166               0 
          170.3               0 
          173.4               0 
          176.8               0 
          180.2               0 
          181.7               0 
          186.1               0 
            191               0 
          193.9               0 
          198.4               0 
          201.8               0 
            205               0 
          210.5               0 
          216.2               0 
          219.8               0 
            223               0 
          226.8               0 
            230               0 
            234               0 
            240               0 
          246.5               0 
          252.4               0 
          256.8               0 
            260               0 
            264               0 
          268.5               0 
          273.5               0 
          278.5               0 
            284               0 
            290               0 
            296               0 
            301               0 
            308               0 
            318               0 
            328               0 
            338               0 
            348               0 
            357               0 
            366               0 
            375               0 
            385               0 
            395               0 
            405               0 
            414               0 
            422               0 
            430               0 
            441               0 
            451               0 
            460               0 
            470               0 
            480               0 
            490               0 
            500               0 
            506               0 
            512               0 
            520               0 
            530               0 
            540               0 
            550               0 
            560               0 
            570               0 
            580               0 
            590               0 
            600               0 
            610               0 
            620               0 
            630               0 
            640               0 
            650               0 
            658               0 
            665               0 
            675               0 
            685               0 
            695               0 
            705               0 
            716               0 
            726               0 
            735               0 
            745               0 
            755               0 
            765               0 
            775               0 
            785               0 
            795               0 
            805               0 
            815               0 
            825               0 
            835               0 
            845               0 
            855               0 
            865               0 
            875     1.56287e-25 
            885     3.42654e-25 
            895     7.37777e-25 
            905     1.55646e-24 
            915     4.28646e-18 
            925     1.73315e-17 
            935     2.30682e-17 
            945     5.33313e-17 
            955     6.83341e-17 
            965      1.1001e-16 
            975     8.74549e-17 
            985     3.54699e-16 
            995      5.7642e-16 
           1005     6.88207e-16 
           1015     4.91618e-16 
           1025     1.22286e-15 
           1035     4.82261e-15 
           1045     8.48209e-15 
           1055      1.0643e-14 
           1065     3.14503e-14 
           1075     4.63077e-14 
           1085     9.31566e-14 
           1095     1.31454e-13 
           1105      2.0037e-13 
           1115     2.69809e-13 
           1125     6.94835e-13 
           1135     1.24919e-12 
           1145      2.0543e-12 
           1155     2.87964e-12 
           1165     3.49576e-12 
           1175     4.67835e-12 
           1185      6.7331e-12 
           1195     1.54979e-12 
           1205     4.54093e-13 
           1215     1.89038e-13 
           1225     8.38229e-13 
           1235     5.71656e-12 
           1245     3.23035e-11 
           1255     6.91642e-11 
           1265     1.03565e-10 
           1275     1.81579e-10 
           1285     1.81326e-10 
           1295     2.89519e-10 
           1305      3.4978e-10 
           1315      5.1779e-10 
           1325     6.00152e-10 
           1335     7.14726e-10 
           1345     9.99916e-10 
           1355      1.36077e-9 
           1365      1.53571e-9 
           1375      1.63178e-9 
           1385       2.1083e-9 
           1395      2.49247e-9 
           1405      3.71266e-9 
           1415      4.91105e-9 
           1425      5.23995e-9 
           1435      8.39236e-9 
           1442      1.26587e-8 
           1447      1.05287e-8 
           1455      1.22056e-8 
           1465      2.03898e-8 
           1475      1.98649e-8 
           1485      2.59687e-8 
           1495      4.49224e-8 
           1505      7.24562e-8 
           1512      3.29544e-8 
           1517      6.60776e-8 
           1525       9.8638e-8 
           1535      1.62637e-7 
           1545      1.10526e-7 
           1555      1.72425e-7 
           1565       1.5557e-7 
           1575      3.75694e-7 
           1585      3.84901e-7 
           1595      3.55164e-7 
           1605      3.79345e-7 
           1615       3.9143e-7 
           1625      3.97342e-7 
           1635      5.75928e-7 
           1645      8.61013e-7 
           1655      7.06539e-7 
           1665      1.29927e-6 
           1672      1.03921e-6 
           1677      1.85061e-6 
           1685      2.47383e-6 
           1695      4.07529e-6 
           1705      4.29123e-6 
           1715       4.9267e-6 
           1725      7.28019e-6 
           1735      8.63186e-6 
           1745      1.26232e-5 
           1755      1.22217e-5 
           1765      1.72207e-5 
           1775       1.5413e-5 
           1785      3.39614e-5 
           1795      2.54262e-5 
           1805      5.41248e-5 
           1815      3.45049e-5 
           1825      6.42572e-5 
           1835      5.25899e-5 
           1845      9.70926e-5 
           1855      6.56147e-5 
           1865     0.000132584 
           1875     0.000119225 
           1885     0.000163183 
           1895     0.000207006 
           1905     0.000226784 
           1915     0.000346866 
           1925     0.000285677 
           1935     0.000196131 
           1945     0.000447452 
           1955     0.000681078 
           1967     0.000739831 
           1976     0.000894623 
           1984       0.0012285 
           1995      0.00106336 
           2005      0.00135341 
           2015      0.00155054 
           2025      0.00152424 
           2035      0.00194641 
           2045      0.00199417 
           2055      0.00250293 
           2065      0.00238916 
           2074      0.00201446 
           2078      0.00311011 
           2085      0.00424122 
           2095       0.0065835 
           2105      0.00743824 
           2115      0.00743854 
           2125      0.00960592 
           2135       0.0130105 
           2145      0.00842378 
           2155        0.012702 
           2165       0.0119845 
           2175       0.0137222 
           2185       0.0120076 
           2195       0.0247868 
           2205       0.0191882 
           2215       0.0264552 
           2225       0.0196058 
           2235       0.0400568 
           2245       0.0450093 
           2255       0.0650181 
           2265       0.0272798 
           2275       0.0760286 
           2285       0.0594797 
           2295        0.124971 
           2305       0.0317846 
           2315        0.181468 
           2325        0.119899 
           2335        0.221835 
           2345        0.127337 
           2355        0.096356 
           2365         0.15012 
           2375         0.13484 
           2385        0.292822 
           2395        0.263428 
           2405        0.582842 
           2415        0.293163 
           2425        0.417479 
           2435        0.701967 
           2445         1.05538 
           2455         1.29133 
           2465        0.690812 
           2475         1.45425 
           2485        0.417059 
           2495        0.551471 
           2505         1.23321 
           2513         0.79657 
           2518        0.980876 
           2525         1.27692 
           2535         3.35558 
           2545         4.28733 
           2555         4.42062 
           2565         2.08492 
           2575         4.02864 
           2585         2.50955 
           2595         3.42558 
           2605         5.04605 
           2615         4.39903 
           2625         7.88109 
           2635         12.4263 
           2645         9.06497 
           2655         13.2788 
           2665         11.1382 
           2675         10.0979 
           2685         14.4652 
           2695         9.79092 
           2705         18.6336 
           2715         17.9553 
           2725         15.0355 
           2735         15.6273 
           2745         23.6442 
           2755         21.6746 
           2765         33.7042 
           2775         44.3705 
           2785         29.5931 
           2795         39.3508 
           2805          39.176 
           2815         45.3919 
           2825          45.707 
           2835         40.1104 
           2845         27.9731 
           2855         11.8611 
           2865         47.9989 
           2875         54.9442 
           2885         93.8156 
           2895         106.982 
           2910           126.4 
           2930         140.504 
           2950         144.346 
           2970         148.191 
           2990         179.754 
           3010         198.937 
           3030         240.924 
           3050         294.751 
           3070         345.598 
           3090         388.441 
           3110         531.046 
           3130         542.702 
           3150         807.374 
           3170         1121.92 
           3190         939.262 
           3210         1209.96 
           3230         1259.91 
           3250         1760.41 
           3270         2425.85 
           3290         3351.53 
           3310         2992.32 
           3330         3393.14 
           3350         3522.74 
           3370         2663.51 
           3390            3308 
           3410          4176.8 
           3430         4812.51 
           3450          4538.8 
           3470         5125.22 
           3490         6301.07 
           3510         8958.88 
           3530          7979.4 
           3550         12434.4 
           3570         6019.74 
           3590         4847.07 
           3610         8098.26 
           3630         13788.2 
           3640         15626.4 
           3650         16020.5 
           3670         23044.8 
           3690         19790.9 
           3710         16848.7 
           3730         7190.49 
           3750         9219.16 
           3770         20499.1 
           3790         24493.1 
           3810           21141 
           3830         9199.13 
           3850         15797.4 
           3870         15527.1 
           3890         18800.8 
           3910         22729.1 
           3930         7168.04 
           3950         13733.7 
           3970         8902.37 
           3990         37393.4 
           4010         59360.4 
           4030         49060.4 
           4050         53572.6 
           4070         51953.4 
           4090         69023.9 
           4110         45382.6 
           4130         50567.5 
           4150         51568.8 
           4170         45864.6 
           4190         53376.2 
           4210         46957.1 
           4230         27695.4 
           4250           57797 
           4270         54820.6 
           4290         57301.4 
           4310         66546.1 
           4330         94403.1 
           4350         98104.1 
           4370          102136 
           4390         91668.1 
           4410           93448 
           4430         97583.6 
           4450          106325 
           4470          110444 
           4490          122143 
           4510          142223 
           4530          116170 
           4550          128126 
           4570          151308 
           4590          132572 
           4610          143519 
           4630          133894 
           4650          134642 
           4670          147119 
           4690          145951 
           4710          148214 
           4730          145934 
           4750          157623 
           4770          102271 
           4790          120619 
           4810          121919 
           4830          138305 
           4850          149276 
           4870          159909 
           4890          181117 
           4910          191036 
           4930          196868 
           4950          186839 
           4970          115856 
           4990          132294 
           5010          100375 
           5030          127893 
           5050          130212 
           5070          140366 
           5090          137093 
           5110          155355 
           5130          150066 
           5150          149201 
           5170          122779 
           5190          111669 
           5210          137776 
           5230          212214 
           5250          204818 
           5270          204189 
           5290          246212 
           5310          278592 
           5330          244082 
           5350          275034 
           5370          266666 
           5390          264937 
           5410          273305 
           5430          273633 
           5450          235456 
           5470          209751 
           5490          232737 
           5510          212599 
           5530          256706 
           5550          276728 
           5570          279395 
           5590          268863 
           5610          213263 
           5630          220106 
           5650          244395 
           5670          237706 
           5690          277578 
           5710          262962 
           5730          309068 
           5750          321222 
           5770          300419 
           5790          303843 
           5810          323839 
           5830          338649 
           5850          306724 
           5870          271662 
           5890          192361 
           5910          222448 
           5930          234085 
           5950          241963 
           5970          257753 
           5990          275218 
           6010          281337 
           6030          319219 
           6050          340465 
           6070          356007 
           6090          362479 
           6110          367435 
           6130          351959 
           6150          366457 
           6170          241651 
           6190          242245 
           6210          235119 
           6230          196582 
           6250          214721 
           6270          253725 
           6290          279690 
           6310          301897 
           6330          323545 
           6350          342615 
           6370          334925 
           6390          349402 
           6410          356255 
           6430          336100 
           6450          351180 
           6470          374201 
           6490          342501 
           6510          371680 
           6530          397174 
           6550          379870 
           6570          381795 
           6590          387383 
           6610          382955 
           6630          372756 
           6650          342114 
           6670          321410 
           6690          274812 
           6710          281510 
           6730          238683 
           6750          249211 
           6770          286290 
           6790          256587 
           6810          283400 
           6830          307635 
           6850          320814 
           6870          329127 
           6890          363882 
           6910          397315 
           6930          390246 
           6950          420114 
           6970          456155 
           6990          455328 
           7010          467967 
           7030          488245 
           7050          457624 
           7070          327146 
           7090          295490 
           7110          285968 
           7130          235856 
           7150          237361 
           7170          263666 
           7190          306682 
           7210          293744 
           7230          347600 
           7250          381084 
           7270          417089 
           7290          442167 
           7310          466435 
           7330          487711 
           7350          500012 
           7370          531427 
           7390          538730 
           7410          542549 
           7430          552338 
           7450          559491 
           7470          562405 
           7490          564932 
           7510          578168 
           7530          583171 
           7550          584766 
           7570          584191 
           7590          546782 
           7610          530507 
           7630          512792 
           7650          508145 
           7670          458278 
           7690          459936 
           7710          446646 
           7730          469790 
           7750          455990 
           7770          462133 
           7790          468150 
           7810          495857 
           7830          483116 
           7850          487253 
           7870          508070 
           7890          519369 
           7910          509659 
           7930          522110 
           7950          515553 
           7970          550551 
           7990          544258 
           8010          555671 
           8030          560594 
           8050          566317 
           8070          556751 
           8090          564230 
           8110          569438 
           8130          581367 
           8150          585492 
           8170          588894 
           8190          565409 
           8210          540328 
           8230          565379 
           8250          562030 
           8270          569342 
           8290          552781 
           8310          538047 
           8330          546944 
           8350          539788 
           8370          542052 
           8390          517634 
           8410          549370 
           8430          522259 
           8450          518824 
           8470          515607 
           8490          520728 
           8510          500132 
           8530          522682 
           8550          458838 
           8570          549873 
           8590          553087 
           8610          557329 
           8630          568559 
           8650          571875 
           8670          494442 
           8690          554049 
           8710          583837 
           8730          584574 
           8750          587269 
           8770          585180 
           8790          593346 
           8810          580461 
           8830          584937 
           8850          593022 
           8870          507800 
           8890          520677 
           8910          538937 
           8930          534401 
           8950          524538 
           8970          534047 
           8990          551019 
           9010          536092 
           9030          550767 
           9050          568113 
           9070          578252 
           9090          561847 
           9110          569962 
           9130          582155 
           9150          571422 
           9170          568799 
           9190          577032 
           9210          566713 
           9230          568946 
           9250          562525 
           9270          566896 
           9290          560267 
           9310          571294 
           9330          573173 
           9350          572016 
           9370          559281 
           9390          567453 
           9410          563469 
           9430          570274 
           9450          558205 
           9470          572148 
           9490          574297 
           9510          575967 
           9530          574795 
           9550          563634 
           9570          569180 
           9590          580818 
           9610          571099 
           9630          578602 
           9650          550881 
           9670          550539 
           9690          568850 
           9710          565511 
           9730          552604 
           9750          550854 
           9770          558034 
           9790          546519 
           9810          565822 
           9830          553621 
           9850          565858 
           9870          566350 
           9890          567606 
           9910          561520 
           9930          562812 
           9950          563445 
           9970          568616 
           9990          570190 
          10025          559955 
          10075          558456 
          10125          564275 
          10175          559326 
          10225          565508 
          10275          567294 
          10325          560330 
          10375          559353 
          10425          563256 
          10475          559985 
          10525          562501 
          10575          556316 
          10625          557734 
          10675          548818 
          10725          549478 
          10775          548965 
          10825          542268 
          10875          543662 
          10925          540940 
          10975          525980 
          11025          523297 
          11075          524664 
          11125          524859 
          11175          524427 
          11225          527749 
          11275          520530 
          11325          522994 
          11375          516746 
          11425          518005 
          11475          523887 
          11525          525476 
          11575          520946 
          11625          514552 
          11675          516482 
          11725          523324 
          11775          512939 
          11825          514807 
          11875          507941 
          11925          516965 
          11975          501124 
          12025          511842 
          12075          510064 
          12125          512043 
          12175          512090 
          12225          510834 
          12275          508805 
          12325          507042 
          12375          506619 
          12425          504476 
          12475          503831 
          12525          500992 
          12575          500947 
          12625          499541 
          12675          497670 
          12725          498234 
          12775          499604 
          12825          486371 
          12875          493647 
          12925          487376 
          12975          494882 
          13025          491956 
          13075          493359 
          13125          486152 
          13175          487633 
          13225          489102 
          13275          482195 
          13325          478286 
          13375          469052 
          13425          466192 
          13475          472137 
          13525          466903 
          13575          466006 
          13625          461698 
          13675          469892 
          13725          473153 
          13775          471948 
          13825          473825 
          13875          464819 
          13925          424962 
          13975          443549 
          14025          448876 
          14075          449896 
          14125          439295 
          14175          441489 
          14225          444331 
          14275          437487 
          14325          445710 
          14375          442707 
          14425          444895 
          14475          451895 
          14525          445075 
          14570          446235 
          14620          420681 
          14675          427207 
          14725          435604 
          14775          438183 
          14825          444214 
          14875          443822 
          14925          456023 
          14975          462541 
          15025          448454 
          15075          449911 
          15125          454812 
          15175          461324 
          15225          470293 
          15275          461632 
          15325          473753 
          15375          459537 
          15425          455550 
          15475          483146 
          15525          469895 
          15575          458233 
          15625          478775 
          15675          482717 
          15725          485076 
          15775          459054 
          15825          476421 
          15875          475159 
          15925          492352 
          15975          484950 
          16050          483778 
          16150          498012 
          16250          478918 
          16350          500770 
          16450          477521 
          16550          499319 
          16650          473606 
          16750          478939 
          16850          464103 
          16950          469052 
          17050          452525 
          17150          437952 
          17250          433092 
          17350          415485 
          17450          416652 
          17550          396859 
          17650          390006 
          17750          379321 
          17850          366511 
          17950          364847 
          18050          344941 
          18150          343712 
          18250          332389 
          18350          333036 
          18450          317663 
          18550          306331 
          18650          305318 
          18750          297698 
          18850          301049 
          18950          292874 
          19050          294033 
          19150          289963 
          19250          288514 
          19350          277450 
          19450          274634 
          19550          272995 
          19650          266330 
          19750          257324 
          19850          252902 
          19950          246085 
          20050          246813 
          20150          240398 
          20250          234070 
          20350          234159 
          20450          231838 
          20550          227125 
          20650          222916 
          20750          222164 
          20850          216511 
          20950          215325 
          21050          213888 
          21150          212173 
          21250          209146 
          21350          208324 
          21450          206198 
          21550          203566 
          21650          202566 
          21750          198303 
          21850          197068 
          21950          195440 
          22050          190022 
          22150          193117 
          22250          185784 
          22350          185528 
          22450          183707 
          22550          182311 
          22650          177371 
          22750          177744 
          22850          174265 
          22950          144504 
          23050          156350 
          23150          154390 
          23250          131042 
          23350          140929 
          23450          136750 
          23550          116313 
          23650          129564 
          23750          125409 
          23850          109259 
          23950          118292 
          24050          114673 
          24150          102945 
          24250          108728 
          24350          107106 
          24450         98410.8 
          24550         97516.8 
          24650           99288 
          24750         94114.4 
          24850         89551.9 
          24950         91830.9 
          25050         90552.9 
          25150           83670 
          25250         81808.9 
          25350         83761.7 
          25450         83029.3 
          25550         82900.1 
          25650         80319.5 
          25750         81571.7 
          25850         79532.5 
          25950           80336 
          26050         80242.2 
          26150         81877.5 
          26250         80292.5 
          26350         80650.2 
          26450         79820.6 
          26550         76820.9 
          26650         77231.9 
          26750           77872 
          26850         77308.7 
          26950           73546 
          27050         75072.8 
          27150         72905.9 
          27250         71590.4 
          27350         69506.6 
          27450           69956 
          27550         67960.3 
          27650         66695.7 
          27750         66690.6 
          27850         64410.4 
          27950         63588.7 
          28050         59602.6 
          28150         61124.1 
          28250         60239.1 
          28350           60457 
          28450         60800.6 
          28550         58711.7 
          28650         59275.6 
          28750         58941.3 
          28850         57379.4 
          28950         58323.1 
          29050           55092 
          29150           57153 
          29250         52408.2 
          29350         56044.4 
          29450           49818 
          29550           53209 
          29650         50592.4 
          29750         52142.6 
          29850           49756 
          29950         51448.6 
          30050         47906.8 
          30150         51228.2 
          30250         47464.6 
          30350         49573.7 
          30450         46790.4 
          30550         48349.6 
          30650         47793.8 
          30750         46686.7 
          30850         45794.8 
          30950         44700.9 
          31050         45988.2 
          31150         44194.8 
          31250         45274.1 
          31350         43157.5 
          31450         43999.3 
          31550         43191.1 
          31650         43994.2 
          31750         42484.2 
          31850         43016.3 
          31950         41898.7 
          32100         42531.6 
          32300         41237.4 
          32500         41323.4 
          32700         40544.8 
          32900         39865.5 
          33100         39663.7 
          33300         38764.1 
          33500         38463.7 
          33700         38240.6 
          33900         37174.6 
          34100           36947 
          34300         37020.2 
          34500         35446.3 
          34700         35824.3 
          34900         34969.6 
          35100           34254 
          35300         33664.3 
          35500         33471.5 
          35700         32465.1 
          35900         32101.5 
          36100         32015.4 
          36300         31031.8 
          36500           30622 
          36700           30264 
          36900         29654.6 
          37100         28914.2 
          37300         28659.1 
          37500         28413.2 
          37700         27396.8 
          37900         27496.6 
          38100         26728.6 
          38300         26208.7 
          38500         25848.2 
          38700           25539 
          38900         24881.9 
          39100         24416.1 
          39300         24011.6 
          39500         23784.3 
          39700         23178.1 
          39900         22216.3 
          40100         21292.6 
          40300         21272.9 
          40500         19577.3 
          40700         19758.4 
          40900         18559.9 
          41100         18937.9 
          41300         17762.6 
          41500         18084.6 
          41700         16980.8 
          41900         17351.9 
          42100         16557.8 
          42300           16620 
          42500           15994 
          42700         15902.6 
          42900         15125.2 
          43100         14148.2 
          43300         14635.3 
          43500         13467.5 
          43700         13253.8 
          43900         12871.2 
          44100         12135.4 
          44300         12002.3 
          44500         11674.7 
          44700         11206.9 
          44900         11214.8 
          45100         10901.8 
          45300           10485 
          45500         10626.3 
          45700         10414.3 
          45900          9913.9 
          46100         10084.9 
          46300         9836.13 
          46500         9817.54 
          46700          9693.4 
          46900         9547.52 
          47100         9376.43 
          47300         9400.86 
          47500          9259.6 
          47700         9072.98 
          47900          8999.2 
          48100         8705.01 
          48300         8923.26 
          48500          8665.8 
          48700         8426.87 
          48900         8356.18 
          49100         8374.97 
          49300         8145.51 
          49500         8024.75 
          49700         7989.89 
          49900         7904.51 
          50100         7656.01 
          50300         7665.96 
          50500         7524.13 
          50700         7442.59 
          50900         7346.56 
          51100         7213.43 
          51300         7155.15 
          51500          7102.5 
          51700          6954.5 
          51900         6903.11 
          52100         6842.16 
          52300         6741.85 
          52500         6653.95 
          52700         6694.58 
          52900         6465.41 
          53100         6421.73 
          53300         6319.12 
          53500         6256.19 
          53700         6187.84 
          53900         6159.12 
          54100         6048.79 
          54300         5867.09 
          54500         5978.34 
          54700         5810.31 
          54900         5810.94 
          55100         5696.36 
          55300         5721.39 
          55500         5550.93 
          55700         5563.85 
          55900         5515.79 
          56100         5436.44 
          56300         5336.55 
          56500         5342.96 
          56700         5225.53 
          56900         5104.63 
          57100          5177.3 
          57300         5029.02 
          57500         5103.25 
          57700         4975.93 
          57900            4907 
          58100         4909.88 
          58300         4805.88 
          58500         4762.29 
          58700         4709.23 
          58900         4681.98 
          59100         4605.68 
          59300         4603.58 
          59500         4534.27 
          59700          4486.6 
          59900          4452.4 
          60100         4446.28 
          60300         4328.55 
          60500         4241.43 
          60700         4287.03 
          60900         4241.16 
          61100         4128.47 
          61300         4187.29 
          61500         4101.82 
          61700         4065.97 
          61900         4035.33 
          62100         4001.36 
          62300         3972.31 
          62500         3882.13 
          62700         3829.61 
          62900         3824.24 
          63100         3754.15 
          63300         3738.08 
          63500         3646.17 
          63700         3658.31 
          63900         3576.49 
          64200         3498.28 
          64600         3330.03 
          65000         3231.67 
          65400         3124.26 
          65800         2986.86 
          66200         2901.79 
          66600         2841.13 
          67000         2771.81 
          67400         2737.51 
          67800         2625.08 
          68200         2587.16 
          68600         2568.13 
          69000         2482.58 
          69400         2430.11 
          69800         2425.22 
          70200         2345.45 
          70600         2300.43 
          71000          2241.7 
          71400         2207.93 
          71800         2184.64 
          72200         2113.89 
          72600          2083.3 
          73000         2044.41 
          73400         1999.95 
          73800         1975.22 
          74200         1916.62 
          74600         1907.43 
          75000         1849.29 
          75400          1806.4 
          75800         1730.86 
          76200         1661.87 
          76600         1617.53 
          77000         1592.83 
          77400         1524.46 
          77800         1496.57 
          78200         1453.82 
          78600         1415.95 
          79000         1385.05 
          79400         1357.08 
          79800         1323.28 
          80200         1307.71 
          80600         1273.07 
          81000         1253.13 
          81400         1237.94 
          81800         1213.14 
          82200          1191.1 
          82600         1180.92 
          83000         1146.71 
          83400         1134.87 
          83800         1107.43 
          84200         1102.46 
          84600         1075.27 
          85000         1065.01 
          85400         1048.29 
          85800         1027.13 
          86200         1015.08 
          86600         993.018 
          87000          990.43 
          87400         964.468 
          87800         946.951 
          88200         932.765 
          88600           922.3 
          89000         905.847 
          89400         895.921 
          89800         877.726 
          90200         871.901 
          90600         862.845 
          91000         849.405 
          91400         832.068 
          91800         822.238 
          92200          801.78 
          92600         793.769 
          93000          788.22 
          93400         775.566 
          93800         757.534 
          94200         748.015 
          94600         737.409 
          95000         730.336 
          95400         725.962 
          95800         708.541 
          96200         697.287 
          96600         685.389 
          97000         679.468 
          97400         670.006 
          97800         658.827 
          98200         651.869 
          98600         643.567 
          99000          625.04 
          99400         623.032 
          99800          613.81 
         100200         604.603 
         200000         42.2803 
         400000         2.75814 
         600000        0.549463 
         800000        0.174067 
         1.0e+6       0.0712208 
         1.2e+6       0.0342825 
         1.4e+6        0.018463 
         1.6e+6       0.0107988 
