# Kurucz ODFNEW /NOVER models
# teff = 8500 K (value for the effective temperature for the model. Temperatures are given in K)
# logg = 3.50 log(cm/s2) (value for Log(G) for the model.)
# meta = -0.5  (value for the Metallicity for the model.)
# lh = 1.25  (l/Hp where l is the  mixing length of the convective element and Hp is the pressure scale height)
# vtur = 2.0 km/s (Microturbulence velocity)
#
# column 1: WAVELENGTH (ANGSTROM), Wavelength in Angstrom
# column 2: FLUX (ERG/CM2/S/A), Flux in erg/cm2/s/A
              0               0 
           90.9               0 
           93.5               0 
           96.1               0 
           97.7               0 
           99.6               0 
            102               0 
          103.8               0 
          105.6               0 
          107.7               0 
          110.4               0 
            114               0 
          117.8               0 
          121.3               0 
          124.8               0 
          127.1               0 
          128.4               0 
          130.5               0 
          132.4               0 
          133.9               0 
          136.6               0 
          139.8               0 
          143.3               0 
          147.2               0 
            151               0 
          155.2               0 
          158.8               0 
            162               0 
            166               0 
          170.3               0 
          173.4               0 
          176.8               0 
          180.2               0 
          181.7               0 
          186.1               0 
            191               0 
          193.9               0 
          198.4               0 
          201.8               0 
            205               0 
          210.5               0 
          216.2               0 
          219.8               0 
            223               0 
          226.8               0 
            230               0 
            234               0 
            240               0 
          246.5               0 
          252.4               0 
          256.8               0 
            260               0 
            264               0 
          268.5               0 
          273.5               0 
          278.5               0 
            284               0 
            290               0 
            296               0 
            301               0 
            308               0 
            318     1.09632e-24 
            328     1.39544e-22 
            338     1.51792e-21 
            348     1.39753e-20 
            357     9.22692e-20 
            366     5.53468e-19 
            375     3.03741e-18 
            385     1.82892e-17 
            395     1.00226e-16 
            405     5.03432e-16 
            414     2.00797e-15 
            422     6.52324e-15 
            430     2.02471e-14 
            441     8.96182e-14 
            451     3.24498e-13 
            460      9.8281e-13 
            470     3.19633e-12 
            480     9.87429e-12 
            490     2.90699e-11 
            500     8.18002e-11 
            506     1.41869e-10 
            512     2.63437e-10 
            520     5.62713e-10 
            530      1.42591e-9 
            540      3.43295e-9 
            550      7.99193e-9 
            560       1.8022e-8 
            570      3.94377e-8 
            580      8.25446e-8 
            590      1.73614e-7 
            600      3.50287e-7 
            610      6.89697e-7 
            620      1.32689e-6 
            630      2.49701e-6 
            640      4.60142e-6 
            650      8.31142e-6 
            658      1.31562e-5 
            665      1.94727e-5 
            675      3.35887e-5 
            685      5.69618e-5 
            695      9.50435e-5 
            705     0.000156127 
            716     0.000264954 
            726     0.000422177 
            735     0.000634646 
            745      0.00097029 
            755      7.24745e-5 
            765     0.000104459 
            775     0.000148936 
            785     0.000210177 
            795     0.000292229 
            805     0.000405544 
            815     0.000556436 
            825     0.000755978 
            835       0.0010183 
            845      0.00136067 
            855       0.0018034 
            865      0.00237208 
            875      0.00309347 
            885      0.00401443 
            895      0.00516872 
            905      0.00659558 
            915         3.58738 
            925         19.0548 
            935         26.9456 
            945         37.2207 
            955         51.4852 
            965         65.5418 
            975         69.2173 
            985         95.5199 
            995          110.25 
           1005         141.893 
           1015         166.833 
           1025         164.737 
           1035         235.244 
           1045         288.054 
           1055         341.994 
           1065         393.595 
           1075         474.293 
           1085         558.235 
           1095         635.431 
           1105         1467.21 
           1115         3649.04 
           1125         4820.36 
           1135          6263.8 
           1145         7290.77 
           1155            7587 
           1165         9253.21 
           1175         9821.38 
           1185         10508.4 
           1195         4860.75 
           1205         3409.72 
           1215          735.79 
           1225         3693.17 
           1235         9538.65 
           1245         17274.1 
           1255         30365.1 
           1265         37194.7 
           1275         77157.3 
           1285          264428 
           1295          469748 
           1305          402408 
           1315      1.08922e+6 
           1325      1.57739e+6 
           1335      1.78884e+6 
           1345      2.73766e+6 
           1355       2.7132e+6 
           1365      2.81088e+6 
           1375       2.8891e+6 
           1385      2.39465e+6 
           1395      2.54532e+6 
           1405      3.65465e+6 
           1415       4.5069e+6 
           1425      5.34515e+6 
           1435      4.82285e+6 
           1442      5.93406e+6 
           1447      6.31324e+6 
           1455      7.27863e+6 
           1465      6.76446e+6 
           1475      6.92014e+6 
           1485      7.49094e+6 
           1495      8.42552e+6 
           1505      8.90405e+6 
           1512      8.03411e+6 
           1517      8.49363e+6 
           1525      8.58213e+6 
           1535      1.25691e+7 
           1545      1.79762e+7 
           1555      1.55268e+7 
           1565      1.27692e+7 
           1575      1.84612e+7 
           1585      2.06553e+7 
           1595       2.3039e+7 
           1605      2.16793e+7 
           1615      2.22263e+7 
           1625      2.09364e+7 
           1635      2.42226e+7 
           1645      3.06199e+7 
           1655      2.12062e+7 
           1665      3.17028e+7 
           1672      1.88811e+7 
           1677      3.08073e+7 
           1685      3.57116e+7 
           1695      3.10363e+7 
           1705      3.06073e+7 
           1715      3.32179e+7 
           1725       3.2901e+7 
           1735      3.63888e+7 
           1745      3.47097e+7 
           1755      3.92737e+7 
           1765      3.13553e+7 
           1775      3.70055e+7 
           1785      3.65756e+7 
           1795      4.14985e+7 
           1805      3.78914e+7 
           1815      3.85236e+7 
           1825      3.55248e+7 
           1835      3.47894e+7 
           1845      3.12351e+7 
           1855      3.35135e+7 
           1865      3.45457e+7 
           1875      3.52103e+7 
           1885      3.53689e+7 
           1895      3.61295e+7 
           1905      3.34332e+7 
           1915      3.61328e+7 
           1925      3.66226e+7 
           1935      3.28893e+7 
           1945      3.75922e+7 
           1955      3.72441e+7 
           1967      3.88192e+7 
           1976      3.76839e+7 
           1984      3.66358e+7 
           1995      3.54322e+7 
           2005      3.40741e+7 
           2015      3.34937e+7 
           2025       3.1715e+7 
           2035      3.43068e+7 
           2045      3.64476e+7 
           2055      3.46326e+7 
           2065      3.36874e+7 
           2074      3.68412e+7 
           2078      3.77849e+7 
           2085      3.67854e+7 
           2095      3.53407e+7 
           2105      3.37057e+7 
           2115      3.40195e+7 
           2125       3.4883e+7 
           2135      2.86517e+7 
           2145      3.29532e+7 
           2155      3.30878e+7 
           2165      3.10885e+7 
           2175       3.0688e+7 
           2185      3.15912e+7 
           2195      3.38031e+7 
           2205      3.24309e+7 
           2215      2.93354e+7 
           2225      2.92131e+7 
           2235      3.32089e+7 
           2245      2.95956e+7 
           2255      2.86173e+7 
           2265       2.8548e+7 
           2275      3.06625e+7 
           2285       3.1778e+7 
           2295      2.94731e+7 
           2305      2.97228e+7 
           2315      2.90912e+7 
           2325      2.87474e+7 
           2335      2.68109e+7 
           2345      2.37951e+7 
           2355      2.89251e+7 
           2365      2.45198e+7 
           2375      2.70782e+7 
           2385      2.23069e+7 
           2395      2.50345e+7 
           2405      2.39389e+7 
           2415      2.47107e+7 
           2425      2.75708e+7 
           2435      2.65379e+7 
           2445      2.82673e+7 
           2455      2.74061e+7 
           2465      2.73789e+7 
           2475      2.59514e+7 
           2485      2.70675e+7 
           2495      2.60242e+7 
           2505      2.96376e+7 
           2513      2.60095e+7 
           2518      2.66051e+7 
           2525      2.45445e+7 
           2535      2.38025e+7 
           2545      2.36798e+7 
           2555      2.58055e+7 
           2565      2.57736e+7 
           2575       2.7964e+7 
           2585      2.80785e+7 
           2595      2.73668e+7 
           2605      2.61179e+7 
           2615      2.54926e+7 
           2625      2.80652e+7 
           2635      2.83339e+7 
           2645      3.23134e+7 
           2655      3.20805e+7 
           2665       2.9041e+7 
           2675      3.04421e+7 
           2685      3.04901e+7 
           2695       2.8769e+7 
           2705      2.95225e+7 
           2715      2.77881e+7 
           2725      2.81289e+7 
           2735      3.04655e+7 
           2745      2.50986e+7 
           2755       2.6104e+7 
           2765      2.71839e+7 
           2775      2.95778e+7 
           2785      2.86309e+7 
           2795      1.97629e+7 
           2805      2.27694e+7 
           2815      3.06067e+7 
           2825      3.10945e+7 
           2835      2.99215e+7 
           2845      2.88281e+7 
           2855      2.76046e+7 
           2865      2.97906e+7 
           2875      2.90058e+7 
           2885      2.97004e+7 
           2895       2.8472e+7 
           2910      3.16791e+7 
           2930      3.05096e+7 
           2950      3.03288e+7 
           2970       3.0923e+7 
           2990      3.11218e+7 
           3010      3.14986e+7 
           3030      3.12872e+7 
           3050      3.11457e+7 
           3070      3.09964e+7 
           3090      3.14227e+7 
           3110      3.07254e+7 
           3130      3.06364e+7 
           3150      3.12159e+7 
           3170      3.11026e+7 
           3190      2.98371e+7 
           3210      3.04823e+7 
           3230      2.97534e+7 
           3250      3.03159e+7 
           3270      3.05231e+7 
           3290      3.08388e+7 
           3310      3.10027e+7 
           3330      3.03963e+7 
           3350      2.99568e+7 
           3370       2.9939e+7 
           3390       2.9833e+7 
           3410      3.02853e+7 
           3430      3.03168e+7 
           3450      3.00965e+7 
           3470      2.97614e+7 
           3490      2.96835e+7 
           3510      3.00662e+7 
           3530      3.00881e+7 
           3550      3.02161e+7 
           3570       2.9546e+7 
           3590      2.94267e+7 
           3610      2.94138e+7 
           3630      2.94794e+7 
           3640      2.92579e+7 
           3650      2.97991e+7 
           3670      2.96178e+7 
           3690       2.8404e+7 
           3710      3.07782e+7 
           3730      3.30944e+7 
           3750      4.34501e+7 
           3770      4.66402e+7 
           3790      5.83294e+7 
           3810       6.9065e+7 
           3830      5.38121e+7 
           3850      7.68887e+7 
           3870      8.75841e+7 
           3890      4.73474e+7 
           3910      8.72132e+7 
           3930      8.72156e+7 
           3950      8.71967e+7 
           3970      4.49422e+7 
           3990      8.36847e+7 
           4010      9.43084e+7 
           4030      9.42494e+7 
           4050      9.29141e+7 
           4070      8.80847e+7 
           4090      6.72156e+7 
           4110      5.04074e+7 
           4130      8.31651e+7 
           4150      8.74665e+7 
           4170      8.69176e+7 
           4190      8.59034e+7 
           4210       8.5174e+7 
           4230      8.32988e+7 
           4250      8.26063e+7 
           4270       8.0601e+7 
           4290      7.97712e+7 
           4310       7.3993e+7 
           4330      5.51225e+7 
           4350      4.65952e+7 
           4370      7.26064e+7 
           4390      7.46732e+7 
           4410      7.40943e+7 
           4430      7.39105e+7 
           4450      7.37196e+7 
           4470      7.29179e+7 
           4490       7.1711e+7 
           4510      7.16357e+7 
           4530      7.02171e+7 
           4550      6.86585e+7 
           4570      6.91918e+7 
           4590      6.78014e+7 
           4610      6.81398e+7 
           4630      6.64541e+7 
           4650      6.64934e+7 
           4670      6.57022e+7 
           4690       6.4131e+7 
           4710      6.21116e+7 
           4730      6.33288e+7 
           4750      6.27097e+7 
           4770      6.17776e+7 
           4790      6.08588e+7 
           4810      5.94581e+7 
           4830      5.64072e+7 
           4850      4.33899e+7 
           4870      3.47361e+7 
           4890       5.2958e+7 
           4910      5.58717e+7 
           4930      5.53837e+7 
           4950      5.55629e+7 
           4970      5.54154e+7 
           4990      5.45047e+7 
           5010      5.32404e+7 
           5030      5.34164e+7 
           5050       5.2613e+7 
           5070      5.24859e+7 
           5090      5.18869e+7 
           5110      5.13775e+7 
           5130      5.06598e+7 
           5150      4.99619e+7 
           5170      4.86698e+7 
           5190      4.82855e+7 
           5210      4.83125e+7 
           5230      4.74176e+7 
           5250      4.76352e+7 
           5270       4.6204e+7 
           5290      4.65566e+7 
           5310      4.57483e+7 
           5330      4.50846e+7 
           5350      4.52009e+7 
           5370      4.45252e+7 
           5390       4.4128e+7 
           5410      4.34627e+7 
           5430      4.31761e+7 
           5450      4.28727e+7 
           5470      4.24578e+7 
           5490      4.21041e+7 
           5510      4.16822e+7 
           5530      4.11201e+7 
           5550      4.08914e+7 
           5570      4.04027e+7 
           5590      3.99671e+7 
           5610      3.96386e+7 
           5630      3.93121e+7 
           5650      3.88855e+7 
           5670      3.84664e+7 
           5690      3.81441e+7 
           5710      3.77724e+7 
           5730      3.74702e+7 
           5750      3.70549e+7 
           5770      3.67147e+7 
           5790      3.63435e+7 
           5810      3.60078e+7 
           5830      3.56681e+7 
           5850      3.53114e+7 
           5870       3.4966e+7 
           5890      3.43238e+7 
           5910      3.43097e+7 
           5930      3.39866e+7 
           5950      3.36448e+7 
           5970      3.33447e+7 
           5990      3.29901e+7 
           6010      3.26594e+7 
           6030      3.23932e+7 
           6050       3.2094e+7 
           6070      3.18215e+7 
           6090      3.15103e+7 
           6110      3.11994e+7 
           6130      3.08576e+7 
           6150      3.04053e+7 
           6170      3.02679e+7 
           6190      3.00866e+7 
           6210      2.98138e+7 
           6230      2.95101e+7 
           6250      2.90718e+7 
           6270       2.9015e+7 
           6290      2.87517e+7 
           6310      2.84373e+7 
           6330        2.821e+7 
           6350      2.78158e+7 
           6370      2.76107e+7 
           6390       2.7452e+7 
           6410      2.71471e+7 
           6430      2.69402e+7 
           6450      2.65072e+7 
           6470      2.63804e+7 
           6490      2.60026e+7 
           6510      2.56403e+7 
           6530      2.48121e+7 
           6550      2.14873e+7 
           6570      1.71508e+7 
           6590      2.33951e+7 
           6610      2.43979e+7 
           6630      2.44849e+7 
           6650      2.43728e+7 
           6670      2.41964e+7 
           6690      2.40435e+7 
           6710       2.3856e+7 
           6730      2.36463e+7 
           6750      2.34327e+7 
           6770      2.32665e+7 
           6790      2.30627e+7 
           6810      2.28705e+7 
           6830      2.26577e+7 
           6850      2.24742e+7 
           6870      2.22932e+7 
           6890      2.21076e+7 
           6910      2.19199e+7 
           6930      2.17308e+7 
           6950      2.15536e+7 
           6970      2.13704e+7 
           6990      2.11982e+7 
           7010      2.09846e+7 
           7030      2.08311e+7 
           7050      2.06668e+7 
           7070      2.05033e+7 
           7090      2.03369e+7 
           7110       2.0011e+7 
           7130      1.99715e+7 
           7150      1.98164e+7 
           7170      1.96628e+7 
           7190      1.94953e+7 
           7210      1.93445e+7 
           7230      1.91829e+7 
           7250      1.90191e+7 
           7270      1.88882e+7 
           7290      1.87145e+7 
           7310      1.85672e+7 
           7330      1.84239e+7 
           7350      1.82896e+7 
           7370      1.81475e+7 
           7390      1.79901e+7 
           7410      1.78272e+7 
           7430      1.76713e+7 
           7450      1.75467e+7 
           7470      1.73644e+7 
           7490      1.72517e+7 
           7510      1.71412e+7 
           7530       1.7019e+7 
           7550      1.68992e+7 
           7570      1.67614e+7 
           7590       1.6634e+7 
           7610      1.65044e+7 
           7630      1.63752e+7 
           7650      1.62395e+7 
           7670      1.61018e+7 
           7690      1.59863e+7 
           7710       1.5854e+7 
           7730      1.57526e+7 
           7750      1.56262e+7 
           7770      1.52544e+7 
           7790       1.5396e+7 
           7810      1.52758e+7 
           7830      1.51438e+7 
           7850      1.50154e+7 
           7870       1.4882e+7 
           7890      1.47552e+7 
           7910      1.46771e+7 
           7930       1.4569e+7 
           7950      1.44404e+7 
           7970      1.43763e+7 
           7990      1.41952e+7 
           8010      1.41544e+7 
           8030      1.40431e+7 
           8050      1.39454e+7 
           8070      1.38377e+7 
           8090      1.37354e+7 
           8110      1.36414e+7 
           8130      1.35435e+7 
           8150      1.34437e+7 
           8170      1.33447e+7 
           8190      1.31723e+7 
           8210      1.31278e+7 
           8230      1.30301e+7 
           8250       1.2936e+7 
           8270      1.29198e+7 
           8290      1.28268e+7 
           8310       1.2739e+7 
           8330      1.25747e+7 
           8350      1.25529e+7 
           8370      1.24446e+7 
           8390        1.232e+7 
           8410      1.22034e+7 
           8430      1.21239e+7 
           8450       1.1941e+7 
           8470      1.16767e+7 
           8490      1.20169e+7 
           8510      1.12296e+7 
           8530      1.20147e+7 
           8550      1.05527e+7 
           8570      1.21198e+7 
           8590      1.11618e+7 
           8610      1.08305e+7 
           8630      1.22185e+7 
           8650      1.16953e+7 
           8670       9.5239e+6 
           8690      1.19046e+7 
           8710      1.23769e+7 
           8730      1.18512e+7 
           8750      9.22407e+6 
           8770      1.12481e+7 
           8790      1.22536e+7 
           8810       1.2316e+7 
           8830      1.19693e+7 
           8850      1.06296e+7 
           8870      8.91298e+6 
           8890      1.13717e+7 
           8910      1.18878e+7 
           8930      1.19574e+7 
           8950      1.19623e+7 
           8970      1.17283e+7 
           8990      1.11112e+7 
           9010      8.76299e+6 
           9030      9.65611e+6 
           9050      1.11028e+7 
           9070      1.12298e+7 
           9090      1.11699e+7 
           9110      1.13193e+7 
           9130      1.13145e+7 
           9150      1.12309e+7 
           9170      1.10691e+7 
           9190      1.07605e+7 
           9210      9.91656e+6 
           9230      7.68647e+6 
           9250      9.53157e+6 
           9270       1.0259e+7 
           9290      1.06099e+7 
           9310      1.06261e+7 
           9330      1.05815e+7 
           9350      1.05302e+7 
           9370      1.04664e+7 
           9390      1.03638e+7 
           9410      1.01479e+7 
           9430      1.02117e+7 
           9450      1.01423e+7 
           9470      1.00458e+7 
           9490      9.89762e+6 
           9510       9.5957e+6 
           9530       8.7358e+6 
           9550      6.98214e+6 
           9570      8.80649e+6 
           9590      9.39325e+6 
           9610      9.47455e+6 
           9630      9.42263e+6 
           9650      9.47668e+6 
           9670      9.36057e+6 
           9690      9.35805e+6 
           9710      9.34072e+6 
           9730      9.27651e+6 
           9750      9.20162e+6 
           9770      9.15767e+6 
           9790      9.09474e+6 
           9810      9.03266e+6 
           9830      8.96826e+6 
           9850      8.89032e+6 
           9870        8.835e+6 
           9890         8.74e+6 
           9910      8.70321e+6 
           9930      8.63342e+6 
           9950      8.57325e+6 
           9970      8.49795e+6 
           9990      8.38016e+6 
          10025      7.57468e+6 
          10075      7.18384e+6 
          10125       8.0112e+6 
          10175      7.98033e+6 
          10225      7.88157e+6 
          10275      7.75902e+6 
          10325      7.62822e+6 
          10375       7.5104e+6 
          10425       7.3921e+6 
          10475      7.23825e+6 
          10525       7.1472e+6 
          10575      7.04072e+6 
          10625      6.93087e+6 
          10675      6.73915e+6 
          10725      6.68564e+6 
          10775      6.59681e+6 
          10825      6.47396e+6 
          10875      6.29318e+6 
          10925      5.30237e+6 
          10975      5.79025e+6 
          11025      6.07631e+6 
          11075      6.02988e+6 
          11125      5.95052e+6 
          11175      5.86511e+6 
          11225      5.78129e+6 
          11275      5.64506e+6 
          11325      5.56157e+6 
          11375      5.51744e+6 
          11425      5.42885e+6 
          11475      5.36874e+6 
          11525      5.29221e+6 
          11575      5.21396e+6 
          11625      5.11206e+6 
          11675      5.01613e+6 
          11725      4.99346e+6 
          11775      4.86392e+6 
          11825      4.82477e+6 
          11875      4.74547e+6 
          11925      4.71714e+6 
          11975      4.62583e+6 
          12025      4.57858e+6 
          12075      4.50714e+6 
          12125      4.44802e+6 
          12175      4.39352e+6 
          12225      4.33068e+6 
          12275      4.26596e+6 
          12325      4.20984e+6 
          12375      4.15497e+6 
          12425      4.10185e+6 
          12475      4.04072e+6 
          12525      3.98763e+6 
          12575         3.92e+6 
          12625      3.87152e+6 
          12675      3.81993e+6 
          12725      3.75112e+6 
          12775       3.5884e+6 
          12825      3.07032e+6 
          12875      3.52673e+6 
          12925      3.55926e+6 
          12975      3.52808e+6 
          13025      3.48904e+6 
          13075       3.4448e+6 
          13125      3.39848e+6 
          13175      3.34883e+6 
          13225      3.31172e+6 
          13275      3.26888e+6 
          13325        3.227e+6 
          13375      3.18541e+6 
          13425       3.1444e+6 
          13475      3.10408e+6 
          13525      3.06079e+6 
          13575      3.02275e+6 
          13625        2.987e+6 
          13675      2.94788e+6 
          13725      2.89904e+6 
          13775      2.87307e+6 
          13825      2.83774e+6 
          13875      2.80519e+6 
          13925      2.76662e+6 
          13975      2.73471e+6 
          14025      2.70126e+6 
          14075      2.66861e+6 
          14125      2.63483e+6 
          14175      2.60296e+6 
          14225      2.57055e+6 
          14275      2.53889e+6 
          14325       2.5089e+6 
          14375      2.47908e+6 
          14425      2.42462e+6 
          14475      2.41887e+6 
          14525      2.37832e+6 
          14570      2.36365e+6 
          14620      2.33341e+6 
          14675       2.3079e+6 
          14725      2.27992e+6 
          14775      2.24864e+6 
          14825      2.22613e+6 
          14875      2.19484e+6 
          14925      2.17949e+6 
          14975      2.15235e+6 
          15025       2.1217e+6 
          15075      2.09919e+6 
          15125      2.07743e+6 
          15175      2.05231e+6 
          15225      2.03057e+6 
          15275      1.99937e+6 
          15325      1.97416e+6 
          15375       1.9607e+6 
          15425      1.91239e+6 
          15475      1.91546e+6 
          15525      1.89486e+6 
          15575      1.82463e+6 
          15625      1.87824e+6 
          15675      1.80924e+6 
          15725      1.74794e+6 
          15775      1.82226e+6 
          15825      1.80038e+6 
          15875      1.62552e+6 
          15925      1.73313e+6 
          15975      1.76378e+6 
          16050      1.70331e+6 
          16150      1.59216e+6 
          16250      1.68019e+6 
          16350      1.59149e+6 
          16450      1.48407e+6 
          16550      1.57898e+6 
          16650      1.54716e+6 
          16750      1.45516e+6 
          16850       1.3558e+6 
          16950      1.44777e+6 
          17050      1.42189e+6 
          17150       1.3923e+6 
          17250      1.34923e+6 
          17350      1.19104e+6 
          17450      1.27654e+6 
          17550      1.27488e+6 
          17650       1.2508e+6 
          17750      1.22718e+6 
          17850      1.20141e+6 
          17950      1.17754e+6 
          18050      1.14416e+6 
          18150      1.02176e+6 
          18250      1.07306e+6 
          18350      1.08182e+6 
          18450      1.06387e+6 
          18550      1.03978e+6 
          18650      1.01124e+6 
          18750          898871 
          18850          967403 
          18950          959309 
          19050          945659 
          19150          927252 
          19250          907598 
          19350          880395 
          19450          785034 
          19550          847312 
          19650          841248 
          19750          826270 
          19850          811616 
          19950          796591 
          20050          782000 
          20150          767691 
          20250          753528 
          20350          739666 
          20450          726574 
          20550          713446 
          20650          700270 
          20750          687946 
          20850          675834 
          20950          663767 
          21050          651968 
          21150          639820 
          21250          628524 
          21350          617830 
          21450          606720 
          21550          590864 
          21650          530774 
          21750          566551 
          21850          565588 
          21950          557704 
          22050          548000 
          22150          538370 
          22250          530081 
          22350          521237 
          22450          512597 
          22550          503696 
          22650          495764 
          22750          487645 
          22850          479851 
          22950          472008 
          23050          464654 
          23150          457189 
          23250          449997 
          23350          442832 
          23450          435880 
          23550          429027 
          23650          422309 
          23750          415647 
          23850          409121 
          23950          402738 
          24050          396341 
          24150          390042 
          24250          384301 
          24350          378026 
          24450          371878 
          24550          366820 
          24650          360404 
          24750          354999 
          24850          351087 
          24950          341125 
          25050          341098 
          25150          336187 
          25250          323656 
          25350          325772 
          25450          322631 
          25550          316041 
          25650          301088 
          25750          307611 
          25850          304514 
          25950          300152 
          26050          291290 
          26150          274936 
          26250          261227 
          26350          278759 
          26450          279515 
          26550          275922 
          26650          269331 
          26750          249052 
          26850          261911 
          26950          261412 
          27050          258392 
          27150          255178 
          27250          251604 
          27350          247547 
          27450          242511 
          27550          223754 
          27650          229777 
          27750          233588 
          27850          231438 
          27950          228502 
          28050          225410 
          28150          222361 
          28250          219379 
          28350          216460 
          28450          213378 
          28550          209768 
          28650          202496 
          28750          188301 
          28850          200160 
          28950          199310 
          29050          197221 
          29150          194523 
          29250          192116 
          29350          189655 
          29450          187201 
          29550          184805 
          29650          182438 
          29750          180103 
          29850          177816 
          29950          175538 
          30050          173291 
          30150          170818 
          30250          167627 
          30350          155797 
          30450          157554 
          30550          161719 
          30650          160526 
          30750          158706 
          30850          156658 
          30950          154801 
          31050          152888 
          31150          150953 
          31250          149159 
          31350          147365 
          31450          145542 
          31550          143857 
          31650          142144 
          31750          140387 
          31850          138757 
          31950          137092 
          32100          134651 
          32300          131498 
          32500          128422 
          32700          125182 
          32900          116119 
          33100          117646 
          33300          116523 
          33500          114014 
          33700          111381 
          33900          108943 
          34100          106542 
          34300          104224 
          34500          101965 
          34700           99729 
          34900         97565.7 
          35100         95453.9 
          35300         93401.8 
          35500         91386.9 
          35700           89408 
          35900         87584.4 
          36100         85625.2 
          36300         83955.1 
          36500         82008.2 
          36700         80540.7 
          36900         78441.6 
          37100         77127.3 
          37300         73784.3 
          37500         71255.3 
          37700           72566 
          37900         71267.3 
          38100         69241.6 
          38300         67988.7 
          38500         67164.6 
          38700         65828.1 
          38900           64354 
          39100         61940.4 
          39300         62016.3 
          39500         60921.4 
          39700         59766.6 
          39900         58537.2 
          40100         56588.8 
          40300         55107.6 
          40500         52881.3 
          40700         54079.9 
          40900         53331.6 
          41100         52405.5 
          41300         51424.3 
          41500         50212.5 
          41700         47450.6 
          41900         48331.3 
          42100         47715.9 
          42300         46882.4 
          42500         46033.4 
          42700         45204.5 
          42900           44393 
          43100         43598.8 
          43300         42821.2 
          43500         41958.4 
          43700         39667.6 
          43900         39997.1 
          44100         39846.3 
          44300         39191.6 
          44500         38512.8 
          44700           37907 
          44900         37190.8 
          45100         36559.7 
          45300         35936.4 
          45500         35328.4 
          45700         34725.9 
          45900         34130.5 
          46100         33542.6 
          46300         32868.6 
          46500         30870.2 
          46700           30330 
          46900         31121.8 
          47100         30849.5 
          47300         30380.4 
          47500         29891.3 
          47700         29414.3 
          47900         28944.3 
          48100           28481 
          48300           28026 
          48500         27579.1 
          48700         27141.8 
          48900         26712.3 
          49100         26290.4 
          49300           25876 
          49500         25478.2 
          49700         25069.2 
          49900         24691.6 
          50100         24307.3 
          50300         23914.8 
          50500         23570.7 
          50700         23201.9 
          50900           22796 
          51100           22338 
          51300         21109.1 
          51500         21715.3 
          51700         21436.3 
          51900         21183.3 
          52100           20885 
          52300         20575.4 
          52500         20233.1 
          52700           19894 
          52900         19677.8 
          53100         19421.7 
          53300         19150.2 
          53500         18834.9 
          53700         18472.7 
          53900         18211.4 
          54100         18042.3 
          54300         17813.8 
          54500         17561.5 
          54700         17311.2 
          54900         17050.3 
          55100         16731.9 
          55300         16372.1 
          55500         16311.8 
          55700         16129.3 
          55900           15902 
          56100         15684.7 
          56300         15468.8 
          56500         15256.9 
          56700         15045.1 
          56900         14781.3 
          57100         14339.4 
          57300         14364.5 
          57500         14240.8 
          57700           14054 
          57900         13863.8 
          58100         13679.3 
          58300         13486.9 
          58500         13301.3 
          58700         13111.3 
          58900         12844.3 
          59100         12169.7 
          59300         12522.7 
          59500         12142.9 
          59700         12145.1 
          59900         12113.5 
          60100         11972.5 
          60300         11822.8 
          60500         11672.7 
          60700         11523.3 
          60900         11376.6 
          61100         11230.6 
          61300         11090.3 
          61500         10949.6 
          61700         10811.4 
          61900         10674.8 
          62100         10540.7 
          62300         10405.2 
          62500         10268.3 
          62700         10092.7 
          62900         9656.29 
          63100         9816.58 
          63300         9765.92 
          63500         9656.85 
          63700          9547.1 
          63900         9442.23 
          64200         9271.92 
          64600         9048.22 
          65000         8831.11 
          65400         8622.72 
          65800         8417.27 
          66200         8217.85 
          66600         8025.92 
          67000         7832.11 
          67400         7617.52 
          67800         7285.32 
          68200         7290.98 
          68600         7145.61 
          69000          6985.7 
          69400         6816.14 
          69800         6675.15 
          70200         6529.12 
          70600         6381.35 
          71000         6228.58 
          71400         6108.42 
          71800         5975.88 
          72200         5845.38 
          72600         5701.39 
          73000         5592.15 
          73400         5479.97 
          73800          5358.4 
          74200         5229.28 
          74600         4979.34 
          75000         4813.23 
          75400         4892.64 
          75800         4816.89 
          76200         4725.96 
          76600         4633.98 
          77000         4540.21 
          77400          4438.7 
          77800         4319.71 
          78200         4263.62 
          78600         4187.83 
          79000         4105.09 
          79400         4024.35 
          79800         3945.42 
          80200         3868.55 
          80600         3793.54 
          81000          3717.4 
          81400         3608.99 
          81800         3559.32 
          82200         3511.14 
          82600         3444.92 
          83000         3380.01 
          83400          3316.3 
          83800         3254.04 
          84200         3193.99 
          84600          3135.2 
          85000         3077.55 
          85400          3021.1 
          85800         2965.83 
          86200         2906.18 
          86600         2805.35 
          87000         2795.49 
          87400          2708.9 
          87800         2661.11 
          88200         2658.78 
          88600         2613.27 
          89000         2567.34 
          89400          2522.5 
          89800         2478.45 
          90200          2435.4 
          90600         2393.29 
          91000         2352.05 
          91400         2311.62 
          91800         2272.25 
          92200         2233.48 
          92600          2190.5 
          93000         2157.54 
          93400         2117.38 
          93800         2040.57 
          94200         2036.57 
          94600         2016.14 
          95000         1981.29 
          95400         1948.44 
          95800          1920.3 
          96200         1888.98 
          96600         1858.27 
          97000          1828.2 
          97400         1798.72 
          97800         1769.85 
          98200         1738.75 
          98600         1708.04 
          99000         1686.62 
          99400         1659.99 
          99800         1633.85 
         100200         1608.23 
         200000         103.347 
         400000         6.44752 
         600000         1.26404 
         800000        0.397033 
         1.0e+6        0.161549 
         1.2e+6       0.0774547 
         1.4e+6       0.0415941 
         1.6e+6       0.0242711 
