# Kurucz ODFNEW /NOVER models
# teff = 4000 K (value for the effective temperature for the model. Temperatures are given in K)
# logg = 4.50 log(cm/s2) (value for Log(G) for the model.)
# meta = -0.5  (value for the Metallicity for the model.)
# lh = 1.25  (l/Hp where l is the  mixing length of the convective element and Hp is the pressure scale height)
# vtur = 2.0 km/s (Microturbulence velocity)
#
# column 1: WAVELENGTH (ANGSTROM), Wavelength in Angstrom
# column 2: FLUX (ERG/CM2/S/A), Flux in erg/cm2/s/A
              0               0 
           90.9               0 
           93.5               0 
           96.1               0 
           97.7               0 
           99.6               0 
            102               0 
          103.8               0 
          105.6               0 
          107.7               0 
          110.4               0 
            114               0 
          117.8               0 
          121.3               0 
          124.8               0 
          127.1               0 
          128.4               0 
          130.5               0 
          132.4               0 
          133.9               0 
          136.6               0 
          139.8               0 
          143.3               0 
          147.2               0 
            151               0 
          155.2               0 
          158.8               0 
            162               0 
            166               0 
          170.3               0 
          173.4               0 
          176.8               0 
          180.2               0 
          181.7               0 
          186.1               0 
            191               0 
          193.9               0 
          198.4               0 
          201.8               0 
            205               0 
          210.5               0 
          216.2               0 
          219.8               0 
            223               0 
          226.8               0 
            230               0 
            234               0 
            240               0 
          246.5               0 
          252.4               0 
          256.8               0 
            260               0 
            264               0 
          268.5               0 
          273.5               0 
          278.5               0 
            284               0 
            290               0 
            296               0 
            301               0 
            308               0 
            318               0 
            328               0 
            338               0 
            348               0 
            357               0 
            366               0 
            375               0 
            385               0 
            395               0 
            405               0 
            414               0 
            422               0 
            430               0 
            441               0 
            451               0 
            460               0 
            470               0 
            480               0 
            490               0 
            500               0 
            506               0 
            512               0 
            520               0 
            530               0 
            540               0 
            550               0 
            560               0 
            570               0 
            580               0 
            590               0 
            600               0 
            610               0 
            620               0 
            630               0 
            640               0 
            650               0 
            658               0 
            665               0 
            675               0 
            685               0 
            695     4.81683e-25 
            705     1.33987e-24 
            716     3.99192e-24 
            726     1.04404e-23 
            735     2.42248e-23 
            745     6.01851e-23 
            755     1.45749e-22 
            765     3.44399e-22 
            775     7.94639e-22 
            785     1.79261e-21 
            795      3.9483e-21 
            805     8.54355e-21 
            815     1.81019e-20 
            825     3.76036e-20 
            835     7.66671e-20 
            845     1.53383e-19 
            855     3.00806e-19 
            865     5.79829e-19 
            875     1.09901e-18 
            885     2.04949e-18 
            895     3.77409e-18 
            905     6.81176e-18 
            915     1.65424e-13 
            925      9.7262e-13 
            935     1.45637e-12 
            945     2.29255e-12 
            955     2.18126e-12 
            965     5.44813e-12 
            975     3.80688e-12 
            985     9.61566e-12 
            995     1.64098e-11 
           1005     1.72915e-11 
           1015     2.36056e-11 
           1025       3.238e-11 
           1035     7.84602e-11 
           1045     1.09443e-10 
           1055     1.30299e-10 
           1065     3.44602e-10 
           1075     4.50366e-10 
           1085      1.02239e-9 
           1095      1.50962e-9 
           1105      1.92635e-9 
           1115        2.771e-9 
           1125      6.78583e-9 
           1135      1.16637e-8 
           1145      1.93931e-8 
           1155      2.84265e-8 
           1165      3.36364e-8 
           1175      5.63256e-8 
           1185      6.56812e-8 
           1195      5.86085e-8 
           1205      3.69641e-8 
           1215      8.33045e-9 
           1225      6.02769e-8 
           1235      2.49198e-7 
           1245      4.98102e-7 
           1255       7.9093e-7 
           1265      1.14599e-6 
           1275      1.59714e-6 
           1285      1.90256e-6 
           1295      2.36144e-6 
           1305      3.44959e-6 
           1315      4.21844e-6 
           1325      5.07321e-6 
           1335      5.86733e-6 
           1345      7.86706e-6 
           1355      1.06086e-5 
           1365      1.20848e-5 
           1375      1.36174e-5 
           1385      1.65064e-5 
           1395      1.93919e-5 
           1405        2.693e-5 
           1415      3.52679e-5 
           1425      3.94164e-5 
           1435      5.43374e-5 
           1442      7.95979e-5 
           1447      6.68729e-5 
           1455      8.13778e-5 
           1465     0.000113372 
           1475     0.000112235 
           1485     0.000142839 
           1495     0.000218265 
           1505     0.000309979 
           1512     0.000193791 
           1517     0.000299855 
           1525     0.000442898 
           1535     0.000818445 
           1545     0.000607308 
           1555     0.000995988 
           1565     0.000939526 
           1575      0.00163047 
           1585      0.00176921 
           1595      0.00178086 
           1605      0.00192634 
           1615      0.00208946 
           1625      0.00210905 
           1635      0.00278092 
           1645      0.00372537 
           1655      0.00318835 
           1665      0.00488554 
           1672      0.00418453 
           1677      0.00632571 
           1685      0.00812249 
           1695       0.0110869 
           1705       0.0117294 
           1715       0.0131416 
           1725       0.0177741 
           1735       0.0201855 
           1745       0.0278679 
           1755        0.028668 
           1765       0.0344848 
           1775       0.0339959 
           1785       0.0580095 
           1795       0.0508337 
           1805       0.0804565 
           1815       0.0640216 
           1825       0.0959135 
           1835       0.0899359 
           1845        0.125768 
           1855        0.108573 
           1865        0.165315 
           1875        0.162335 
           1885         0.20043 
           1895        0.249316 
           1905        0.263585 
           1915        0.358042 
           1925        0.330725 
           1935        0.264621 
           1945        0.444883 
           1955        0.587941 
           1967        0.655343 
           1976        0.736977 
           1984         0.90487 
           1995        0.857131 
           2005         1.00789 
           2015         1.15082 
           2025         1.10953 
           2035         1.37748 
           2045         1.47646 
           2055         1.70389 
           2065         1.69749 
           2074         1.63681 
           2078         2.05601 
           2085         2.36443 
           2095         2.96404 
           2105          3.1864 
           2115         3.36934 
           2125          3.8246 
           2135         4.61327 
           2145         3.86774 
           2155         4.60478 
           2165         4.58404 
           2175         4.97203 
           2185         4.84162 
           2195         7.17724 
           2205         6.41655 
           2215         7.33898 
           2225         6.79704 
           2235         10.2486 
           2245           11.55 
           2255         13.4444 
           2265         8.73343 
           2275         14.7638 
           2285         14.8283 
           2295         21.9114 
           2305         10.6595 
           2315         27.6417 
           2325         23.4166 
           2335         33.8028 
           2345         22.6366 
           2355         21.5012 
           2365         27.0046 
           2375         27.0034 
           2385         42.2453 
           2395         40.7256 
           2405         68.0769 
           2415         43.6465 
           2425         54.0622 
           2435         76.4615 
           2445         102.015 
           2455         118.676 
           2465         81.7045 
           2475          137.27 
           2485         63.7338 
           2495          68.961 
           2505         121.057 
           2513         91.9161 
           2518         102.876 
           2525         122.433 
           2535         242.216 
           2545         306.082 
           2555         336.031 
           2565         185.404 
           2575         294.367 
           2585         217.343 
           2595         266.547 
           2605         362.935 
           2615         316.143 
           2625         521.081 
           2635         963.959 
           2645         712.103 
           2655         1173.05 
           2665         839.368 
           2675         734.863 
           2685         1020.15 
           2695         613.255 
           2705         1254.94 
           2715         1047.82 
           2725         857.149 
           2735         899.692 
           2745         1304.68 
           2755         1287.33 
           2765         1932.58 
           2775         2516.06 
           2785          1414.2 
           2795         1921.79 
           2805         1874.69 
           2815          1865.1 
           2825         1875.48 
           2835         1475.05 
           2845         1090.11 
           2855         639.205 
           2865         1662.61 
           2875         1953.15 
           2885         3238.18 
           2895          4057.9 
           2910         5506.29 
           2930         6578.92 
           2950         6033.32 
           2970          5746.9 
           2990         7009.48 
           3010         7285.47 
           3030         9442.35 
           3050         11311.8 
           3070         12677.5 
           3090         10448.4 
           3110         19474.7 
           3130         18873.2 
           3150         28126.9 
           3170         42344.5 
           3190         34429.7 
           3210         40385.6 
           3230         40370.7 
           3250           65174 
           3270         89474.9 
           3290          104728 
           3310         83608.2 
           3330         85667.8 
           3350         74312.3 
           3370         43833.3 
           3390           61882 
           3410         71972.7 
           3430           85520 
           3450         71310.4 
           3470         72280.6 
           3490          100151 
           3510          132662 
           3530          129192 
           3550          188633 
           3570         86868.8 
           3590         76330.5 
           3610          115033 
           3630          147085 
           3640          164140 
           3650          184292 
           3670          239675 
           3690          189703 
           3710          146613 
           3730         63164.2 
           3750         84095.7 
           3770          197511 
           3790          219094 
           3810          201216 
           3830         87494.4 
           3850          149510 
           3870          141628 
           3890          151217 
           3910          209004 
           3930         75907.5 
           3950          156407 
           3970          110582 
           3990          324738 
           4010          418993 
           4030          329088 
           4050          371368 
           4070          343391 
           4090          447377 
           4110          301570 
           4130          354912 
           4150          328138 
           4170          336586 
           4190          359262 
           4210          312048 
           4230          183774 
           4250          335986 
           4270          334478 
           4290          333558 
           4310          369773 
           4330          506394 
           4350          538463 
           4370          565346 
           4390          492256 
           4410          511938 
           4430          540133 
           4450          561943 
           4470          632436 
           4490          661330 
           4510          748549 
           4530          619209 
           4550          698450 
           4570          746537 
           4590          723237 
           4610          748315 
           4630          758685 
           4650          720950 
           4670          788946 
           4690          765052 
           4710          733622 
           4730          726403 
           4750          713923 
           4770          613354 
           4790          649572 
           4810          760379 
           4830          757582 
           4850          809739 
           4870          789488 
           4890          810444 
           4910          824058 
           4930          770515 
           4950          756457 
           4970          699518 
           4990          642344 
           5010          561355 
           5030          605011 
           5050          559692 
           5070          540996 
           5090          520874 
           5110          521825 
           5130          499154 
           5150          462418 
           5170          445950 
           5190          503094 
           5210          575988 
           5230          876938 
           5250          926227 
           5270          791593 
           5290          952633 
           5310      1.03077e+6 
           5330          913642 
           5350          978598 
           5370          977920 
           5390          964282 
           5410          954320 
           5430          950819 
           5450          939819 
           5470          971486 
           5490          994094 
           5510          952384 
           5530      1.03702e+6 
           5550      1.06038e+6 
           5570      1.03606e+6 
           5590          966018 
           5610          998096 
           5630      1.05422e+6 
           5650      1.09782e+6 
           5670      1.07321e+6 
           5690      1.09799e+6 
           5710      1.06651e+6 
           5730      1.13831e+6 
           5750      1.15381e+6 
           5770      1.15069e+6 
           5790      1.12623e+6 
           5810      1.15588e+6 
           5830      1.17855e+6 
           5850      1.13682e+6 
           5870      1.10427e+6 
           5890          624276 
           5910      1.02834e+6 
           5930      1.11139e+6 
           5950      1.12202e+6 
           5970      1.14517e+6 
           5990      1.15518e+6 
           6010      1.15449e+6 
           6030      1.18155e+6 
           6050      1.19815e+6 
           6070      1.19486e+6 
           6090       1.1853e+6 
           6110       1.1819e+6 
           6130      1.11484e+6 
           6150      1.18241e+6 
           6170      1.02167e+6 
           6190      1.14122e+6 
           6210      1.12655e+6 
           6230      1.09196e+6 
           6250      1.07563e+6 
           6270      1.12522e+6 
           6290      1.15826e+6 
           6310      1.16011e+6 
           6330      1.18203e+6 
           6350      1.20468e+6 
           6370      1.20019e+6 
           6390      1.20874e+6 
           6410      1.19415e+6 
           6430      1.18263e+6 
           6450      1.15303e+6 
           6470      1.16617e+6 
           6490      1.15774e+6 
           6510       1.2037e+6 
           6530      1.23795e+6 
           6550      1.21328e+6 
           6570      1.21184e+6 
           6590      1.22393e+6 
           6610      1.22817e+6 
           6630      1.23097e+6 
           6650      1.21481e+6 
           6670      1.19347e+6 
           6690      1.17995e+6 
           6710       1.1613e+6 
           6730      1.15757e+6 
           6750        1.147e+6 
           6770      1.17952e+6 
           6790      1.16016e+6 
           6810      1.17594e+6 
           6830      1.19805e+6 
           6850      1.19974e+6 
           6870      1.19947e+6 
           6890      1.21744e+6 
           6910      1.23249e+6 
           6930      1.22766e+6 
           6950      1.23535e+6 
           6970      1.25494e+6 
           6990      1.24392e+6 
           7010      1.25285e+6 
           7030      1.26098e+6 
           7050      1.24413e+6 
           7070      1.18389e+6 
           7090      1.15347e+6 
           7110      1.15541e+6 
           7130      1.10321e+6 
           7150      1.08585e+6 
           7170      1.13725e+6 
           7190      1.15279e+6 
           7210      1.13967e+6 
           7230      1.19672e+6 
           7250      1.19636e+6 
           7270      1.22664e+6 
           7290      1.23473e+6 
           7310      1.24124e+6 
           7330       1.2281e+6 
           7350      1.23293e+6 
           7370      1.25399e+6 
           7390       1.2537e+6 
           7410      1.24584e+6 
           7430       1.2562e+6 
           7450      1.25225e+6 
           7470      1.25541e+6 
           7490      1.25576e+6 
           7510      1.26017e+6 
           7530      1.26538e+6 
           7550       1.2649e+6 
           7570      1.26388e+6 
           7590      1.25101e+6 
           7610      1.24757e+6 
           7630      1.24479e+6 
           7650      1.24016e+6 
           7670        1.176e+6 
           7690      1.21952e+6 
           7710      1.18772e+6 
           7730      1.22174e+6 
           7750      1.20767e+6 
           7770      1.22137e+6 
           7790      1.21951e+6 
           7810      1.22692e+6 
           7830       1.2155e+6 
           7850       1.2172e+6 
           7870      1.22903e+6 
           7890      1.23007e+6 
           7910      1.22078e+6 
           7930      1.21943e+6 
           7950      1.20877e+6 
           7970      1.23171e+6 
           7990      1.22478e+6 
           8010      1.22332e+6 
           8030      1.22436e+6 
           8050       1.2184e+6 
           8070      1.21734e+6 
           8090      1.21841e+6 
           8110      1.22129e+6 
           8130      1.22531e+6 
           8150      1.22453e+6 
           8170      1.22125e+6 
           8190      1.15435e+6 
           8210      1.19674e+6 
           8230      1.20328e+6 
           8250      1.20377e+6 
           8270      1.20979e+6 
           8290      1.20309e+6 
           8310      1.19141e+6 
           8330       1.1693e+6 
           8350      1.18715e+6 
           8370      1.18052e+6 
           8390      1.12165e+6 
           8410      1.17704e+6 
           8430      1.13393e+6 
           8450      1.17452e+6 
           8470      1.16189e+6 
           8490      1.16254e+6 
           8510      1.11838e+6 
           8530      1.15508e+6 
           8550      1.03682e+6 
           8570      1.17356e+6 
           8590      1.16938e+6 
           8610      1.16563e+6 
           8630      1.16898e+6 
           8650      1.16454e+6 
           8670      1.03889e+6 
           8690      1.11578e+6 
           8710      1.16544e+6 
           8730      1.16109e+6 
           8750      1.15899e+6 
           8770      1.15327e+6 
           8790      1.15968e+6 
           8810      1.12899e+6 
           8830      1.13209e+6 
           8850      1.14838e+6 
           8870      1.12708e+6 
           8890      1.13502e+6 
           8910      1.13648e+6 
           8930      1.13003e+6 
           8950      1.12145e+6 
           8970       1.1254e+6 
           8990      1.12888e+6 
           9010      1.09812e+6 
           9030      1.11978e+6 
           9050       1.1297e+6 
           9070      1.12944e+6 
           9090      1.10637e+6 
           9110      1.11359e+6 
           9130      1.11993e+6 
           9150      1.11787e+6 
           9170      1.11484e+6 
           9190      1.11601e+6 
           9210      1.10722e+6 
           9230      1.10915e+6 
           9250      1.09929e+6 
           9270      1.10078e+6 
           9290      1.09308e+6 
           9310      1.10108e+6 
           9330      1.09892e+6 
           9350      1.09551e+6 
           9370      1.08548e+6 
           9390      1.09163e+6 
           9410      1.08154e+6 
           9430      1.08713e+6 
           9450      1.07418e+6 
           9470      1.08347e+6 
           9490      1.08254e+6 
           9510      1.07995e+6 
           9530      1.07617e+6 
           9550      1.06056e+6 
           9570      1.06592e+6 
           9590       1.0727e+6 
           9610      1.05657e+6 
           9630      1.06539e+6 
           9650      1.02716e+6 
           9670      1.03311e+6 
           9690      1.04855e+6 
           9710      1.04008e+6 
           9730       1.0296e+6 
           9750      1.03342e+6 
           9770      1.03792e+6 
           9790      1.01301e+6 
           9810      1.04458e+6 
           9830      1.03582e+6 
           9850      1.04113e+6 
           9870      1.03757e+6 
           9890      1.03584e+6 
           9910      1.03305e+6 
           9930      1.03111e+6 
           9950      1.02925e+6 
           9970      1.02808e+6 
           9990      1.02661e+6 
          10025      1.01904e+6 
          10075      1.01303e+6 
          10125         1.01e+6 
          10175       1.0029e+6 
          10225          998483 
          10275          995461 
          10325          981038 
          10375          978043 
          10425          979257 
          10475          968387 
          10525          968593 
          10575          958008 
          10625          955885 
          10675          944274 
          10725          940797 
          10775          936597 
          10825          923463 
          10875          924995 
          10925          921124 
          10975          909091 
          11025          904705 
          11075          901377 
          11125          894665 
          11175          888969 
          11225          887047 
          11275          872678 
          11325          873475 
          11375          860485 
          11425          850691 
          11475          861262 
          11525          858570 
          11575          850184 
          11625          834970 
          11675          836124 
          11725          840489 
          11775          824483 
          11825          819114 
          11875          810120 
          11925          821434 
          11975          795125 
          12025          808819 
          12075          800794 
          12125          803042 
          12175          800347 
          12225          795931 
          12275          790538 
          12325          786862 
          12375          783127 
          12425          777470 
          12475          775170 
          12525          768707 
          12575          766917 
          12625          762204 
          12675          756460 
          12725          755156 
          12775          752188 
          12825          736920 
          12875          741276 
          12925          733094 
          12975          736428 
          13025          732252 
          13075          729350 
          13125          711995 
          13175          713176 
          13225          717745 
          13275          708521 
          13325          696490 
          13375          686153 
          13425          679986 
          13475          683269 
          13525          675774 
          13575          673115 
          13625          665689 
          13675          671850 
          13725          671043 
          13775          668402 
          13825          665707 
          13875          655026 
          13925          633138 
          13975          637662 
          14025          637587 
          14075          638654 
          14125          628875 
          14175          629150 
          14225          625817 
          14275          613507 
          14325          622801 
          14375          620552 
          14425          616475 
          14475          618553 
          14525          612017 
          14570          609520 
          14620          597972 
          14675          596647 
          14725          599744 
          14775          596089 
          14825          597235 
          14875          583519 
          14925          600083 
          14975          601036 
          15025          564734 
          15075          583954 
          15125          593703 
          15175          593952 
          15225          595811 
          15275          587992 
          15325          593193 
          15375          587827 
          15425          580824 
          15475          594839 
          15525          583870 
          15575          583855 
          15625          590276 
          15675          585660 
          15725          578162 
          15775          560531 
          15825          583243 
          15875          571668 
          15925          581498 
          15975          584418 
          16050          579070 
          16150          574318 
          16250          568799 
          16350          568811 
          16450          561442 
          16550          558708 
          16650          547994 
          16750          529949 
          16850          528111 
          16950          520796 
          17050          506319 
          17150          486063 
          17250          482330 
          17350          469451 
          17450          460313 
          17550          446055 
          17650          436408 
          17750          423037 
          17850          412020 
          17950          404438 
          18050          390821 
          18150          385305 
          18250          376749 
          18350          371044 
          18450          355278 
          18550          347516 
          18650          343865 
          18750          336274 
          18850          337998 
          18950          328219 
          19050          329379 
          19150          324286 
          19250          319807 
          19350          309386 
          19450          303594 
          19550          302350 
          19650          298703 
          19750          285825 
          19850          281662 
          19950          277141 
          20050          277326 
          20150          271546 
          20250          266179 
          20350          263151 
          20450          259728 
          20550          256760 
          20650          249968 
          20750          249315 
          20850          244476 
          20950          241479 
          21050          239360 
          21150          236150 
          21250          233924 
          21350          231895 
          21450          229419 
          21550          226986 
          21650          225039 
          21750          220752 
          21850          219020 
          21950          216756 
          22050          210191 
          22150          212552 
          22250          207510 
          22350          206148 
          22450          203904 
          22550          201507 
          22650          197132 
          22750          196146 
          22850          192282 
          22950          178765 
          23050          181706 
          23150          179648 
          23250          166516 
          23350          168492 
          23450          169511 
          23550          156805 
          23650          161281 
          23750          160647 
          23850          148560 
          23950          151335 
          24050          147578 
          24150          139867 
          24250          139061 
          24350          136022 
          24450          130034 
          24550          126601 
          24650          124485 
          24750          120714 
          24850          116096 
          24950          115682 
          25050          113349 
          25150          108870 
          25250          105752 
          25350          105588 
          25450          104911 
          25550          104581 
          25650          100212 
          25750          102094 
          25850          101289 
          25950          100504 
          26050          100300 
          26150          102261 
          26250          100243 
          26350          100015 
          26450         98150.9 
          26550         98166.4 
          26650         96863.5 
          26750         94177.1 
          26850         93262.4 
          26950         89521.6 
          27050         89499.4 
          27150         86337.2 
          27250         83837.6 
          27350         83381.9 
          27450         83700.3 
          27550         80125.5 
          27650         79630.9 
          27750           79415 
          27850         76674.6 
          27950           78167 
          28050         72319.8 
          28150         73746.5 
          28250         72583.4 
          28350         71233.1 
          28450         72478.7 
          28550         69055.4 
          28650         70488.1 
          28750           68859 
          28850         67454.8 
          28950         68014.5 
          29050         64435.6 
          29150         67483.3 
          29250         61051.8 
          29350         65928.3 
          29450         59352.3 
          29550         63088.6 
          29650         59261.5 
          29750         61600.8 
          29850         57577.8 
          29950         60818.6 
          30050         56025.5 
          30150         59910.5 
          30250         55258.3 
          30350         57553.3 
          30450         54583.5 
          30550         56035.1 
          30650           55229 
          30750         54041.5 
          30850         53505.8 
          30950           52193 
          31050         53799.6 
          31150         51594.9 
          31250         52731.1 
          31350         50551.6 
          31450         51228.5 
          31550         50370.5 
          31650         50932.9 
          31750         49510.1 
          31850         49819.8 
          31950         48958.5 
          32100         49171.1 
          32300         47979.1 
          32500         47718.6 
          32700         46900.7 
          32900         46057.1 
          33100           45939 
          33300         44950.6 
          33500         44405.3 
          33700         44115.4 
          33900         42911.1 
          34100         42607.1 
          34300         42508.5 
          34500         40852.4 
          34700           41065 
          34900         40227.7 
          35100         39378.9 
          35300         38664.8 
          35500         38484.7 
          35700         37377.8 
          35900         36886.5 
          36100         36629.2 
          36300         35651.9 
          36500         35152.2 
          36700         34571.5 
          36900         34020.4 
          37100         33255.1 
          37300         32788.6 
          37500         32522.7 
          37700         31539.7 
          37900         31417.7 
          38100         30621.4 
          38300           30092 
          38500         29604.7 
          38700         29196.4 
          38900         28483.6 
          39100         28037.7 
          39300         27533.6 
          39500         27146.8 
          39700         26563.2 
          39900         25687.1 
          40100         25518.2 
          40300         24998.8 
          40500         24332.1 
          40700           23732 
          40900         23385.6 
          41100           22969 
          41300         22548.3 
          41500           22198 
          41700         21585.9 
          41900         21376.9 
          42100         20818.5 
          42300         20720.4 
          42500         20124.7 
          42700         19837.3 
          42900         19074.5 
          43100         18123.1 
          43300         18117.3 
          43500         17242.5 
          43700         16694.2 
          43900         16432.6 
          44100           15759 
          44300         15394.9 
          44500         15176.3 
          44700         14639.8 
          44900         14510.8 
          45100         14128.2 
          45300         13806.6 
          45500         13680.4 
          45700         13525.6 
          45900         13133.8 
          46100         13065.3 
          46300         12803.8 
          46500         12800.7 
          46700         12603.4 
          46900         12408.3 
          47100         12252.8 
          47300         12184.8 
          47500         11910.3 
          47700         11663.1 
          47900         11601.7 
          48100         11230.5 
          48300         11341.7 
          48500         11039.3 
          48700         10774.6 
          48900         10611.2 
          49100         10645.4 
          49300         10267.8 
          49500         10199.6 
          49700           10022 
          49900         9918.39 
          50100         9648.91 
          50300         9527.22 
          50500         9384.82 
          50700         9302.59 
          50900         9112.28 
          51100         9043.69 
          51300         8878.38 
          51500         8816.69 
          51700         8582.85 
          51900          8507.3 
          52100         8453.79 
          52300         8274.39 
          52500         8123.03 
          52700         8124.83 
          52900         7873.96 
          53100         7898.54 
          53300         7696.27 
          53500         7637.27 
          53700         7491.78 
          53900         7516.04 
          54100         7332.35 
          54300         7065.45 
          54500         7175.65 
          54700         7070.67 
          54900          7011.1 
          55100         6890.94 
          55300         6834.04 
          55500         6642.38 
          55700         6620.41 
          55900         6612.64 
          56100         6474.14 
          56300         6372.84 
          56500         6343.97 
          56700         6236.25 
          56900         6096.94 
          57100         6131.95 
          57300         5934.66 
          57500         6073.62 
          57700         5890.14 
          57900         5782.43 
          58100            5816 
          58300         5652.14 
          58500         5621.14 
          58700         5576.23 
          58900         5536.06 
          59100         5438.15 
          59300          5423.7 
          59500         5356.42 
          59700          5264.9 
          59900         5249.76 
          60100         5253.35 
          60300         5079.32 
          60500         4994.21 
          60700         5046.53 
          60900         5001.86 
          61100         4854.33 
          61300         4947.53 
          61500         4796.26 
          61700         4772.46 
          61900         4722.99 
          62100          4671.7 
          62300         4658.36 
          62500         4545.93 
          62700         4484.99 
          62900         4474.67 
          63100          4391.3 
          63300         4365.37 
          63500         4238.89 
          63700         4253.64 
          63900         4164.66 
          64200         4044.77 
          64600         3807.78 
          65000         3670.84 
          65400          3551.1 
          65800         3380.07 
          66200         3285.88 
          66600         3235.72 
          67000          3132.5 
          67400          3094.7 
          67800         2971.58 
          68200         2903.45 
          68600         2898.91 
          69000         2813.33 
          69400         2735.94 
          69800         2737.15 
          70200         2634.87 
          70600         2591.12 
          71000         2532.26 
          71400         2493.33 
          71800         2469.13 
          72200          2370.3 
          72600         2335.53 
          73000         2316.58 
          73400         2253.02 
          73800         2226.17 
          74200          2155.5 
          74600         2142.93 
          75000         2093.41 
          75400         2053.24 
          75800         1985.53 
          76200         1934.51 
          76600         1903.18 
          77000         1883.14 
          77400         1808.77 
          77800         1795.13 
          78200         1750.02 
          78600         1717.43 
          79000         1661.82 
          79400         1656.05 
          79800         1596.48 
          80200         1593.24 
          80600         1544.13 
          81000         1510.94 
          81400         1493.91 
          81800         1473.14 
          82200         1431.85 
          82600         1427.46 
          83000          1387.6 
          83400         1356.07 
          83800         1322.55 
          84200         1331.96 
          84600         1296.29 
          85000         1264.25 
          85400         1257.34 
          85800         1231.27 
          86200          1215.4 
          86600          1193.5 
          87000         1187.78 
          87400         1145.27 
          87800         1134.02 
          88200         1114.95 
          88600         1099.58 
          89000         1086.01 
          89400         1068.53 
          89800         1045.53 
          90200         1040.45 
          90600         1021.92 
          91000         1005.77 
          91400         988.416 
          91800         973.963 
          92200         959.105 
          92600         937.832 
          93000         930.916 
          93400         914.667 
          93800         899.431 
          94200         881.792 
          94600         865.888 
          95000         855.605 
          95400         854.573 
          95800         825.694 
          96200         813.835 
          96600         800.125 
          97000         789.656 
          97400         781.556 
          97800         767.457 
          98200         756.841 
          98600         746.489 
          99000         715.329 
          99400         718.621 
          99800         705.157 
         100200         694.508 
         200000         48.0133 
         400000         3.10639 
         600000        0.616478 
         800000        0.194834 
         1.0e+6        0.079588 
         1.2e+6       0.0382643 
         1.4e+6       0.0205914 
         1.6e+6       0.0120368 
