# Kurucz ODFNEW /NOVER models
# teff = 48000 K (value for the effective temperature for the model. Temperatures are given in K)
# logg = 5.00 log(cm/s2) (value for Log(G) for the model.)
# meta = -0.5  (value for the Metallicity for the model.)
# lh = 1.25  (l/Hp where l is the  mixing length of the convective element and Hp is the pressure scale height)
# vtur = 2.0 km/s (Microturbulence velocity)
#
# column 1: WAVELENGTH (ANGSTROM), Wavelength in Angstrom
# column 2: FLUX (ERG/CM2/S/A), Flux in erg/cm2/s/A
              0               0 
           90.9       0.0026798 
           93.5      0.00688713 
           96.1       0.0165639 
           97.7       0.0283086 
           99.6       0.0515376 
            102        0.106317 
          103.8        0.179078 
          105.6        0.296169 
          107.7        0.521186 
          110.4         1.04332 
            114         2.49797 
          117.8         5.91556 
          121.3         12.5127 
          124.8         25.2766 
          127.1         39.3511 
          128.4         50.5048 
          130.5         73.7456 
          132.4         102.995 
          133.9         133.309 
          136.6         207.832 
          139.8          347.66 
          143.3          589.05 
          147.2         1005.45 
            151         1733.71 
          155.2         2988.88 
          158.8         4675.23 
            162         7071.38 
            166         11215.4 
          170.3         17536.2 
          173.4         24032.8 
          176.8         34094.5 
          180.2         47478.7 
          181.7         53242.2 
          186.1         81246.8 
            191          123074 
          193.9          159441 
          198.4          227555 
          201.8          292174 
            205          375628 
          210.5          556694 
          216.2          816044 
          219.8      1.04023e+6 
            223      1.26226e+6 
          226.8      1.57538e+6 
            230      1.41092e+8 
            234      1.01331e+9 
            240       3.7448e+9 
          246.5     1.38795e+10 
          252.4     4.02528e+10 
          256.8     5.56805e+10 
            260     6.54819e+10 
            264     1.48155e+11 
          268.5     1.71298e+11 
          273.5     1.93698e+11 
          278.5     1.55404e+11 
            284     2.38646e+11 
            290     2.89478e+11 
            296      2.3995e+11 
            301     1.26374e+11 
            308     1.63533e+11 
            318     9.03676e+10 
            328     1.06512e+11 
            338     7.42454e+10 
            348     7.33496e+10 
            357     1.49969e+11 
            366     2.29442e+11 
            375     2.63906e+11 
            385     2.26745e+11 
            395     3.08579e+11 
            405     3.80395e+11 
            414     3.73421e+11 
            422     3.46851e+11 
            430     3.24103e+11 
            441     3.68709e+11 
            451      3.7171e+11 
            460     3.31082e+11 
            470      3.3938e+11 
            480     3.57697e+11 
            490      3.1254e+11 
            500     3.58573e+11 
            506     3.12702e+11 
            512     3.66176e+11 
            520     3.46161e+11 
            530     3.23848e+11 
            540     2.80364e+11 
            550     2.48916e+11 
            560     3.01564e+11 
            570     3.11206e+11 
            580     3.02191e+11 
            590     2.98765e+11 
            600     2.73422e+11 
            610     2.45913e+11 
            620     2.78216e+11 
            630     2.58329e+11 
            640     2.71437e+11 
            650     2.55722e+11 
            658     2.36568e+11 
            665     2.53508e+11 
            675     2.51493e+11 
            685     2.30602e+11 
            695     2.40159e+11 
            705     2.19751e+11 
            716     2.29629e+11 
            726     2.28057e+11 
            735      2.2328e+11 
            745     2.14014e+11 
            755     2.07206e+11 
            765     1.93282e+11 
            775     1.98086e+11 
            785     1.86071e+11 
            795     1.88942e+11 
            805     1.87178e+11 
            815     1.83889e+11 
            825     1.80936e+11 
            835     1.66924e+11 
            845     1.72235e+11 
            855     1.65008e+11 
            865     1.65963e+11 
            875       1.632e+11 
            885      1.5821e+11 
            895     1.55118e+11 
            905     1.49924e+11 
            915     1.11252e+11 
            925     1.68128e+11 
            935      2.0951e+11 
            945      2.4221e+11 
            955     2.66781e+11 
            965     2.89219e+11 
            975      2.2388e+11 
            985     2.65254e+11 
            995     2.38373e+11 
           1005     2.45827e+11 
           1015     2.43578e+11 
           1025     2.06401e+11 
           1035     2.41841e+11 
           1045     2.42165e+11 
           1055     2.36028e+11 
           1065     2.22433e+11 
           1075     2.23383e+11 
           1085     2.05008e+11 
           1095     2.12152e+11 
           1105     2.05284e+11 
           1115     2.00686e+11 
           1125      1.9271e+11 
           1135     1.93008e+11 
           1145      1.8937e+11 
           1155     1.81559e+11 
           1165     1.72437e+11 
           1175     1.59751e+11 
           1185     1.65284e+11 
           1195     1.58928e+11 
           1205     1.55489e+11 
           1215     1.27324e+11 
           1225     1.47413e+11 
           1235     1.41768e+11 
           1245     1.37808e+11 
           1255     1.38781e+11 
           1265     1.36374e+11 
           1275     1.33654e+11 
           1285     1.30941e+11 
           1295     1.28542e+11 
           1305     1.23941e+11 
           1315     1.21569e+11 
           1325     1.18453e+11 
           1335     1.16355e+11 
           1345     1.13761e+11 
           1355     1.09367e+11 
           1365     1.04867e+11 
           1375      1.0103e+11 
           1385     1.00761e+11 
           1395      9.7753e+10 
           1405      9.3582e+10 
           1415     9.67214e+10 
           1425     9.24281e+10 
           1435      9.2685e+10 
           1442     8.92074e+10 
           1447     8.86513e+10 
           1455     8.65474e+10 
           1465     8.52172e+10 
           1475     8.39617e+10 
           1485     8.35078e+10 
           1495     8.12701e+10 
           1505     7.98776e+10 
           1512     7.91596e+10 
           1517     7.73273e+10 
           1525     7.67837e+10 
           1535     7.31835e+10 
           1545     6.65434e+10 
           1555     6.62278e+10 
           1565     6.83806e+10 
           1575     6.81012e+10 
           1585     6.64196e+10 
           1595     6.55199e+10 
           1605     6.31645e+10 
           1615     6.16799e+10 
           1625     6.07676e+10 
           1635     5.94066e+10 
           1645     5.63559e+10 
           1655      5.8396e+10 
           1665     5.75134e+10 
           1672     5.55045e+10 
           1677     5.67897e+10 
           1685     5.59107e+10 
           1695     5.50314e+10 
           1705      5.3575e+10 
           1715     5.15163e+10 
           1725     5.08979e+10 
           1735     5.10837e+10 
           1745       5.003e+10 
           1755     4.89426e+10 
           1765     4.81575e+10 
           1775     4.72602e+10 
           1785     4.66174e+10 
           1795     4.55067e+10 
           1805     4.47158e+10 
           1815     4.38872e+10 
           1825     4.30886e+10 
           1835     4.23931e+10 
           1845     4.16736e+10 
           1855     4.08806e+10 
           1865     4.02007e+10 
           1875     3.93969e+10 
           1885     3.86546e+10 
           1895     3.82538e+10 
           1905     3.75856e+10 
           1915     3.69167e+10 
           1925     3.57595e+10 
           1935     3.56816e+10 
           1945     3.50925e+10 
           1955     3.43529e+10 
           1967     3.37434e+10 
           1976     3.31714e+10 
           1984     3.28126e+10 
           1995     3.21656e+10 
           2005     3.16713e+10 
           2015     3.11352e+10 
           2025     3.06163e+10 
           2035     3.00704e+10 
           2045     2.94563e+10 
           2055     2.23673e+10 
           2065      2.1372e+10 
           2074      2.1553e+10 
           2078     2.19098e+10 
           2085     2.29649e+10 
           2095     2.52491e+10 
           2105      2.6479e+10 
           2115     2.63909e+10 
           2125     2.59153e+10 
           2135     2.55185e+10 
           2145     2.51272e+10 
           2155      2.5099e+10 
           2165     2.38469e+10 
           2175     2.45153e+10 
           2185     2.32759e+10 
           2195     2.37867e+10 
           2205     2.34583e+10 
           2215     2.21444e+10 
           2225     2.27417e+10 
           2235     2.24218e+10 
           2245     2.20289e+10 
           2255     2.08627e+10 
           2265     2.13831e+10 
           2275      2.1098e+10 
           2285     2.07045e+10 
           2295     2.02369e+10 
           2305     1.93448e+10 
           2315     1.97376e+10 
           2325     1.95341e+10 
           2335     1.92469e+10 
           2345     1.89323e+10 
           2355     1.86326e+10 
           2365     1.83522e+10 
           2375     1.80397e+10 
           2385     1.70595e+10 
           2395     1.74368e+10 
           2405      1.7199e+10 
           2415       1.698e+10 
           2425     1.68165e+10 
           2435     1.65497e+10 
           2445     1.63194e+10 
           2455     1.60205e+10 
           2465     1.58492e+10 
           2475     1.56562e+10 
           2485     1.53975e+10 
           2495     1.46776e+10 
           2505     1.48944e+10 
           2513     1.37129e+10 
           2518     1.45093e+10 
           2525     1.44497e+10 
           2535     1.43687e+10 
           2545      1.4181e+10 
           2555     1.39779e+10 
           2565     1.37935e+10 
           2575     1.35968e+10 
           2585     1.34095e+10 
           2595     1.31228e+10 
           2605     1.30545e+10 
           2615     1.28254e+10 
           2625     1.27071e+10 
           2635     1.25381e+10 
           2645     1.23552e+10 
           2655     1.22029e+10 
           2665     1.20351e+10 
           2675     1.18221e+10 
           2685     1.17076e+10 
           2695     1.15394e+10 
           2705     1.14203e+10 
           2715     1.12632e+10 
           2725     1.11087e+10 
           2735     1.05945e+10 
           2745     1.08329e+10 
           2755     1.06874e+10 
           2765     1.05506e+10 
           2775     1.04111e+10 
           2785     1.02622e+10 
           2795     1.01242e+10 
           2805     1.00153e+10 
           2815      9.89009e+9 
           2825      9.75222e+9 
           2835      9.64321e+9 
           2845      9.52713e+9 
           2855      9.40692e+9 
           2865      9.27849e+9 
           2875      9.16118e+9 
           2885      9.05658e+9 
           2895      8.94107e+9 
           2910      8.77708e+9 
           2930      8.56813e+9 
           2950      8.35755e+9 
           2970      8.14842e+9 
           2990      7.93778e+9 
           3010      7.75572e+9 
           3030      7.55234e+9 
           3050      7.38557e+9 
           3070      7.20371e+9 
           3090      7.05909e+9 
           3110      6.89574e+9 
           3130      6.73214e+9 
           3150      6.58845e+9 
           3170        6.434e+9 
           3190      6.28953e+9 
           3210      6.03956e+9 
           3230       6.0177e+9 
           3250       5.8843e+9 
           3270      5.72589e+9 
           3290       5.6227e+9 
           3310      5.49858e+9 
           3330      5.37939e+9 
           3350      5.24922e+9 
           3370      5.14828e+9 
           3390      5.03492e+9 
           3410      4.92421e+9 
           3430      4.83077e+9 
           3450      4.71825e+9 
           3470      4.62775e+9 
           3490      4.53217e+9 
           3510      4.44214e+9 
           3530       4.3472e+9 
           3550      4.25831e+9 
           3570       4.1723e+9 
           3590      4.08677e+9 
           3610      4.00346e+9 
           3630      3.92087e+9 
           3640       3.8038e+9 
           3650      3.44027e+9 
           3670      3.37629e+9 
           3690      3.31795e+9 
           3710       3.2746e+9 
           3730      3.26042e+9 
           3750      3.26219e+9 
           3770      3.26372e+9 
           3790      3.28576e+9 
           3810      3.30377e+9 
           3830      3.13889e+9 
           3850      3.22301e+9 
           3870      3.20361e+9 
           3890       2.9238e+9 
           3910      3.09728e+9 
           3930      3.02802e+9 
           3950      2.98656e+9 
           3970      2.69935e+9 
           3990      2.87492e+9 
           4010      2.83694e+9 
           4030      2.73671e+9 
           4050       2.7419e+9 
           4070      2.68796e+9 
           4090      2.56737e+9 
           4110      2.41131e+9 
           4130      2.54063e+9 
           4150       2.5022e+9 
           4170      2.45963e+9 
           4190      2.40101e+9 
           4210      2.33298e+9 
           4230      2.33266e+9 
           4250      2.29156e+9 
           4270      2.25155e+9 
           4290      2.21239e+9 
           4310      2.16878e+9 
           4330      2.06199e+9 
           4350      1.96941e+9 
           4370      2.05638e+9 
           4390      2.02224e+9 
           4410      1.99096e+9 
           4430      1.95939e+9 
           4450      1.92546e+9 
           4470      1.88445e+9 
           4490      1.86247e+9 
           4510      1.82987e+9 
           4530      1.79559e+9 
           4550      1.73386e+9 
           4570      1.74211e+9 
           4590      1.71384e+9 
           4610      1.68636e+9 
           4630      1.65536e+9 
           4650      1.61853e+9 
           4670       1.6028e+9 
           4690       1.5236e+9 
           4710      1.55377e+9 
           4730      1.53124e+9 
           4750      1.50701e+9 
           4770      1.48314e+9 
           4790       1.4593e+9 
           4810      1.43693e+9 
           4830      1.41197e+9 
           4850      1.35661e+9 
           4870      1.27933e+9 
           4890       1.3453e+9 
           4910      1.32872e+9 
           4930       1.3059e+9 
           4950      1.28898e+9 
           4970      1.26941e+9 
           4990      1.25036e+9 
           5010      1.22971e+9 
           5030      1.21282e+9 
           5050      1.19443e+9 
           5070      1.17698e+9 
           5090      1.15963e+9 
           5110      1.14252e+9 
           5130      1.12559e+9 
           5150      1.10909e+9 
           5170      1.09297e+9 
           5190      1.07704e+9 
           5210      1.06132e+9 
           5230      1.04607e+9 
           5250      1.03068e+9 
           5270      1.01567e+9 
           5290      1.00166e+9 
           5310      9.87384e+8 
           5330      9.73291e+8 
           5350      9.59591e+8 
           5370      9.46028e+8 
           5390      9.32681e+8 
           5410      8.99254e+8 
           5430      9.06417e+8 
           5450      8.94248e+8 
           5470      8.81789e+8 
           5490      8.69665e+8 
           5510      8.57442e+8 
           5530      8.45942e+8 
           5550      8.34376e+8 
           5570      8.22846e+8 
           5590       8.1075e+8 
           5610       8.0086e+8 
           5630      7.90058e+8 
           5650      7.79436e+8 
           5670      7.69001e+8 
           5690      7.48456e+8 
           5710       6.9765e+8 
           5730      6.88725e+8 
           5750      6.79908e+8 
           5770      6.71391e+8 
           5790      6.63132e+8 
           5810      6.53395e+8 
           5830      6.48253e+8 
           5850      6.42024e+8 
           5870       6.3371e+8 
           5890      6.31075e+8 
           5910      6.26434e+8 
           5930      6.22237e+8 
           5950      6.18592e+8 
           5970      6.15267e+8 
           5990      6.12785e+8 
           6010      6.08285e+8 
           6030      6.04154e+8 
           6050      5.99342e+8 
           6070      5.91829e+8 
           6090      5.85084e+8 
           6110      5.78051e+8 
           6130      5.71117e+8 
           6150      5.64878e+8 
           6170      5.56115e+8 
           6190      5.50887e+8 
           6210      5.44441e+8 
           6230      5.35507e+8 
           6250      5.30504e+8 
           6270      5.24709e+8 
           6290      5.18323e+8 
           6310       5.0909e+8 
           6330      5.05426e+8 
           6350       4.9982e+8 
           6370      4.93815e+8 
           6390      4.87391e+8 
           6410      4.78319e+8 
           6430      4.76268e+8 
           6450      4.70668e+8 
           6470       4.6508e+8 
           6490       4.5966e+8 
           6510      4.53604e+8 
           6530      4.43639e+8 
           6550       4.3672e+8 
           6570      4.08605e+8 
           6590       4.3198e+8 
           6610      4.28403e+8 
           6630      4.23466e+8 
           6650      4.18588e+8 
           6670      4.12026e+8 
           6690      4.03128e+8 
           6710      4.04141e+8 
           6730      3.99728e+8 
           6750      3.95174e+8 
           6770      3.90752e+8 
           6790      3.86355e+8 
           6810      3.82002e+8 
           6830      3.77718e+8 
           6850      3.73481e+8 
           6870      3.69245e+8 
           6890      3.59436e+8 
           6910      3.60737e+8 
           6930      3.57152e+8 
           6950      3.53212e+8 
           6970      3.49327e+8 
           6990      3.45487e+8 
           7010       3.4167e+8 
           7030      3.37863e+8 
           7050      3.34242e+8 
           7070      3.29904e+8 
           7090      3.27086e+8 
           7110      3.23521e+8 
           7130      3.20019e+8 
           7150      3.16623e+8 
           7170      3.09569e+8 
           7190      3.07557e+8 
           7210       3.0658e+8 
           7230      3.03327e+8 
           7250      3.00107e+8 
           7270      2.96934e+8 
           7290      2.93627e+8 
           7310      2.90669e+8 
           7330      2.87669e+8 
           7350      2.84655e+8 
           7370      2.81662e+8 
           7390      2.78725e+8 
           7410       2.7583e+8 
           7430      2.73003e+8 
           7450      2.70107e+8 
           7470        2.674e+8 
           7490      2.64543e+8 
           7510      2.61907e+8 
           7530      2.59255e+8 
           7550      2.56615e+8 
           7570      2.53985e+8 
           7590      2.46632e+8 
           7610      2.48414e+8 
           7630      2.46363e+8 
           7650      2.43879e+8 
           7670      2.41437e+8 
           7690      2.38941e+8 
           7710      2.36587e+8 
           7730      2.34167e+8 
           7750      2.31943e+8 
           7770       2.2964e+8 
           7790       2.2737e+8 
           7810      2.25126e+8 
           7830      2.22908e+8 
           7850      2.20661e+8 
           7870      2.18538e+8 
           7890      2.16408e+8 
           7910      2.14316e+8 
           7930       2.1223e+8 
           7950      2.10168e+8 
           7970      2.08088e+8 
           7990      2.06127e+8 
           8010      2.04142e+8 
           8030      2.02157e+8 
           8050      2.00241e+8 
           8070      1.98324e+8 
           8090      1.96435e+8 
           8110      1.94562e+8 
           8130      1.92717e+8 
           8150      1.90888e+8 
           8170      1.89034e+8 
           8190      1.86444e+8 
           8210      1.77489e+8 
           8230      1.74647e+8 
           8250      1.73945e+8 
           8270      1.72659e+8 
           8290      1.71103e+8 
           8310       1.6956e+8 
           8330      1.67976e+8 
           8350      1.66486e+8 
           8370      1.65019e+8 
           8390       1.6357e+8 
           8410      1.62164e+8 
           8430      1.60775e+8 
           8450      1.59392e+8 
           8470        1.581e+8 
           8490       1.5687e+8 
           8510      1.55592e+8 
           8530      1.54439e+8 
           8550      1.53161e+8 
           8570      1.52128e+8 
           8590      1.50849e+8 
           8610      1.49753e+8 
           8630      1.48923e+8 
           8650      1.47696e+8 
           8670      1.46119e+8 
           8690      1.45811e+8 
           8710      1.44978e+8 
           8730      1.43761e+8 
           8750      1.41382e+8 
           8770      1.41546e+8 
           8790      1.41254e+8 
           8810      1.40473e+8 
           8830      1.39441e+8 
           8850      1.36921e+8 
           8870      1.34106e+8 
           8890      1.35759e+8 
           8910      1.35358e+8 
           8930      1.34436e+8 
           8950      1.33427e+8 
           8970      1.32163e+8 
           8990      1.30266e+8 
           9010      1.25567e+8 
           9030      1.26079e+8 
           9050      1.27321e+8 
           9070      1.26646e+8 
           9090      1.25774e+8 
           9110      1.24569e+8 
           9130      1.23793e+8 
           9150      1.22789e+8 
           9170        1.216e+8 
           9190       1.2021e+8 
           9210      1.17899e+8 
           9230      1.12445e+8 
           9250      1.15596e+8 
           9270      1.16154e+8 
           9290       1.1558e+8 
           9310      1.14724e+8 
           9330       1.1354e+8 
           9350      1.09969e+8 
           9370      1.11388e+8 
           9390      1.10914e+8 
           9410      1.10073e+8 
           9430      1.09175e+8 
           9450      1.08283e+8 
           9470      1.07368e+8 
           9490      1.06393e+8 
           9510      1.05067e+8 
           9530      1.02681e+8 
           9550       9.7592e+7 
           9570      1.01533e+8 
           9590      1.01842e+8 
           9610      1.01358e+8 
           9630      1.00564e+8 
           9650      9.97913e+7 
           9670      9.89882e+7 
           9690      9.81946e+7 
           9710      9.72752e+7 
           9730       9.6609e+7 
           9750      9.56743e+7 
           9770      9.44976e+7 
           9790      9.43357e+7 
           9810      9.35874e+7 
           9830      9.28367e+7 
           9850      9.21145e+7 
           9870      9.13857e+7 
           9890      9.06659e+7 
           9910      8.99551e+7 
           9930      8.92494e+7 
           9950      8.85521e+7 
           9970      8.78599e+7 
           9990      8.71197e+7 
          10025      8.44057e+7 
          10075      8.21117e+7 
          10125      8.12255e+7 
          10175      8.11421e+7 
          10225      7.96048e+7 
          10275      7.80932e+7 
          10325      7.65967e+7 
          10375      7.51987e+7 
          10425      7.33664e+7 
          10475      7.24308e+7 
          10525      7.10946e+7 
          10575      6.97905e+7 
          10625      6.85146e+7 
          10675      6.72659e+7 
          10725      6.60506e+7 
          10775      6.48583e+7 
          10825      6.35887e+7 
          10875      6.24732e+7 
          10925      5.91535e+7 
          10975      5.97166e+7 
          11025      5.92756e+7 
          11075       5.8247e+7 
          11125      5.72283e+7 
          11175       5.6268e+7 
          11225      5.52895e+7 
          11275       5.4335e+7 
          11325      5.34008e+7 
          11375      5.24898e+7 
          11425      5.15955e+7 
          11475      5.07177e+7 
          11525      4.98618e+7 
          11575      4.90215e+7 
          11625      4.75888e+7 
          11675      4.69526e+7 
          11725      4.66078e+7 
          11775      4.58377e+7 
          11825      4.50792e+7 
          11875      4.43396e+7 
          11925      4.36162e+7 
          11975      4.28718e+7 
          12025      4.22087e+7 
          12075      4.15267e+7 
          12125      4.08569e+7 
          12175      4.02043e+7 
          12225      3.95633e+7 
          12275      3.89343e+7 
          12325      3.83165e+7 
          12375      3.77121e+7 
          12425      3.71188e+7 
          12475      3.65387e+7 
          12525      3.59667e+7 
          12575      3.54097e+7 
          12625      3.48626e+7 
          12675      3.43253e+7 
          12725      3.37956e+7 
          12775      3.30908e+7 
          12825      3.13904e+7 
          12875      3.21854e+7 
          12925      3.17882e+7 
          12975      3.13019e+7 
          13025      3.08379e+7 
          13075      3.03777e+7 
          13125      2.99257e+7 
          13175      2.94798e+7 
          13225      2.90441e+7 
          13275      2.86162e+7 
          13325      2.81961e+7 
          13375      2.77835e+7 
          13425      2.73783e+7 
          13475      2.69805e+7 
          13525      2.65919e+7 
          13575      2.62083e+7 
          13625      2.58316e+7 
          13675      2.54618e+7 
          13725      2.50986e+7 
          13775       2.4742e+7 
          13825      2.43919e+7 
          13875      2.40462e+7 
          13925      2.37086e+7 
          13975      2.33753e+7 
          14025        2.305e+7 
          14075      2.27287e+7 
          14125      2.24132e+7 
          14175      2.21035e+7 
          14225      2.17995e+7 
          14275      2.14991e+7 
          14325      2.12043e+7 
          14375      2.09166e+7 
          14425      2.06325e+7 
          14475      2.03535e+7 
          14525      2.00779e+7 
          14570      1.98352e+7 
          14620      1.95746e+7 
          14675      1.92847e+7 
          14725       1.9015e+7 
          14775      1.85638e+7 
          14825      1.85245e+7 
          14875      1.82844e+7 
          14925      1.80454e+7 
          14975      1.78092e+7 
          15025      1.75774e+7 
          15075      1.73466e+7 
          15125      1.71234e+7 
          15175      1.69027e+7 
          15225      1.67042e+7 
          15275      1.64787e+7 
          15325      1.62687e+7 
          15375      1.60675e+7 
          15425       1.5851e+7 
          15475      1.56605e+7 
          15525      1.54585e+7 
          15575      1.52515e+7 
          15625      1.50878e+7 
          15675      1.48697e+7 
          15725      1.46776e+7 
          15775      1.45316e+7 
          15825      1.43363e+7 
          15875      1.41217e+7 
          15925      1.39701e+7 
          15975      1.38262e+7 
          16050      1.35492e+7 
          16150      1.31974e+7 
          16250      1.29247e+7 
          16350      1.25826e+7 
          16450      1.22454e+7 
          16550      1.20231e+7 
          16650      1.17402e+7 
          16750      1.14208e+7 
          16850      1.11062e+7 
          16950      1.09398e+7 
          17050      1.06812e+7 
          17150       1.0444e+7 
          17250      1.02025e+7 
          17350      9.83631e+6 
          17450      9.73267e+6 
          17550      9.53352e+6 
          17650      9.32169e+6 
          17750      9.11555e+6 
          17850      8.91508e+6 
          17950      8.72015e+6 
          18050      8.53026e+6 
          18150        8.207e+6 
          18250      8.13529e+6 
          18350      7.99148e+6 
          18450      7.82132e+6 
          18550      7.65706e+6 
          18650       7.3972e+6 
          18750      7.14879e+6 
          18850      7.18276e+6 
          18950      7.03667e+6 
          19050      6.88938e+6 
          19150      6.74992e+6 
          19250      6.61204e+6 
          19350      6.47003e+6 
          19450      6.20459e+6 
          19550      6.21107e+6 
          19650      6.09436e+6 
          19750      5.97292e+6 
          19850      5.85447e+6 
          19950      5.73896e+6 
          20050      5.62635e+6 
          20150      5.51639e+6 
          20250      5.40913e+6 
          20350       5.3045e+6 
          20450       5.2023e+6 
          20550      5.10202e+6 
          20650      5.00527e+6 
          20750      4.90922e+6 
          20850      4.81734e+6 
          20950      4.72683e+6 
          21050      4.63833e+6 
          21150      4.55076e+6 
          21250      4.46751e+6 
          21350        4.385e+6 
          21450      4.30433e+6 
          21550      4.22222e+6 
          21650      4.04135e+6 
          21750      4.06402e+6 
          21850      3.99983e+6 
          21950      3.92806e+6 
          22050      3.85779e+6 
          22150      3.78908e+6 
          22250      3.72186e+6 
          22350      3.65618e+6 
          22450      3.59193e+6 
          22550      3.52904e+6 
          22650      3.46752e+6 
          22750      3.40735e+6 
          22850      3.35138e+6 
          22950      3.29379e+6 
          23050      3.23734e+6 
          23150      3.18215e+6 
          23250      3.12806e+6 
          23350      3.07515e+6 
          23450      3.02335e+6 
          23550      2.97266e+6 
          23650      2.92299e+6 
          23750      2.87439e+6 
          23850      2.82676e+6 
          23950      2.78008e+6 
          24050      2.73441e+6 
          24150      2.68965e+6 
          24250       2.6458e+6 
          24350      2.60289e+6 
          24450      2.56079e+6 
          24550      2.51952e+6 
          24650      2.47916e+6 
          24750      2.43906e+6 
          24850      2.40068e+6 
          24950      2.36265e+6 
          25050      2.32533e+6 
          25150      2.28877e+6 
          25250      2.25289e+6 
          25350      2.21774e+6 
          25450       2.1833e+6 
          25550      2.14945e+6 
          25650      2.11589e+6 
          25750      2.08375e+6 
          25850      2.05188e+6 
          25950       2.0206e+6 
          26050      1.98857e+6 
          26150      1.95152e+6 
          26250      1.87156e+6 
          26350      1.89591e+6 
          26450      1.87271e+6 
          26550      1.84468e+6 
          26650      1.81665e+6 
          26750      1.78335e+6 
          26850      1.76335e+6 
          26950      1.73815e+6 
          27050      1.71271e+6 
          27150      1.68775e+6 
          27250      1.66321e+6 
          27350      1.63908e+6 
          27450      1.61531e+6 
          27550      1.58256e+6 
          27650      1.56468e+6 
          27750      1.54697e+6 
          27850      1.52495e+6 
          27950      1.50335e+6 
          28050      1.48211e+6 
          28150      1.46124e+6 
          28250      1.44072e+6 
          28350      1.42058e+6 
          28450       1.4008e+6 
          28550      1.38129e+6 
          28650      1.35781e+6 
          28750      1.32969e+6 
          28850      1.32366e+6 
          28950       1.3068e+6 
          29050      1.28898e+6 
          29150      1.27141e+6 
          29250      1.25419e+6 
          29350      1.23722e+6 
          29450      1.22058e+6 
          29550      1.20418e+6 
          29650      1.18806e+6 
          29750      1.17221e+6 
          29850      1.15663e+6 
          29950      1.14132e+6 
          30050      1.12622e+6 
          30150      1.11139e+6 
          30250      1.09611e+6 
          30350      1.06951e+6 
          30450      1.06022e+6 
          30550      1.05438e+6 
          30650      1.04082e+6 
          30750       1.0274e+6 
          30850      1.01418e+6 
          30950      1.00115e+6 
          31050          988344 
          31150          975756 
          31250          963350 
          31350          951158 
          31450          939139 
          31550          927291 
          31650          915686 
          31750          904210 
          31850          892932 
          31950          881816 
          32100          865513 
          32300          844285 
          32500          823761 
          32700          803813 
          32900          774268 
          33100          763493 
          33300          747862 
          33500          730163 
          33700          713029 
          33900          696382 
          34100          680202 
          34300          664511 
          34500          649234 
          34700          634418 
          34900          620022 
          35100          606003 
          35300          592417 
          35500          579184 
          35700          566326 
          35900          553837 
          36100          541677 
          36300          529835 
          36500          518332 
          36700          507132 
          36900          496225 
          37100          485526 
          37300          471559 
          37500          459711 
          37700          455430 
          37900          445890 
          38100          436600 
          38300          427558 
          38500          418756 
          38700          410164 
          38900          401773 
          39100          393607 
          39300          385659 
          39500          377900 
          39700          370352 
          39900          362980 
          40100          355620 
          40300          348317 
          40500          335606 
          40700          335183 
          40900          328737 
          41100          322379 
          41300          316149 
          41500          310111 
          41700          303288 
          41900          298425 
          42100          292791 
          42300          287292 
          42500          281904 
          42700          276645 
          42900          271492 
          43100          266504 
          43300          261617 
          43500          256828 
          43700          250971 
          43900          247184 
          44100          243107 
          44300          238748 
          44500          234475 
          44700          230364 
          44900          226280 
          45100          222277 
          45300          218373 
          45500          214546 
          45700          210815 
          45900          207158 
          46100          203574 
          46300          199991 
          46500          192107 
          46700          191242 
          46900          189666 
          47100          186802 
          47300          183643 
          47500          180563 
          47700          177546 
          47900          174605 
          48100          171707 
          48300          168866 
          48500          166099 
          48700          163372 
          48900          160715 
          49100          158111 
          49300          155544 
          49500          153041 
          49700          150586 
          49900          148180 
          50100          145821 
          50300          143508 
          50500          141242 
          50700          139021 
          50900          136840 
          51100          134488 
          51300          130883 
          51500          130421 
          51700          128541 
          51900          126564 
          52100          124627 
          52300          122725 
          52500          120859 
          52700          119029 
          52900          117232 
          53100          115470 
          53300          113742 
          53500          112044 
          53700          110378 
          53900          108743 
          54100          107139 
          54300          105564 
          54500          104017 
          54700          102500 
          54900          101008 
          55100           99544 
          55300         98105.9 
          55500         96694.5 
          55700         95309.1 
          55900         93947.2 
          56100         92609.5 
          56300         91295.2 
          56500         90004.6 
          56700         88736.8 
          56900         87490.5 
          57100         86263.8 
          57300         85062.5 
          57500         83881.6 
          57700         82719.6 
          57900         81578.3 
          58100         80456.2 
          58300         79353.3 
          58500         78282.1 
          58700         77215.7 
          58900         75965.9 
          59100         73682.7 
          59300         73995.4 
          59500         73008.2 
          59700         72106.4 
          59900         71186.9 
          60100         70240.5 
          60300           69309 
          60500         68392.6 
          60700         67491.7 
          60900         66606.1 
          61100           65734 
          61300         64876.6 
          61500           64033 
          61700         63202.8 
          61900         62386.2 
          62100         61582.5 
          62300         60791.6 
          62500         60013.7 
          62700         59242.3 
          62900         58264.4 
          63100         57714.8 
          63300         57022.6 
          63500         56304.3 
          63700         55597.4 
          63900         54901.3 
          64200         53876.6 
          64600         52547.9 
          65000         51260.3 
          65400         50011.7 
          65800         48799.9 
          66200         47625.6 
          66600         46485.2 
          67000         45379.6 
          67400         44277.8 
          67800         43071.8 
          68200         42252.1 
          68600         41270.9 
          69000         40317.6 
          69400         39390.9 
          69800           38491 
          70200         37616.2 
          70600         36766.2 
          71000           35940 
          71400         35136.3 
          71800         34355.9 
          72200         33596.8 
          72600         32858.2 
          73000         32139.9 
          73400         31440.7 
          73800         30760.5 
          74200         30085.7 
          74600         28870.3 
          75000         28216.3 
          75400         28160.9 
          75800         27622.5 
          76200         27043.9 
          76600         26479.7 
          77000         25930.8 
          77400         25395.6 
          77800         24873.7 
          78200         24366.1 
          78600         23870.5 
          79000         23387.9 
          79400         22916.9 
          79800         22458.1 
          80200         22010.3 
          80600         21573.8 
          81000         21148.2 
          81400         20732.2 
          81800         20327.3 
          82200         19932.5 
          82600         19546.7 
          83000         19170.1 
          83400         18802.5 
          83800         18443.7 
          84200         18093.5 
          84600         17751.3 
          85000         17417.2 
          85400         17091.2 
          85800         16772.5 
          86200         16461.1 
          86600           16137 
          87000         15859.6 
          87400         15466.7 
          87800         15184.4 
          88200         15008.2 
          88600         14737.2 
          89000         14472.3 
          89400         14213.5 
          89800         13960.1 
          90200         13712.4 
          90600           13470 
          91000         13233.1 
          91400         13001.2 
          91800         12774.6 
          92200         12552.7 
          92600         12335.6 
          93000           12123 
          93400         11915.3 
          93800         11675.6 
          94200         11501.9 
          94600         11317.7 
          95000           11127 
          95400         10940.4 
          95800         10757.2 
          96200           10578 
          96600         10402.6 
          97000         10230.9 
          97400         10062.4 
          97800         9897.56 
          98200         9736.21 
          98600         9577.95 
          99000         9423.08 
          99400         9271.11 
          99800         9122.05 
         100200         8976.21 
         200000         550.572 
         400000         33.2701 
         600000         6.43016 
         800000         2.00203 
         1.0e+6        0.809706 
         1.2e+6        0.386435 
         1.4e+6         0.20676 
         1.6e+6        0.120274 
