# Kurucz ODFNEW /NOVER models
# teff = 9500 K (value for the effective temperature for the model. Temperatures are given in K)
# logg = 3.50 log(cm/s2) (value for Log(G) for the model.)
# meta = -0.5  (value for the Metallicity for the model.)
# lh = 1.25  (l/Hp where l is the  mixing length of the convective element and Hp is the pressure scale height)
# vtur = 2.0 km/s (Microturbulence velocity)
#
# column 1: WAVELENGTH (ANGSTROM), Wavelength in Angstrom
# column 2: FLUX (ERG/CM2/S/A), Flux in erg/cm2/s/A
              0               0 
           90.9               0 
           93.5               0 
           96.1               0 
           97.7               0 
           99.6               0 
            102               0 
          103.8               0 
          105.6               0 
          107.7               0 
          110.4               0 
            114               0 
          117.8               0 
          121.3               0 
          124.8               0 
          127.1               0 
          128.4               0 
          130.5               0 
          132.4               0 
          133.9               0 
          136.6               0 
          139.8               0 
          143.3               0 
          147.2               0 
            151               0 
          155.2               0 
          158.8               0 
            162               0 
            166               0 
          170.3               0 
          173.4               0 
          176.8               0 
          180.2               0 
          181.7               0 
          186.1               0 
            191               0 
          193.9               0 
          198.4               0 
          201.8               0 
            205               0 
          210.5               0 
          216.2               0 
          219.8               0 
            223               0 
          226.8               0 
            230               0 
            234               0 
            240               0 
          246.5               0 
          252.4               0 
          256.8               0 
            260               0 
            264               0 
          268.5               0 
          273.5               0 
          278.5               0 
            284     1.70354e-23 
            290     1.43422e-22 
            296     7.10799e-22 
            301     2.53201e-21 
            308     1.39526e-20 
            318      1.4046e-19 
            328     1.23131e-18 
            338     9.49937e-18 
            348     6.52429e-17 
            357     3.36859e-16 
            366     1.60616e-15 
            375     7.09606e-15 
            385       3.406e-14 
            395     1.50789e-13 
            405      6.1965e-13 
            414     2.08371e-12 
            422     5.85899e-12 
            430     1.58314e-11 
            441     5.84928e-11 
            451     1.81217e-10 
            460     4.80312e-10 
            470      1.35575e-9 
            480      3.65858e-9 
            490      9.47191e-9 
            500      2.35682e-8 
            506      4.35988e-8 
            512      7.54254e-8 
            520      1.46178e-7 
            530      3.25377e-7 
            540      6.99122e-7 
            550      1.46607e-6 
            560      2.98549e-6 
            570      5.92285e-6 
            580      1.14408e-5 
            590      2.16774e-5 
            600      4.00882e-5 
            610      7.25902e-5 
            620     0.000128818 
            630     0.000224235 
            640     0.000383288 
            650     0.000644017 
            658     0.000963743 
            665       0.0013598 
            675      0.00219461 
            685      0.00348931 
            695      0.00546839 
            705      0.00845442 
            716       0.0134568 
            726        0.020264 
            735        0.028992 
            745       0.0426886 
            755       0.0621677 
            765       0.0895822 
            775        0.127805 
            785        0.180557 
            795         0.25265 
            805        0.350409 
            815        0.481722 
            825         0.65668 
            835         0.88803 
            845         1.19183 
            855         1.58742 
            865         2.09878 
            875         2.75546 
            885         3.59343 
            895         4.65599 
            905         5.99483 
            915         96.7175 
            925         719.757 
            935            1216 
            945         2026.48 
            955         2950.73 
            965         3865.76 
            975         3264.35 
            985         5496.66 
            995         6064.44 
           1005         7555.31 
           1015            8336 
           1025         6158.94 
           1035         10907.4 
           1045           13583 
           1055         15702.5 
           1065         17323.8 
           1075         20429.6 
           1085         23184.8 
           1095         25242.6 
           1105         73187.7 
           1115       2.5933e+6 
           1125      4.09525e+6 
           1135      5.35402e+6 
           1145      4.62211e+6 
           1155      4.39274e+6 
           1165       3.3953e+6 
           1175       1.5135e+6 
           1185      1.44736e+6 
           1195         77006.8 
           1205         57914.8 
           1215           13453 
           1225         60974.8 
           1235          137818 
           1245          448642 
           1255       5.2074e+6 
           1265      9.60409e+6 
           1275       2.4514e+7 
           1285      4.05631e+7 
           1295      4.39691e+7 
           1305      2.80276e+7 
           1315      5.32953e+7 
           1325       6.3324e+7 
           1335      6.09646e+7 
           1345      7.70922e+7 
           1355      7.26202e+7 
           1365      6.52112e+7 
           1375      7.10808e+7 
           1385      6.90527e+7 
           1395      7.19436e+7 
           1405      7.86925e+7 
           1415      7.64609e+7 
           1425      8.37827e+7 
           1435      7.60879e+7 
           1442      8.53446e+7 
           1447      9.22587e+7 
           1455      9.34465e+7 
           1465      8.54121e+7 
           1475      8.20394e+7 
           1485      8.62992e+7 
           1495       9.2602e+7 
           1505      9.42763e+7 
           1512      8.67794e+7 
           1517      9.34849e+7 
           1525      8.83063e+7 
           1535      8.68876e+7 
           1545      9.68692e+7 
           1555      8.48041e+7 
           1565      7.55006e+7 
           1575      8.64589e+7 
           1585      9.45491e+7 
           1595      1.00832e+8 
           1605      9.43924e+7 
           1615      9.35173e+7 
           1625      8.48826e+7 
           1635      8.88603e+7 
           1645       9.4282e+7 
           1655      7.78678e+7 
           1665      9.29534e+7 
           1672      6.84603e+7 
           1677      8.68963e+7 
           1685      9.59956e+7 
           1695      8.85473e+7 
           1705      8.50427e+7 
           1715      8.60509e+7 
           1725       8.4742e+7 
           1735      8.91619e+7 
           1745      8.65756e+7 
           1755      9.39738e+7 
           1765      8.13049e+7 
           1775      9.00076e+7 
           1785      8.88339e+7 
           1795      9.59801e+7 
           1805      9.10898e+7 
           1815      9.05166e+7 
           1825      8.65402e+7 
           1835      8.44953e+7 
           1845      7.85183e+7 
           1855      8.19911e+7 
           1865      8.21767e+7 
           1875      8.55749e+7 
           1885      8.50319e+7 
           1895       8.3881e+7 
           1905      7.98779e+7 
           1915      8.28806e+7 
           1925      8.35468e+7 
           1935      8.12809e+7 
           1945        8.555e+7 
           1955      8.42345e+7 
           1967      8.59265e+7 
           1976      8.42336e+7 
           1984      8.22666e+7 
           1995      8.00557e+7 
           2005      7.89303e+7 
           2015      7.57974e+7 
           2025      7.56598e+7 
           2035      7.75017e+7 
           2045      7.96084e+7 
           2055      7.60879e+7 
           2065       7.4994e+7 
           2074      7.82944e+7 
           2078      8.00068e+7 
           2085      7.91536e+7 
           2095      7.64546e+7 
           2105      7.49085e+7 
           2115      7.47544e+7 
           2125      7.53097e+7 
           2135       6.5508e+7 
           2145      7.23012e+7 
           2155      7.27887e+7 
           2165      6.95902e+7 
           2175      6.85742e+7 
           2185      6.86408e+7 
           2195      7.23744e+7 
           2205      6.95498e+7 
           2215      6.41427e+7 
           2225      6.33695e+7 
           2235      6.96772e+7 
           2245      6.33015e+7 
           2255      6.22909e+7 
           2265      6.24009e+7 
           2275      6.61474e+7 
           2285      6.78316e+7 
           2295       6.3762e+7 
           2305      6.30242e+7 
           2315      6.13801e+7 
           2325      6.13933e+7 
           2335      5.88343e+7 
           2345      5.43491e+7 
           2355      6.07961e+7 
           2365       5.4826e+7 
           2375      5.80827e+7 
           2385      5.12777e+7 
           2395      5.58333e+7 
           2405       5.3411e+7 
           2415      5.46761e+7 
           2425      5.76567e+7 
           2435      5.52125e+7 
           2445      5.85833e+7 
           2455       5.6438e+7 
           2465      5.60915e+7 
           2475       5.3971e+7 
           2485      5.67417e+7 
           2495      5.49613e+7 
           2505      5.96107e+7 
           2513       5.4698e+7 
           2518      5.54187e+7 
           2525      5.20221e+7 
           2535      5.12267e+7 
           2545      5.15334e+7 
           2555      5.43821e+7 
           2565       5.4177e+7 
           2575       5.7311e+7 
           2585      5.72406e+7 
           2595      5.64758e+7 
           2605      5.41878e+7 
           2615      5.38313e+7 
           2625      5.61763e+7 
           2635      5.64344e+7 
           2645      6.13504e+7 
           2655      6.05203e+7 
           2665      5.66776e+7 
           2675      5.84604e+7 
           2685      5.84179e+7 
           2695      5.61074e+7 
           2705      5.70319e+7 
           2715      5.47112e+7 
           2725      5.50311e+7 
           2735      5.84367e+7 
           2745      5.12522e+7 
           2755      5.16848e+7 
           2765      5.33469e+7 
           2775      5.62749e+7 
           2785      5.53762e+7 
           2795      4.52905e+7 
           2805      4.96001e+7 
           2815      5.71401e+7 
           2825      5.72652e+7 
           2835      5.53759e+7 
           2845      5.37075e+7 
           2855      5.24073e+7 
           2865      5.48326e+7 
           2875      5.35723e+7 
           2885      5.47088e+7 
           2895      5.31538e+7 
           2910      5.71183e+7 
           2930      5.51037e+7 
           2950      5.49175e+7 
           2970      5.52652e+7 
           2990      5.53459e+7 
           3010      5.59725e+7 
           3030      5.54781e+7 
           3050      5.49151e+7 
           3070      5.42217e+7 
           3090      5.46705e+7 
           3110        5.365e+7 
           3130      5.32434e+7 
           3150      5.35984e+7 
           3170      5.32054e+7 
           3190      5.16258e+7 
           3210      5.23192e+7 
           3230      5.13916e+7 
           3250      5.16596e+7 
           3270      5.17097e+7 
           3290      5.18662e+7 
           3310      5.18359e+7 
           3330      5.09027e+7 
           3350      5.01154e+7 
           3370      5.01328e+7 
           3390       4.9684e+7 
           3410      5.01978e+7 
           3430      4.99601e+7 
           3450      4.96516e+7 
           3470      4.91057e+7 
           3490      4.88632e+7 
           3510       4.8999e+7 
           3530      4.89381e+7 
           3550      4.87499e+7 
           3570       4.8084e+7 
           3590      4.78304e+7 
           3610      4.76055e+7 
           3630      4.73597e+7 
           3640      4.71481e+7 
           3650      4.77159e+7 
           3670       4.7351e+7 
           3690      4.53976e+7 
           3710      4.87415e+7 
           3730      5.24631e+7 
           3750      7.11428e+7 
           3770      7.70404e+7 
           3790      9.70224e+7 
           3810      1.13278e+8 
           3830      8.83494e+7 
           3850      1.23588e+8 
           3870      1.38363e+8 
           3890      7.61797e+7 
           3910      1.35943e+8 
           3930      1.38936e+8 
           3950      1.34935e+8 
           3970      7.22536e+7 
           3990      1.28762e+8 
           4010      1.37836e+8 
           4030      1.36532e+8 
           4050      1.34948e+8 
           4070      1.29897e+8 
           4090      1.03891e+8 
           4110      7.83184e+7 
           4130      1.23038e+8 
           4150      1.26173e+8 
           4170        1.245e+8 
           4190      1.23267e+8 
           4210       1.2178e+8 
           4230      1.19422e+8 
           4250      1.17886e+8 
           4270      1.15927e+8 
           4290      1.14384e+8 
           4310      1.09151e+8 
           4330      8.37656e+7 
           4350      7.06515e+7 
           4370      1.05553e+8 
           4390      1.06065e+8 
           4410      1.05578e+8 
           4430      1.04848e+8 
           4450      1.03951e+8 
           4470      1.02465e+8 
           4490      1.00246e+8 
           4510      9.96756e+7 
           4530      9.82375e+7 
           4550      9.61656e+7 
           4570      9.61177e+7 
           4590      9.44145e+7 
           4610      9.43258e+7 
           4630      9.22192e+7 
           4650       9.1938e+7 
           4670      9.06824e+7 
           4690      8.91999e+7 
           4710      8.69035e+7 
           4730      8.73607e+7 
           4750       8.6321e+7 
           4770      8.51069e+7 
           4790      8.39035e+7 
           4810      8.23281e+7 
           4830      7.93578e+7 
           4850      6.27289e+7 
           4870      5.02506e+7 
           4890      7.51568e+7 
           4910      7.72646e+7 
           4930      7.63445e+7 
           4950      7.61626e+7 
           4970      7.55447e+7 
           4990      7.45272e+7 
           5010      7.30193e+7 
           5030      7.26976e+7 
           5050      7.15569e+7 
           5070      7.11431e+7 
           5090      7.03205e+7 
           5110      6.94724e+7 
           5130      6.86669e+7 
           5150      6.77768e+7 
           5170      6.63258e+7 
           5190      6.57247e+7 
           5210      6.54807e+7 
           5230      6.43502e+7 
           5250      6.40725e+7 
           5270      6.28371e+7 
           5290      6.26374e+7 
           5310      6.15906e+7 
           5330      6.10285e+7 
           5350      6.06111e+7 
           5370      5.98458e+7 
           5390      5.92105e+7 
           5410      5.84595e+7 
           5430      5.78647e+7 
           5450      5.73254e+7 
           5470      5.66803e+7 
           5490      5.60858e+7 
           5510      5.54634e+7 
           5530      5.48066e+7 
           5550      5.43035e+7 
           5570      5.36979e+7 
           5590      5.31289e+7 
           5610      5.25842e+7 
           5630      5.20284e+7 
           5650      5.14411e+7 
           5670      5.08949e+7 
           5690      5.03771e+7 
           5710       4.9854e+7 
           5730      4.93413e+7 
           5750      4.88071e+7 
           5770      4.83008e+7 
           5790      4.77845e+7 
           5810      4.72953e+7 
           5830       4.6803e+7 
           5850      4.63227e+7 
           5870      4.57912e+7 
           5890        4.517e+7 
           5910      4.48993e+7 
           5930       4.4446e+7 
           5950      4.39553e+7 
           5970      4.35323e+7 
           5990      4.30529e+7 
           6010      4.26398e+7 
           6030        4.223e+7 
           6050      4.17947e+7 
           6070      4.13866e+7 
           6090      4.09711e+7 
           6110       4.0561e+7 
           6130      4.01455e+7 
           6150      3.95699e+7 
           6170      3.93487e+7 
           6190      3.89826e+7 
           6210      3.85992e+7 
           6230      3.82097e+7 
           6250      3.77286e+7 
           6270      3.74807e+7 
           6290       3.7114e+7 
           6310      3.67276e+7 
           6330      3.63906e+7 
           6350      3.58489e+7 
           6370      3.55722e+7 
           6390      3.53422e+7 
           6410       3.4981e+7 
           6430      3.46626e+7 
           6450      3.42243e+7 
           6470      3.39374e+7 
           6490      3.35174e+7 
           6510      3.30566e+7 
           6530      3.21803e+7 
           6550      2.81284e+7 
           6570      2.25079e+7 
           6590       3.0473e+7 
           6610      3.14018e+7 
           6630      3.13637e+7 
           6650      3.11589e+7 
           6670       3.0926e+7 
           6690      3.06688e+7 
           6710      3.03975e+7 
           6730       3.0104e+7 
           6750      2.98366e+7 
           6770      2.95735e+7 
           6790      2.93031e+7 
           6810       2.9037e+7 
           6830      2.87646e+7 
           6850      2.85086e+7 
           6870      2.82542e+7 
           6890      2.80008e+7 
           6910      2.77482e+7 
           6930      2.74957e+7 
           6950      2.72534e+7 
           6970      2.70088e+7 
           6990      2.67728e+7 
           7010      2.65091e+7 
           7030      2.62944e+7 
           7050       2.6059e+7 
           7070      2.58342e+7 
           7090      2.56122e+7 
           7110       2.5314e+7 
           7130      2.51522e+7 
           7150      2.49328e+7 
           7170      2.47236e+7 
           7190      2.45068e+7 
           7210      2.42971e+7 
           7230      2.40807e+7 
           7250      2.38678e+7 
           7270      2.36753e+7 
           7290      2.34648e+7 
           7310      2.32611e+7 
           7330      2.30691e+7 
           7350      2.28761e+7 
           7370      2.26842e+7 
           7390      2.24871e+7 
           7410       2.2291e+7 
           7430      2.20825e+7 
           7450      2.19078e+7 
           7470      2.16968e+7 
           7490      2.15374e+7 
           7510      2.13647e+7 
           7530      2.11949e+7 
           7550      2.10233e+7 
           7570      2.08472e+7 
           7590      2.06754e+7 
           7610      2.05051e+7 
           7630      2.03343e+7 
           7650      2.01625e+7 
           7670      1.99953e+7 
           7690      1.98341e+7 
           7710      1.96654e+7 
           7730       1.9514e+7 
           7750      1.93545e+7 
           7770      1.89067e+7 
           7790      1.90426e+7 
           7810       1.8889e+7 
           7830      1.87312e+7 
           7850       1.8571e+7 
           7870      1.83904e+7 
           7890       1.8218e+7 
           7910      1.81284e+7 
           7930      1.79903e+7 
           7950      1.78189e+7 
           7970      1.77112e+7 
           7990      1.74816e+7 
           8010       1.7429e+7 
           8030      1.72898e+7 
           8050      1.71557e+7 
           8070      1.70181e+7 
           8090      1.68852e+7 
           8110      1.67533e+7 
           8130      1.66248e+7 
           8150      1.64951e+7 
           8170       1.6367e+7 
           8190      1.62018e+7 
           8210      1.61459e+7 
           8230       1.6023e+7 
           8250      1.59183e+7 
           8270      1.58546e+7 
           8290      1.57343e+7 
           8310      1.56276e+7 
           8330      1.54669e+7 
           8350      1.53842e+7 
           8370       1.5243e+7 
           8390      1.50891e+7 
           8410      1.49167e+7 
           8430      1.48079e+7 
           8450      1.45986e+7 
           8470      1.42199e+7 
           8490      1.46809e+7 
           8510      1.37214e+7 
           8530      1.47221e+7 
           8550      1.29424e+7 
           8570      1.49025e+7 
           8590      1.36191e+7 
           8610      1.32124e+7 
           8630      1.51042e+7 
           8650        1.439e+7 
           8670      1.16579e+7 
           8690      1.47891e+7 
           8710      1.53976e+7 
           8730      1.47043e+7 
           8750      1.12312e+7 
           8770      1.38681e+7 
           8790      1.52327e+7 
           8810      1.53156e+7 
           8830      1.49134e+7 
           8850      1.30986e+7 
           8870      1.08724e+7 
           8890      1.40945e+7 
           8910      1.47123e+7 
           8930      1.47404e+7 
           8950      1.47075e+7 
           8970      1.44636e+7 
           8990      1.37421e+7 
           9010      1.06972e+7 
           9030      1.17998e+7 
           9050      1.37035e+7 
           9070      1.38648e+7 
           9090      1.37783e+7 
           9110        1.386e+7 
           9130       1.3812e+7 
           9150      1.37076e+7 
           9170      1.35345e+7 
           9190      1.32107e+7 
           9210      1.21994e+7 
           9230      9.31998e+6 
           9250      1.16873e+7 
           9270      1.25786e+7 
           9290      1.29379e+7 
           9310      1.29214e+7 
           9330      1.28501e+7 
           9350      1.27728e+7 
           9370      1.26986e+7 
           9390      1.25788e+7 
           9410      1.23854e+7 
           9430      1.23918e+7 
           9450      1.22963e+7 
           9470      1.21781e+7 
           9490      1.20193e+7 
           9510      1.17026e+7 
           9530      1.06215e+7 
           9550      8.42168e+6 
           9570      1.07201e+7 
           9590      1.14279e+7 
           9610      1.15056e+7 
           9630       1.1416e+7 
           9650       1.1444e+7 
           9670       1.1329e+7 
           9690      1.13044e+7 
           9710      1.12399e+7 
           9730      1.11579e+7 
           9750      1.10753e+7 
           9770      1.10028e+7 
           9790      1.09241e+7 
           9810      1.08455e+7 
           9830      1.07625e+7 
           9850      1.06835e+7 
           9870      1.06097e+7 
           9890      1.05051e+7 
           9910      1.04624e+7 
           9930      1.03722e+7 
           9950      1.02898e+7 
           9970      1.01997e+7 
           9990      1.00747e+7 
          10025      9.12205e+6 
          10075      8.64688e+6 
          10125      9.61195e+6 
          10175      9.53811e+6 
          10225      9.39424e+6 
          10275      9.23595e+6 
          10325      9.07885e+6 
          10375      8.92821e+6 
          10425      8.78074e+6 
          10475      8.62053e+6 
          10525      8.48305e+6 
          10575      8.34847e+6 
          10625      8.21434e+6 
          10675       8.0169e+6 
          10725      7.92235e+6 
          10775       7.8146e+6 
          10825      7.66671e+6 
          10875      7.46894e+6 
          10925      6.30074e+6 
          10975       6.8737e+6 
          11025      7.17008e+6 
          11075       7.0978e+6 
          11125      6.99458e+6 
          11175      6.88689e+6 
          11225      6.78023e+6 
          11275      6.63546e+6 
          11325      6.53703e+6 
          11375      6.46661e+6 
          11425       6.3654e+6 
          11475      6.27457e+6 
          11525      6.17995e+6 
          11575      6.08591e+6 
          11625      5.98212e+6 
          11675      5.87764e+6 
          11725      5.81582e+6 
          11775      5.69129e+6 
          11825      5.62896e+6 
          11875      5.54346e+6 
          11925      5.47934e+6 
          11975      5.38718e+6 
          12025      5.31745e+6 
          12075      5.23734e+6 
          12125      5.16246e+6 
          12175      5.09015e+6 
          12225      5.01634e+6 
          12275      4.94205e+6 
          12325      4.87226e+6 
          12375      4.80369e+6 
          12425      4.73753e+6 
          12475      4.66501e+6 
          12525      4.60334e+6 
          12575      4.53133e+6 
          12625      4.47045e+6 
          12675      4.40734e+6 
          12725       4.3281e+6 
          12775      4.15671e+6 
          12825      3.57649e+6 
          12875      4.07853e+6 
          12925      4.09822e+6 
          12975       4.0573e+6 
          13025       4.0058e+6 
          13075      3.95162e+6 
          13125      3.89796e+6 
          13175      3.84085e+6 
          13225      3.79378e+6 
          13275      3.74324e+6 
          13325      3.69335e+6 
          13375       3.6441e+6 
          13425      3.59568e+6 
          13475      3.54789e+6 
          13525      3.49906e+6 
          13575       3.4543e+6 
          13625      3.40972e+6 
          13675      3.36448e+6 
          13725      3.31702e+6 
          13775       3.2785e+6 
          13825      3.23629e+6 
          13875       3.1954e+6 
          13925      3.15325e+6 
          13975      3.11376e+6 
          14025      3.07434e+6 
          14075      3.03543e+6 
          14125       2.9968e+6 
          14175      2.95901e+6 
          14225      2.92168e+6 
          14275      2.88516e+6 
          14325      2.84908e+6 
          14375       2.8138e+6 
          14425      2.76699e+6 
          14475      2.74431e+6 
          14525      2.70509e+6 
          14570      2.68025e+6 
          14620      2.65014e+6 
          14675      2.61736e+6 
          14725      2.58589e+6 
          14775      2.55254e+6 
          14825      2.52456e+6 
          14875      2.49212e+6 
          14925      2.46665e+6 
          14975      2.43627e+6 
          15025      2.40539e+6 
          15075      2.37687e+6 
          15125      2.34883e+6 
          15175       2.3193e+6 
          15225      2.29402e+6 
          15275      2.25836e+6 
          15325      2.22889e+6 
          15375       2.2133e+6 
          15425      2.16018e+6 
          15475      2.16229e+6 
          15525       2.1376e+6 
          15575      2.05758e+6 
          15625      2.11958e+6 
          15675      2.04046e+6 
          15725      1.97235e+6 
          15775      2.05963e+6 
          15825       2.0319e+6 
          15875      1.83839e+6 
          15925      1.95462e+6 
          15975      1.98875e+6 
          16050      1.92239e+6 
          16150      1.79971e+6 
          16250      1.89077e+6 
          16350      1.79569e+6 
          16450      1.67954e+6 
          16550      1.77401e+6 
          16650      1.73687e+6 
          16750      1.64073e+6 
          16850      1.53467e+6 
          16950      1.62453e+6 
          17050      1.59503e+6 
          17150      1.56073e+6 
          17250      1.51686e+6 
          17350      1.34975e+6 
          17450      1.43787e+6 
          17550      1.43046e+6 
          17650      1.40221e+6 
          17750      1.37378e+6 
          17850       1.3453e+6 
          17950      1.31808e+6 
          18050      1.28258e+6 
          18150      1.15436e+6 
          18250       1.2061e+6 
          18350      1.21157e+6 
          18450      1.18972e+6 
          18550      1.16434e+6 
          18650      1.13337e+6 
          18750      1.01745e+6 
          18850      1.08559e+6 
          18950        1.075e+6 
          19050      1.05596e+6 
          19150      1.03551e+6 
          19250       1.0144e+6 
          19350          985628 
          19450          885674 
          19550          948256 
          19650          939577 
          19750          922542 
          19850          905460 
          19950          888585 
          20050          872117 
          20150          856012 
          20250          840246 
          20350          824858 
          20450          809892 
          20550          795214 
          20650          780764 
          20750          766791 
          20850          753118 
          20950          739681 
          21050          726529 
          21150          713401 
          21250          700813 
          21350          688635 
          21450          676302 
          21550          659355 
          21650          596839 
          21750          632736 
          21850          630476 
          21950          620789 
          22050          610198 
          22150          599717 
          22250          589869 
          22350          579987 
          22450          570316 
          22550          560759 
          22650          551567 
          22750          542468 
          22850          533909 
          22950          525239 
          23050          516833 
          23150          508532 
          23250          500432 
          23350          492457 
          23450          484656 
          23550          476997 
          23650          469469 
          23750          462070 
          23850          454788 
          23950          447641 
          24050          440521 
          24150          433476 
          24250          427018 
          24350          420075 
          24450          413159 
          24550          407577 
          24650          400352 
          24750          394344 
          24850          390210 
          24950          378920 
          25050          378842 
          25150          373436 
          25250          359361 
          25350          361763 
          25450          358336 
          25550          351030 
          25650          334469 
          25750          341667 
          25850          338370 
          25950          333300 
          26050          323572 
          26150          305941 
          26250          292314 
          26350          310105 
          26450          310396 
          26550          306376 
          26650          299216 
          26750          277298 
          26850          290782 
          26950          290034 
          27050          286812 
          27150          282930 
          27250          278985 
          27350          274698 
          27450          269105 
          27550          249237 
          27650          255243 
          27750          259101 
          27850          256666 
          27950          253222 
          28050          249786 
          28150          246408 
          28250          243090 
          28350          239827 
          28450          236580 
          28550          232554 
          28650          224747 
          28750          209845 
          28850          221999 
          28950          220931 
          29050          218453 
          29150          215542 
          29250          212781 
          29350          210026 
          29450          207307 
          29550          204638 
          29650          202005 
          29750          199415 
          29850          196867 
          29950          194358 
          30050          191873 
          30150          189231 
          30250          185734 
          30350          173330 
          30450          174940 
          30550          179141 
          30650          177770 
          30750          175659 
          30850          173441 
          30950          171347 
          31050          169237 
          31150          167147 
          31250          165107 
          31350          163104 
          31450          161105 
          31550          159181 
          31650          157259 
          31750          155354 
          31850          153500 
          31950          151662 
          32100          148958 
          32300          145447 
          32500          142036 
          32700          138500 
          32900          128931 
          33100          130283 
          33300          128916 
          33500          126093 
          33700          123237 
          33900          120505 
          34100          117833 
          34300          115233 
          34500          112707 
          34700          110232 
          34900          107831 
          35100          105490 
          35300          103216 
          35500          100986 
          35700           98799 
          35900         96771.8 
          36100           94604 
          36300         92752.5 
          36500         90596.4 
          36700         88979.3 
          36900         86678.4 
          37100         85223.5 
          37300         81677.3 
          37500           78909 
          37700         80173.5 
          37900         78718.3 
          38100           76472 
          38300         75066.5 
          38500         74169.3 
          38700           72718 
          38900         71063.4 
          39100         68394.1 
          39300         68465.7 
          39500         67257.2 
          39700         65976.5 
          39900         64649.6 
          40100         62483.3 
          40300         60855.8 
          40500         58554.3 
          40700         59713.3 
          40900         58882.8 
          41100         57831.8 
          41300         56749.5 
          41500         55414.2 
          41700           52425 
          41900         53335.5 
          42100         52668.4 
          42300         51721.1 
          42500         50782.7 
          42700         49863.9 
          42900         48968.1 
          43100         48090.9 
          43300         47233.8 
          43500         46280.8 
          43700         43824.3 
          43900         44125.6 
          44100         43956.8 
          44300         43222.9 
          44500         42471.9 
          44700         41806.1 
          44900         41012.2 
          45100         40312.2 
          45300         39624.8 
          45500         38951.4 
          45700         38288.3 
          45900         37635.3 
          46100         36981.5 
          46300         36242.8 
          46500         34130.2 
          46700         33515.3 
          46900         34312.4 
          47100         34008.2 
          47300         33487.1 
          47500         32948.7 
          47700         32421.1 
          47900         31901.5 
          48100         31389.2 
          48300         30885.8 
          48500           30393 
          48700         29910.4 
          48900         29436.3 
          49100         28971.9 
          49300         28514.1 
          49500         28073.5 
          49700         27622.3 
          49900         27206.2 
          50100         26780.8 
          50300         26349.3 
          50500         25966.7 
          50700         25561.5 
          50900         25113.8 
          51100         24610.3 
          51300         23305.1 
          51500         23921.2 
          51700         23612.5 
          51900         23331.6 
          52100         23005.7 
          52300         22663.4 
          52500         22283.3 
          52700         21908.3 
          52900           21673 
          53100         21369.7 
          53300         21075.7 
          53500           20742 
          53700         20340.9 
          53900         20051.5 
          54100         19863.6 
          54300         19620.5 
          54500         19339.7 
          54700         19065.1 
          54900         18771.4 
          55100         18419.5 
          55300         18022.9 
          55500         17959.3 
          55700         17760.1 
          55900         17512.7 
          56100         17270.7 
          56300         17031.8 
          56500         16798.1 
          56700         16560.3 
          56900         16269.6 
          57100         15781.4 
          57300         15809.1 
          57500         15673.1 
          57700         15470.7 
          57900         15262.9 
          58100         15057.6 
          58300         14844.7 
          58500           14641 
          58700         14432.1 
          58900         14137.7 
          59100         13419.8 
          59300         13781.5 
          59500         13365.5 
          59700         13363.9 
          59900         13331.5 
          60100         13176.1 
          60300         13010.1 
          60500           12845 
          60700         12680.7 
          60900         12519.4 
          61100         12359.8 
          61300         12203.1 
          61500         12049.2 
          61700           11896 
          61900         11746.5 
          62100         11597.7 
          62300         11449.6 
          62500         11297.3 
          62700         11102.7 
          62900         10628.5 
          63100         10797.7 
          63300         10743.7 
          63500         10623.8 
          63700         10496.9 
          63900         10374.1 
          64200         10200.6 
          64600         9954.58 
          65000         9716.51 
          65400         9485.28 
          65800         9260.68 
          66200         9037.36 
          66600         8826.34 
          67000         8612.17 
          67400         8376.74 
          67800         8014.29 
          68200         8017.44 
          68600         7856.72 
          69000         7683.38 
          69400         7493.85 
          69800         7340.45 
          70200         7180.06 
          70600         7016.85 
          71000         6847.65 
          71400          6716.4 
          71800         6570.73 
          72200         6428.03 
          72600         6267.34 
          73000         6147.36 
          73400         6024.69 
          73800         5890.17 
          74200         5747.68 
          74600         5477.63 
          75000         5295.92 
          75400         5376.66 
          75800         5293.83 
          76200         5188.84 
          76600         5093.23 
          77000         4989.51 
          77400         4876.42 
          77800         4745.38 
          78200         4683.03 
          78600         4602.26 
          79000         4511.22 
          79400         4422.39 
          79800         4335.75 
          80200         4251.21 
          80600         4168.67 
          81000         4083.62 
          81400         3963.71 
          81800         3909.62 
          82200         3856.59 
          82600            3785 
          83000         3713.59 
          83400         3643.74 
          83800         3575.53 
          84200         3509.13 
          84600         3444.35 
          85000         3380.88 
          85400         3318.85 
          85800         3258.23 
          86200         3191.32 
          86600         3079.92 
          87000         3069.69 
          87400         2975.22 
          87800         2922.66 
          88200         2919.65 
          88600         2870.51 
          89000         2819.98 
          89400         2770.53 
          89800         2722.12 
          90200         2674.75 
          90600         2628.42 
          91000         2583.11 
          91400         2538.77 
          91800         2495.37 
          92200         2451.96 
          92600         2405.08 
          93000         2368.19 
          93400          2324.2 
          93800         2239.76 
          94200         2235.34 
          94600         2212.73 
          95000         2174.39 
          95400         2138.77 
          95800         2108.47 
          96200         2074.04 
          96600          2040.3 
          97000         2007.25 
          97400         1974.88 
          97800         1943.12 
          98200         1908.37 
          98600         1874.75 
          99000         1851.63 
          99400         1822.38 
          99800         1793.66 
         100200         1765.52 
         200000          113.17 
         400000          7.0465 
         600000         1.38072 
         800000        0.433623 
         1.0e+6        0.176453 
         1.2e+6       0.0846098 
         1.4e+6       0.0454422 
         1.6e+6       0.0265198 
