# Kurucz ODFNEW /NOVER models
# teff = 12750 K (value for the effective temperature for the model. Temperatures are given in K)
# logg = 3.50 log(cm/s2) (value for Log(G) for the model.)
# meta = -0.5  (value for the Metallicity for the model.)
# lh = 1.25  (l/Hp where l is the  mixing length of the convective element and Hp is the pressure scale height)
# vtur = 2.0 km/s (Microturbulence velocity)
#
# column 1: WAVELENGTH (ANGSTROM), Wavelength in Angstrom
# column 2: FLUX (ERG/CM2/S/A), Flux in erg/cm2/s/A
              0               0 
           90.9               0 
           93.5               0 
           96.1               0 
           97.7               0 
           99.6               0 
            102               0 
          103.8               0 
          105.6               0 
          107.7               0 
          110.4               0 
            114               0 
          117.8               0 
          121.3               0 
          124.8               0 
          127.1               0 
          128.4               0 
          130.5               0 
          132.4               0 
          133.9               0 
          136.6               0 
          139.8               0 
          143.3               0 
          147.2               0 
            151               0 
          155.2               0 
          158.8               0 
            162               0 
            166               0 
          170.3               0 
          173.4               0 
          176.8               0 
          180.2               0 
          181.7               0 
          186.1               0 
            191               0 
          193.9               0 
          198.4               0 
          201.8               0 
            205               0 
          210.5      3.8473e-23 
          216.2     4.45977e-22 
          219.8     1.58242e-21 
            223     4.66084e-21 
          226.8     1.62386e-20 
            230     4.52411e-20 
            234     1.56365e-19 
            240     9.35349e-19 
          246.5      5.9284e-18 
          252.4     2.93131e-17 
          256.8     9.22542e-17 
            260     2.07452e-16 
            264     5.56046e-16 
          268.5     1.62586e-15 
          273.5     5.14462e-15 
          278.5     1.56594e-14 
            284      5.0912e-14 
            290      1.7507e-13 
            296     5.71959e-13 
            301     1.48067e-12 
            308     5.32111e-12 
            318     2.99696e-11 
            328     1.51593e-10 
            338        6.95e-10 
            348      2.91597e-9 
            357       9.8799e-9 
            366      3.14251e-8 
            375      9.43399e-8 
            385      3.00725e-7 
            395      9.01182e-7 
            405      2.55334e-6 
            414       6.2296e-6 
            422      1.33192e-5 
            430      2.76099e-5 
            441      7.19712e-5 
            451     0.000164679 
            460     0.000335801 
            470     0.000716351 
            480      0.00147773 
            490      0.00295406 
            500      0.00573158 
            506       0.0374528 
            512       0.0786574 
            520         0.11888 
            530        0.199054 
            540         0.31114 
            550        0.514957 
            560        0.805033 
            570           1.248 
            580         1.79865 
            590         2.80713 
            600         4.15566 
            610         6.09664 
            620         8.73586 
            630         12.4542 
            640         17.3649 
            650         24.3479 
            658         31.5211 
            665         39.1565 
            675         53.0006 
            685         71.3671 
            695         95.6596 
            705         126.384 
            716         170.142 
            726         221.696 
            735         278.476 
            745         357.952 
            755         456.419 
            765         576.795 
            775          727.15 
            785          909.57 
            795         1127.58 
            805         1395.01 
            815          1712.8 
            825         2093.92 
            835         2530.79 
            845         3078.33 
            855         3700.28 
            865         4445.38 
            875         5295.98 
            885         6306.37 
            895         7458.18 
            905         8725.25 
            915           73832 
            925          398082 
            935          675184 
            945      2.66307e+6 
            955      2.88096e+7 
            965      4.68513e+7 
            975      7.94696e+6 
            985      1.51713e+8 
            995      2.00484e+8 
           1005      2.24328e+8 
           1015      1.20407e+8 
           1025      3.43994e+6 
           1035       6.2659e+7 
           1045      2.77691e+8 
           1055      3.56819e+8 
           1065      3.17741e+8 
           1075      3.80212e+8 
           1085      3.68595e+8 
           1095      3.97081e+8 
           1105      3.99986e+8 
           1115      4.77842e+8 
           1125      5.06119e+8 
           1135      5.62686e+8 
           1145      5.23561e+8 
           1155      5.57233e+8 
           1165      6.10135e+8 
           1175      5.73953e+8 
           1185      5.14219e+8 
           1195      1.22857e+8 
           1205      7.63125e+7 
           1215      4.74592e+6 
           1225       4.8957e+7 
           1235       3.4427e+8 
           1245       6.0711e+8 
           1255      6.71622e+8 
           1265      5.17673e+8 
           1275      6.92152e+8 
           1285      7.76744e+8 
           1295      6.30278e+8 
           1305      4.56515e+8 
           1315        7.087e+8 
           1325      7.32033e+8 
           1335      6.52282e+8 
           1345      7.77461e+8 
           1355      7.34941e+8 
           1365       6.5189e+8 
           1375      7.06923e+8 
           1385      7.24032e+8 
           1395      7.23561e+8 
           1405      7.31503e+8 
           1415       6.7659e+8 
           1425      6.93972e+8 
           1435      6.60752e+8 
           1442      7.10715e+8 
           1447      7.33847e+8 
           1455      7.24071e+8 
           1465      6.87997e+8 
           1475      6.58578e+8 
           1485      6.70084e+8 
           1495      6.86534e+8 
           1505      6.78074e+8 
           1512      6.45393e+8 
           1517      6.80109e+8 
           1525      6.44011e+8 
           1535      6.12143e+8 
           1545      6.59106e+8 
           1555      6.08027e+8 
           1565      5.78548e+8 
           1575      5.89389e+8 
           1585      6.24624e+8 
           1595      6.39814e+8 
           1605       6.0076e+8 
           1615      6.04031e+8 
           1625      5.62692e+8 
           1635      5.78267e+8 
           1645      5.82701e+8 
           1655      5.24682e+8 
           1665      5.75419e+8 
           1672      5.03379e+8 
           1677       5.5142e+8 
           1685      5.81651e+8 
           1695      5.53723e+8 
           1705      5.29412e+8 
           1715      5.08181e+8 
           1725      5.01625e+8 
           1735      5.22628e+8 
           1745      5.11707e+8 
           1755      5.41008e+8 
           1765      4.86425e+8 
           1775      5.21912e+8 
           1785      5.19663e+8 
           1795      5.39345e+8 
           1805      5.25812e+8 
           1815      5.12669e+8 
           1825      5.02338e+8 
           1835      4.85946e+8 
           1845      4.64091e+8 
           1855      4.58314e+8 
           1865      4.61123e+8 
           1875      4.88848e+8 
           1885      4.70272e+8 
           1895      4.55996e+8 
           1905      4.66201e+8 
           1915      4.55388e+8 
           1925      4.52468e+8 
           1935      4.54704e+8 
           1945      4.63437e+8 
           1955      4.45734e+8 
           1967       4.6413e+8 
           1976      4.65874e+8 
           1984      4.50573e+8 
           1995      4.32091e+8 
           2005      4.38887e+8 
           2015      4.17683e+8 
           2025      4.33689e+8 
           2035      4.22423e+8 
           2045      4.28517e+8 
           2055      4.08015e+8 
           2065      4.09451e+8 
           2074      4.17029e+8 
           2078      4.15851e+8 
           2085      4.20171e+8 
           2095      4.02993e+8 
           2105       4.0272e+8 
           2115      4.00142e+8 
           2125      4.01338e+8 
           2135      3.70801e+8 
           2145      3.89568e+8 
           2155      3.92416e+8 
           2165      3.75835e+8 
           2175      3.70349e+8 
           2185      3.63756e+8 
           2195      3.78386e+8 
           2205      3.65711e+8 
           2215      3.47717e+8 
           2225      3.34227e+8 
           2235      3.59577e+8 
           2245      3.34856e+8 
           2255      3.28468e+8 
           2265      3.31451e+8 
           2275      3.43029e+8 
           2285      3.46974e+8 
           2295      3.32188e+8 
           2305       3.2213e+8 
           2315      3.12465e+8 
           2325      3.13079e+8 
           2335      3.00233e+8 
           2345      2.86174e+8 
           2355      3.02179e+8 
           2365      2.83382e+8 
           2375      2.90665e+8 
           2385      2.68926e+8 
           2395       2.8805e+8 
           2405      2.74138e+8 
           2415      2.78067e+8 
           2425      2.85932e+8 
           2435      2.72584e+8 
           2445      2.86844e+8 
           2455      2.77587e+8 
           2465      2.76939e+8 
           2475      2.66974e+8 
           2485      2.82126e+8 
           2495      2.73163e+8 
           2505      2.85804e+8 
           2513      2.70231e+8 
           2518      2.76645e+8 
           2525      2.60093e+8 
           2535      2.60173e+8 
           2545      2.55486e+8 
           2555      2.65343e+8 
           2565      2.61572e+8 
           2575      2.74072e+8 
           2585       2.7186e+8 
           2595      2.71772e+8 
           2605      2.61223e+8 
           2615      2.59268e+8 
           2625      2.62189e+8 
           2635      2.63106e+8 
           2645      2.75848e+8 
           2655       2.7169e+8 
           2665      2.59672e+8 
           2675      2.65842e+8 
           2685      2.63546e+8 
           2695      2.56988e+8 
           2705      2.58659e+8 
           2715      2.50389e+8 
           2725      2.50402e+8 
           2735      2.58813e+8 
           2745      2.37522e+8 
           2755      2.35761e+8 
           2765      2.41317e+8 
           2775       2.4803e+8 
           2785      2.47427e+8 
           2795      2.29442e+8 
           2805      2.38913e+8 
           2815      2.46898e+8 
           2825       2.4444e+8 
           2835      2.36766e+8 
           2845      2.29603e+8 
           2855      2.29592e+8 
           2865      2.34505e+8 
           2875      2.29827e+8 
           2885      2.32563e+8 
           2895      2.29571e+8 
           2910      2.36388e+8 
           2930      2.29003e+8 
           2950      2.26553e+8 
           2970      2.24811e+8 
           2990      2.22509e+8 
           3010      2.23491e+8 
           3030      2.21116e+8 
           3050      2.17291e+8 
           3070      2.14309e+8 
           3090      2.13232e+8 
           3110      2.08902e+8 
           3130      2.06187e+8 
           3150      2.04735e+8 
           3170      2.01953e+8 
           3190      1.96489e+8 
           3210      1.96831e+8 
           3230       1.9426e+8 
           3250      1.92372e+8 
           3270      1.90893e+8 
           3290      1.88924e+8 
           3310      1.87394e+8 
           3330      1.84592e+8 
           3350      1.81552e+8 
           3370      1.79626e+8 
           3390      1.77375e+8 
           3410      1.76195e+8 
           3430      1.74095e+8 
           3450      1.72427e+8 
           3470      1.70001e+8 
           3490       1.6821e+8 
           3510      1.66894e+8 
           3530      1.65278e+8 
           3550      1.63471e+8 
           3570      1.61477e+8 
           3590      1.59598e+8 
           3610      1.57886e+8 
           3630         1.56e+8 
           3640      1.55314e+8 
           3650      1.55462e+8 
           3670      1.53728e+8 
           3690      1.47767e+8 
           3710      1.53373e+8 
           3730      1.59994e+8 
           3750      2.00417e+8 
           3770      2.07899e+8 
           3790      2.34749e+8 
           3810      2.57309e+8 
           3830      2.14531e+8 
           3850       2.6781e+8 
           3870       2.8155e+8 
           3890      1.95639e+8 
           3910      2.76188e+8 
           3930      2.75458e+8 
           3950      2.69778e+8 
           3970      1.84394e+8 
           3990      2.59095e+8 
           4010      2.63124e+8 
           4030      2.55624e+8 
           4050      2.57148e+8 
           4070      2.51284e+8 
           4090      2.22713e+8 
           4110      1.81959e+8 
           4130       2.3657e+8 
           4150      2.37861e+8 
           4170      2.35347e+8 
           4190       2.3244e+8 
           4210      2.29323e+8 
           4230      2.25812e+8 
           4250      2.22503e+8 
           4270      2.18729e+8 
           4290      2.15814e+8 
           4310      2.10815e+8 
           4330      1.81291e+8 
           4350      1.59014e+8 
           4370      2.01574e+8 
           4390      1.98803e+8 
           4410      1.98669e+8 
           4430      1.95498e+8 
           4450      1.93402e+8 
           4470      1.88068e+8 
           4490      1.86097e+8 
           4510      1.85145e+8 
           4530      1.82512e+8 
           4550      1.79317e+8 
           4570      1.78093e+8 
           4590      1.75001e+8 
           4610      1.73474e+8 
           4630      1.70298e+8 
           4650      1.68828e+8 
           4670      1.66395e+8 
           4690       1.6427e+8 
           4710       1.6093e+8 
           4730      1.59836e+8 
           4750       1.5762e+8 
           4770       1.5596e+8 
           4790      1.53824e+8 
           4810      1.51221e+8 
           4830      1.47996e+8 
           4850      1.30535e+8 
           4870      1.10824e+8 
           4890      1.41549e+8 
           4910      1.41622e+8 
           4930      1.39085e+8 
           4950      1.38646e+8 
           4970      1.36981e+8 
           4990      1.35137e+8 
           5010      1.32164e+8 
           5030      1.31458e+8 
           5050      1.28761e+8 
           5070      1.28397e+8 
           5090      1.26796e+8 
           5110       1.2507e+8 
           5130      1.23767e+8 
           5150      1.21978e+8 
           5170      1.20281e+8 
           5190      1.19066e+8 
           5210      1.17409e+8 
           5230      1.15982e+8 
           5250      1.14859e+8 
           5270      1.13087e+8 
           5290      1.12254e+8 
           5310      1.10579e+8 
           5330      1.09537e+8 
           5350      1.08241e+8 
           5370      1.06996e+8 
           5390      1.05717e+8 
           5410      1.04399e+8 
           5430      1.03154e+8 
           5450      1.02031e+8 
           5470      1.00775e+8 
           5490      9.96645e+7 
           5510      9.84719e+7 
           5530      9.74125e+7 
           5550      9.63005e+7 
           5570      9.51889e+7 
           5590      9.41004e+7 
           5610      9.30667e+7 
           5630      9.20264e+7 
           5650      9.08047e+7 
           5670      8.98277e+7 
           5690      8.89077e+7 
           5710      8.79231e+7 
           5730      8.69374e+7 
           5750      8.59601e+7 
           5770      8.50032e+7 
           5790      8.40099e+7 
           5810       8.3098e+7 
           5830      8.21884e+7 
           5850      8.12806e+7 
           5870       7.9665e+7 
           5890      7.94267e+7 
           5910      7.86269e+7 
           5930      7.77952e+7 
           5950      7.67783e+7 
           5970      7.60618e+7 
           5990        7.514e+7 
           6010      7.44675e+7 
           6030      7.36647e+7 
           6050      7.28667e+7 
           6070      7.20824e+7 
           6090      7.13131e+7 
           6110      7.05717e+7 
           6130      6.98163e+7 
           6150      6.89106e+7 
           6170      6.83398e+7 
           6190      6.76344e+7 
           6210       6.6926e+7 
           6230      6.61933e+7 
           6250      6.53643e+7 
           6270      6.48511e+7 
           6290      6.41679e+7 
           6310      6.34733e+7 
           6330      6.28443e+7 
           6350      6.17884e+7 
           6370      6.12731e+7 
           6390      6.09196e+7 
           6410      6.02733e+7 
           6430      5.96947e+7 
           6450      5.90099e+7 
           6470      5.84919e+7 
           6490      5.78324e+7 
           6510      5.71006e+7 
           6530      5.61796e+7 
           6550      5.22325e+7 
           6570      4.41804e+7 
           6590      5.39513e+7 
           6610      5.42459e+7 
           6630       5.3885e+7 
           6650      5.34251e+7 
           6670      5.27911e+7 
           6690      5.22871e+7 
           6710      5.18722e+7 
           6730      5.13574e+7 
           6750      5.08616e+7 
           6770      5.03699e+7 
           6790      4.98726e+7 
           6810      4.93878e+7 
           6830      4.88938e+7 
           6850      4.84312e+7 
           6870      4.79692e+7 
           6890       4.7515e+7 
           6910      4.70524e+7 
           6930       4.6583e+7 
           6950      4.61629e+7 
           6970      4.57279e+7 
           6990      4.52992e+7 
           7010      4.48549e+7 
           7030       4.4446e+7 
           7050      4.39715e+7 
           7070      4.34945e+7 
           7090      4.32082e+7 
           7110      4.27837e+7 
           7130      4.23952e+7 
           7150      4.20042e+7 
           7170      4.16187e+7 
           7190      4.12365e+7 
           7210      4.08572e+7 
           7230      4.04522e+7 
           7250      4.00987e+7 
           7270      3.97408e+7 
           7290      3.93475e+7 
           7310      3.90138e+7 
           7330      3.86624e+7 
           7350      3.83156e+7 
           7370      3.79687e+7 
           7390      3.76246e+7 
           7410       3.7284e+7 
           7430      3.69284e+7 
           7450      3.66071e+7 
           7470      3.62587e+7 
           7490      3.59526e+7 
           7510       3.5627e+7 
           7530      3.53278e+7 
           7550       3.5014e+7 
           7570      3.47049e+7 
           7590      3.43967e+7 
           7610      3.40984e+7 
           7630      3.37962e+7 
           7650      3.34943e+7 
           7670       3.3205e+7 
           7690      3.29142e+7 
           7710      3.26237e+7 
           7730      3.23455e+7 
           7750       3.2064e+7 
           7770      3.14941e+7 
           7790      3.15121e+7 
           7810      3.12459e+7 
           7830      3.09752e+7 
           7850      3.06757e+7 
           7870      3.03789e+7 
           7890      3.00794e+7 
           7910      2.99274e+7 
           7930      2.96784e+7 
           7950      2.93892e+7 
           7970      2.91766e+7 
           7990      2.88431e+7 
           8010      2.86869e+7 
           8030       2.8446e+7 
           8050      2.82066e+7 
           8070      2.79709e+7 
           8090      2.77355e+7 
           8110      2.75021e+7 
           8130      2.72775e+7 
           8150      2.70507e+7 
           8170      2.68293e+7 
           8190      2.65945e+7 
           8210      2.63874e+7 
           8230      2.61575e+7 
           8250      2.60159e+7 
           8270      2.58258e+7 
           8290      2.55999e+7 
           8310      2.54234e+7 
           8330       2.5208e+7 
           8350      2.49988e+7 
           8370      2.47623e+7 
           8390      2.45213e+7 
           8410      2.42455e+7 
           8430      2.40606e+7 
           8450      2.37928e+7 
           8470      2.32221e+7 
           8490      2.37881e+7 
           8510      2.26012e+7 
           8530      2.37685e+7 
           8550      2.15811e+7 
           8570      2.38739e+7 
           8590      2.22756e+7 
           8610      2.17296e+7 
           8630      2.39159e+7 
           8650       2.3095e+7 
           8670      1.97409e+7 
           8690       2.3476e+7 
           8710      2.39364e+7 
           8730      2.31971e+7 
           8750      1.89727e+7 
           8770      2.21773e+7 
           8790      2.33793e+7 
           8810      2.33359e+7 
           8830      2.29356e+7 
           8850       2.1113e+7 
           8870      1.82698e+7 
           8890      2.20088e+7 
           8910      2.24098e+7 
           8930      2.23072e+7 
           8950       2.2178e+7 
           8970      2.19214e+7 
           8990      2.12935e+7 
           9010      1.77715e+7 
           9030      1.91274e+7 
           9050       2.1013e+7 
           9070      2.10482e+7 
           9090      2.09338e+7 
           9110      2.08601e+7 
           9130      2.07096e+7 
           9150       2.0545e+7 
           9170      2.03287e+7 
           9190       2.0015e+7 
           9210      1.91283e+7 
           9230      1.56091e+7 
           9250      1.84943e+7 
           9270      1.91993e+7 
           9290      1.94031e+7 
           9310      1.93202e+7 
           9330       1.9199e+7 
           9350      1.90661e+7 
           9370      1.89222e+7 
           9390      1.87664e+7 
           9410       1.8537e+7 
           9430      1.84898e+7 
           9450      1.83551e+7 
           9470      1.81747e+7 
           9490       1.7997e+7 
           9510      1.76997e+7 
           9530      1.66992e+7 
           9550      1.39742e+7 
           9570      1.67138e+7 
           9590      1.72308e+7 
           9610      1.72134e+7 
           9630      1.70517e+7 
           9650      1.70341e+7 
           9670      1.68936e+7 
           9690      1.67839e+7 
           9710       1.6662e+7 
           9730      1.65415e+7 
           9750       1.6419e+7 
           9770      1.63013e+7 
           9790      1.61813e+7 
           9810      1.60626e+7 
           9830      1.59407e+7 
           9850      1.58275e+7 
           9870      1.57128e+7 
           9890        1.559e+7 
           9910      1.54869e+7 
           9930       1.5376e+7 
           9950      1.52617e+7 
           9970      1.51293e+7 
           9990      1.49835e+7 
          10025      1.40387e+7 
          10075       1.3409e+7 
          10125      1.42695e+7 
          10175      1.40819e+7 
          10225      1.38433e+7 
          10275      1.36025e+7 
          10325      1.33623e+7 
          10375      1.31361e+7 
          10425      1.29116e+7 
          10475      1.26884e+7 
          10525      1.24695e+7 
          10575      1.22619e+7 
          10625      1.20567e+7 
          10675      1.18277e+7 
          10725      1.16495e+7 
          10775      1.14592e+7 
          10825      1.12356e+7 
          10875      1.10239e+7 
          10925      9.77812e+6 
          10975      1.03673e+7 
          11025      1.05205e+7 
          11075      1.03778e+7 
          11125      1.02102e+7 
          11175      1.00454e+7 
          11225      9.88464e+6 
          11275      9.70026e+6 
          11325      9.55576e+6 
          11375      9.41951e+6 
          11425      9.27087e+6 
          11475      9.12589e+6 
          11525      8.98307e+6 
          11575      8.84292e+6 
          11625       8.7001e+6 
          11675      8.56522e+6 
          11725      8.43778e+6 
          11775      8.29511e+6 
          11825      8.18038e+6 
          11875      8.05419e+6 
          11925      7.93512e+6 
          11975      7.81121e+6 
          12025      7.69714e+6 
          12075       7.5816e+6 
          12125      7.46822e+6 
          12175      7.35718e+6 
          12225      7.24796e+6 
          12275      7.14055e+6 
          12325      7.03535e+6 
          12375      6.93237e+6 
          12425      6.83152e+6 
          12475      6.72797e+6 
          12525      6.63378e+6 
          12575      6.53587e+6 
          12625      6.44308e+6 
          12675      6.35179e+6 
          12725      6.25079e+6 
          12775      6.07982e+6 
          12825      5.45487e+6 
          12875      5.93826e+6 
          12925      5.90795e+6 
          12975       5.8294e+6 
          13025      5.74897e+6 
          13075      5.66872e+6 
          13125      5.58996e+6 
          13175      5.50986e+6 
          13225      5.43662e+6 
          13275      5.36197e+6 
          13325      5.28849e+6 
          13375      5.21618e+6 
          13425      5.14477e+6 
          13475      5.07513e+6 
          13525      5.00617e+6 
          13575      4.93911e+6 
          13625      4.87268e+6 
          13675       4.8069e+6 
          13725      4.74293e+6 
          13775      4.68078e+6 
          13825      4.61878e+6 
          13875      4.55795e+6 
          13925       4.4977e+6 
          13975      4.43897e+6 
          14025      4.38093e+6 
          14075      4.32382e+6 
          14125      4.26758e+6 
          14175      4.21259e+6 
          14225      4.15827e+6 
          14275      4.10479e+6 
          14325      4.05211e+6 
          14375      4.00046e+6 
          14425      3.94725e+6 
          14475      3.89919e+6 
          14525      3.84916e+6 
          14570      3.80626e+6 
          14620      3.76141e+6 
          14675      3.71086e+6 
          14725       3.6652e+6 
          14775      3.61957e+6 
          14825      3.57616e+6 
          14875      3.53224e+6 
          14925      3.48949e+6 
          14975      3.44641e+6 
          15025      3.40432e+6 
          15075      3.36124e+6 
          15125      3.31894e+6 
          15175      3.27733e+6 
          15225      3.24022e+6 
          15275      3.19144e+6 
          15325      3.15043e+6 
          15375      3.12474e+6 
          15425       3.0589e+6 
          15475      3.05207e+6 
          15525      3.01744e+6 
          15575      2.92261e+6 
          15625      2.97739e+6 
          15675      2.88912e+6 
          15725      2.80831e+6 
          15775      2.88622e+6 
          15825      2.84905e+6 
          15875      2.64577e+6 
          15925      2.75575e+6 
          15975      2.77203e+6 
          16050      2.69748e+6 
          16150      2.55614e+6 
          16250      2.61865e+6 
          16350      2.51654e+6 
          16450      2.38413e+6 
          16550      2.45017e+6 
          16650      2.39677e+6 
          16750      2.29681e+6 
          16850      2.17714e+6 
          16950      2.23951e+6 
          17050       2.1922e+6 
          17150      2.14506e+6 
          17250      2.09393e+6 
          17350      1.92594e+6 
          17450      1.99375e+6 
          17550      1.96632e+6 
          17650      1.92499e+6 
          17750      1.88423e+6 
          17850      1.84497e+6 
          17950       1.8067e+6 
          18050        1.765e+6 
          18150       1.6349e+6 
          18250      1.67461e+6 
          18350      1.66211e+6 
          18450      1.62876e+6 
          18550      1.59537e+6 
          18650       1.5587e+6 
          18750      1.44622e+6 
          18850      1.49612e+6 
          18950      1.47208e+6 
          19050      1.44307e+6 
          19150      1.41489e+6 
          19250      1.38721e+6 
          19350       1.3546e+6 
          19450      1.25347e+6 
          19550      1.30268e+6 
          19650       1.2834e+6 
          19750      1.25895e+6 
          19850      1.23511e+6 
          19950      1.21178e+6 
          20050      1.18904e+6 
          20150      1.16687e+6 
          20250      1.14508e+6 
          20350      1.12394e+6 
          20450      1.10325e+6 
          20550       1.0829e+6 
          20650      1.06325e+6 
          20750      1.04393e+6 
          20850      1.02501e+6 
          20950      1.00658e+6 
          21050          988539 
          21150          970791 
          21250          953583 
          21350          936657 
          21450          920165 
          21550          900936 
          21650          837575 
          21750          866763 
          21850          857823 
          21950          842986 
          22050          828617 
          22150          814395 
          22250          800623 
          22350          787063 
          22450          773788 
          22550          760792 
          22650          748066 
          22750          735610 
          22850          723702 
          22950          711806 
          23050          700177 
          23150          688785 
          23250          677618 
          23350          666672 
          23450          655949 
          23550          645432 
          23650          635101 
          23750          624968 
          23850          615030 
          23950          605242 
          24050          595511 
          24150          585944 
          24250          577091 
          24350          567723 
          24450          558456 
          24550          550623 
          24650          541137 
          24750          532905 
          24850          526684 
          24950          513326 
          25050          510981 
          25150          503543 
          25250          487828 
          25350          487972 
          25450          482261 
          25550          473531 
          25650          455709 
          25750          460358 
          25850          454869 
          25950          448079 
          26050          437697 
          26150          419209 
          26250          404546 
          26350          419832 
          26450          416915 
          26550          411153 
          26650          403293 
          26750          380883 
          26850          391784 
          26950          388975 
          27050          383629 
          27150          378221 
          27250          372903 
          27350          367677 
          27450          361289 
          27550          341374 
          27650          345955 
          27750          347250 
          27850          342909 
          27950          338208 
          28050          333588 
          28150          329046 
          28250          324576 
          28350          320187 
          28450          315867 
          28550          311334 
          28650          303408 
          28750          287738 
          28850          297891 
          28950          295293 
          29050          291451 
          29150          287606 
          29250          283837 
          29350          280122 
          29450          276472 
          29550          272879 
          29650          269344 
          29750          265868 
          29850          262445 
          29950          259078 
          30050          255763 
          30150          252498 
          30250          248568 
          30350          236008 
          30450          236988 
          30550          239516 
          30650          236957 
          30750          233996 
          30850          231032 
          30950          228205 
          31050          225377 
          31150          222597 
          31250          219851 
          31350          217156 
          31450          214497 
          31550          211883 
          31650          209301 
          31750          206767 
          31850          204267 
          31950          201806 
          32100          198184 
          32300          193476 
          32500          188909 
          32700          184403 
          32900          174327 
          33100          174444 
          33300          171614 
          33500          167749 
          33700          163946 
          33900          160250 
          34100          156655 
          34300          153153 
          34500          149755 
          34700          146444 
          34900          143218 
          35100          140089 
          35300          137043 
          35500          134062 
          35700          131149 
          35900          128417 
          36100          125561 
          36300          123041 
          36500          120240 
          36700          117979 
          36900          115102 
          37100          113051 
          37300          109232 
          37500          105801 
          37700          106282 
          37900          104229 
          38100          101529 
          38300           99606 
          38500         98116.4 
          38700         96181.8 
          38900         94104.9 
          39100         91094.3 
          39300         90589.2 
          39500         88990.7 
          39700         87276.5 
          39900         85532.9 
          40100         83018.5 
          40300         81022.8 
          40500         78442.2 
          40700         79046.9 
          40900         77712.5 
          41100         76248.9 
          41300         74818.6 
          41500         73270.2 
          41700         70099.3 
          41900         70543.3 
          42100         69421.7 
          42300           68150 
          42500         66907.4 
          42700         65693.2 
          42900         64504.8 
          43100         63343.7 
          43300         62209.3 
          43500         61057.2 
          43700         58461.9 
          43900         58481.7 
          44100         57915.7 
          44300         56900.6 
          44500         55908.9 
          44700         54991.2 
          44900         53982.7 
          45100         53054.9 
          45300           52145 
          45500         51254.6 
          45700         50383.1 
          45900         49524.8 
          46100         48675.8 
          46300         47783.6 
          46500           45558 
          46700         44776.4 
          46900         45315.1 
          47100         44750.9 
          47300         44036.5 
          47500         43320.9 
          47700         42618.8 
          47900         41928.7 
          48100           41252 
          48300           40588 
          48500         39935.4 
          48700         39298.3 
          48900         38671.7 
          49100           38059 
          49300         37454.6 
          49500         36902.1 
          49700         36280.6 
          49900         35761.9 
          50100         35188.7 
          50300         34604.4 
          50500         34140.4 
          50700         33582.8 
          50900         32999.4 
          51100         32421.4 
          51300         31022.2 
          51500         31482.1 
          51700         31023.4 
          51900         30650.5 
          52100         30225.4 
          52300         29774.4 
          52500         29260.9 
          52700         28769.3 
          52900           28466 
          53100         28051.6 
          53300         27641.2 
          53500         27237.5 
          53700         26713.6 
          53900         26330.3 
          54100         26070.3 
          54300         25695.9 
          54500         25327.6 
          54700         24965.2 
          54900         24609.9 
          55100         24182.1 
          55300         23699.6 
          55500         23560.9 
          55700         23249.9 
          55900         22924.7 
          56100         22605.9 
          56300         22292.3 
          56500         21983.7 
          56700           21680 
          56900         21342.9 
          57100         20788.1 
          57300         20741.9 
          57500         20518.1 
          57700         20240.3 
          57900           19967 
          58100           19698 
          58300         19432.3 
          58500         19168.7 
          58700         18897.2 
          58900         18571.5 
          59100         17785.9 
          59300         18094.7 
          59500         17617.8 
          59700         17561.3 
          59900         17449.5 
          60100         17264.7 
          60300         17041.6 
          60500           16821 
          60700           16604 
          60900         16389.5 
          61100         16179.4 
          61300         15972.8 
          61500         15769.4 
          61700         15568.4 
          61900         15371.6 
          62100           15178 
          62300         14986.6 
          62500         14786.6 
          62700         14546.8 
          62900         14035.5 
          63100         14161.4 
          63300           14057 
          63500         13901.3 
          63700         13729.7 
          63900         13561.8 
          64200         13313.8 
          64600         12991.4 
          65000         12679.5 
          65400         12376.1 
          65800         12082.5 
          66200         11796.8 
          66600         11519.6 
          67000         11250.7 
          67400         10956.7 
          67800         10536.9 
          68200         10477.6 
          68600         10250.9 
          69000         10018.4 
          69400         9785.98 
          69800         9572.82 
          70200         9359.31 
          70600         9151.52 
          71000          8936.6 
          71400         8753.25 
          71800         8562.46 
          72200         8376.77 
          72600         8177.53 
          73000         8016.03 
          73400         7848.48 
          73800         7682.03 
          74200            7505 
          74600         7195.23 
          75000         6966.01 
          75400         7025.49 
          75800         6910.88 
          76200         6769.73 
          76600         6631.17 
          77000         6496.35 
          77400         6360.85 
          77800         6194.52 
          78200         6107.22 
          78600         5989.25 
          79000         5870.33 
          79400         5754.31 
          79800         5641.16 
          80200         5530.72 
          80600         5423.04 
          81000         5317.87 
          81400         5172.65 
          81800         5098.27 
          82200         5017.42 
          82600         4922.08 
          83000         4828.91 
          83400         4737.92 
          83800         4649.06 
          84200         4562.33 
          84600         4477.55 
          85000         4394.78 
          85400         4313.89 
          85800         4234.81 
          86200         4154.58 
          86600         4023.72 
          87000         3996.74 
          87400          3884.8 
          87800         3815.52 
          88200         3796.57 
          88600         3729.18 
          89000         3663.25 
          89400          3598.8 
          89800         3535.69 
          90200         3473.94 
          90600         3413.59 
          91000         3354.53 
          91400         3296.76 
          91800         3240.19 
          92200         3184.82 
          92600         3128.03 
          93000         3077.61 
          93400         3023.11 
          93800         2923.56 
          94200          2910.5 
          94600         2876.39 
          95000         2826.17 
          95400         2779.17 
          95800         2736.18 
          96200         2691.33 
          96600         2647.45 
          97000          2604.4 
          97400         2562.25 
          97800         2520.92 
          98200          2478.2 
          98600         2435.35 
          99000         2401.83 
          99400         2363.74 
          99800         2326.38 
         100200         2289.75 
         200000         145.559 
         400000         9.00786 
         600000         1.75943 
         800000        0.551222 
         1.0e+6        0.223891 
         1.2e+6        0.107196 
         1.4e+6       0.0575014 
         1.6e+6       0.0335216 
