# Kurucz ODFNEW /NOVER models
# teff = 5500 K (value for the effective temperature for the model. Temperatures are given in K)
# logg = 2.50 log(cm/s2) (value for Log(G) for the model.)
# meta = -0.5  (value for the Metallicity for the model.)
# lh = 1.25  (l/Hp where l is the  mixing length of the convective element and Hp is the pressure scale height)
# vtur = 2.0 km/s (Microturbulence velocity)
#
# column 1: WAVELENGTH (ANGSTROM), Wavelength in Angstrom
# column 2: FLUX (ERG/CM2/S/A), Flux in erg/cm2/s/A
              0               0 
           90.9               0 
           93.5               0 
           96.1               0 
           97.7               0 
           99.6               0 
            102               0 
          103.8               0 
          105.6               0 
          107.7               0 
          110.4               0 
            114               0 
          117.8               0 
          121.3               0 
          124.8               0 
          127.1               0 
          128.4               0 
          130.5               0 
          132.4               0 
          133.9               0 
          136.6               0 
          139.8               0 
          143.3               0 
          147.2               0 
            151               0 
          155.2               0 
          158.8               0 
            162               0 
            166               0 
          170.3               0 
          173.4               0 
          176.8               0 
          180.2               0 
          181.7               0 
          186.1               0 
            191               0 
          193.9               0 
          198.4               0 
          201.8               0 
            205               0 
          210.5               0 
          216.2               0 
          219.8               0 
            223               0 
          226.8               0 
            230               0 
            234               0 
            240               0 
          246.5               0 
          252.4               0 
          256.8               0 
            260               0 
            264               0 
          268.5               0 
          273.5               0 
          278.5               0 
            284               0 
            290               0 
            296               0 
            301               0 
            308               0 
            318               0 
            328               0 
            338               0 
            348               0 
            357               0 
            366               0 
            375               0 
            385               0 
            395               0 
            405               0 
            414               0 
            422               0 
            430               0 
            441               0 
            451               0 
            460               0 
            470               0 
            480               0 
            490               0 
            500               0 
            506               0 
            512     6.74479e-25 
            520     2.05014e-24 
            530     7.87687e-24 
            540     2.82896e-23 
            550     9.78205e-23 
            560     3.20943e-22 
            570      1.0072e-21 
            580     2.99828e-21 
            590     8.76188e-21 
            600     2.43902e-20 
            610     6.55083e-20 
            620     1.69989e-19 
            630     4.27045e-19 
            640      1.0407e-18 
            650     2.46261e-18 
            658     4.80627e-18 
            665     8.50322e-18 
            675     1.88008e-17 
            685      4.0546e-17 
            695     8.53488e-17 
            705     1.75394e-16 
            716     3.78608e-16 
            726     7.44774e-16 
            735     1.34611e-15 
            745     2.55161e-15 
            755     4.74811e-15 
            765     8.68334e-15 
            775     1.56049e-14 
            785     2.76001e-14 
            795     4.78589e-14 
            805     8.22729e-14 
            815     1.39162e-13 
            825     2.31919e-13 
            835     3.81384e-13 
            845      6.1905e-13 
            855       9.924e-13 
            865     1.57167e-12 
            875     2.45875e-12 
            885     3.80826e-12 
            895     5.83186e-12 
            905     8.83656e-12 
            915      4.41939e-8 
            925      1.62294e-7 
            935       2.4785e-7 
            945      3.76377e-7 
            955      5.86271e-7 
            965      8.73349e-7 
            975      1.28563e-6 
            985      1.88527e-6 
            995      2.73518e-6 
           1005      4.01263e-6 
           1015      5.72397e-6 
           1025       7.7449e-6 
           1035       1.1469e-5 
           1045      1.60559e-5 
           1055      2.22994e-5 
           1065      3.02916e-5 
           1075       4.2233e-5 
           1085      5.75901e-5 
           1095      7.79616e-5 
           1105     0.000221473 
           1115     0.000781355 
           1125      0.00120926 
           1135      0.00185724 
           1145      0.00245841 
           1155      0.00278544 
           1165      0.00376944 
           1175      0.00447806 
           1185      0.00502629 
           1195      0.00238798 
           1205      0.00203607 
           1215       0.0013645 
           1225       0.0030422 
           1235      0.00688117 
           1245       0.0147523 
           1255       0.0222817 
           1265       0.0256659 
           1275       0.0351069 
           1285       0.0433398 
           1295       0.0558303 
           1305       0.0566524 
           1315       0.0759767 
           1325       0.0828297 
           1335       0.0986731 
           1345        0.112645 
           1355        0.135475 
           1365        0.147767 
           1375        0.169803 
           1385         0.19527 
           1395        0.224855 
           1405        0.272945 
           1415        0.314015 
           1425        0.355779 
           1435        0.422426 
           1442        0.529922 
           1447        0.497871 
           1455        0.581247 
           1465        0.710412 
           1475        0.728966 
           1485        0.865912 
           1495         1.12849 
           1505         1.38421 
           1512         1.15362 
           1517         1.52128 
           1525         2.07219 
           1535         8.42525 
           1545         9.62586 
           1555         15.8995 
           1565         15.0731 
           1575         27.7951 
           1585         35.0514 
           1595         41.4697 
           1605         45.3226 
           1615         51.6848 
           1625         60.8603 
           1635         68.9037 
           1645         101.638 
           1655         54.8806 
           1665          117.22 
           1672         74.3209 
           1677         137.935 
           1685          254.19 
           1695         398.205 
           1705         450.051 
           1715         444.742 
           1725          572.22 
           1735          699.94 
           1745         926.626 
           1755         1290.41 
           1765         1259.51 
           1775         1369.59 
           1785         1734.54 
           1795         2238.15 
           1805         2109.35 
           1815         2139.35 
           1825         2522.15 
           1835         3068.35 
           1845         2356.65 
           1855         3428.31 
           1865         4165.98 
           1875         4589.61 
           1885         5132.36 
           1895         6441.52 
           1905         6174.32 
           1915         6818.33 
           1925         6808.98 
           1935         4944.78 
           1945         9455.54 
           1955         9802.52 
           1967         12791.4 
           1976         11818.4 
           1984           12666 
           1995         14279.7 
           2005         15463.7 
           2015         16394.3 
           2025         14185.9 
           2035         19670.6 
           2045         23082.9 
           2055         22017.6 
           2065         21805.7 
           2074         24467.7 
           2078         38749.7 
           2085         45831.1 
           2095           83565 
           2105          125882 
           2115          145690 
           2125          113771 
           2135          108699 
           2145          161753 
           2155          174833 
           2165          150090 
           2175          165007 
           2185          210727 
           2195          219735 
           2205          207534 
           2215          134829 
           2225          175564 
           2235          267870 
           2245          249598 
           2255          165634 
           2265          150025 
           2275          218390 
           2285          273296 
           2295          231280 
           2305          297795 
           2315          225178 
           2325          205557 
           2335          102311 
           2345         57954.1 
           2355          167232 
           2365         65378.4 
           2375          101399 
           2385           43478 
           2395         63248.4 
           2405         61476.9 
           2415          112763 
           2425          278277 
           2435          304943 
           2445          383788 
           2455          404732 
           2465          328671 
           2475          289177 
           2485          146502 
           2495          231865 
           2505          372399 
           2513          149101 
           2518         95502.8 
           2525         94767.1 
           2535          166908 
           2545          250298 
           2555          518770 
           2565          333807 
           2575          426551 
           2585          302569 
           2595          238199 
           2605          160457 
           2615          149045 
           2625          232420 
           2635          602271 
           2645       1.0178e+6 
           2655      1.33071e+6 
           2665          844620 
           2675          976307 
           2685      1.10659e+6 
           2695          832662 
           2705       1.0459e+6 
           2715          690113 
           2725          582068 
           2735          697635 
           2745          265615 
           2755          422231 
           2765          616301 
           2775          681485 
           2785          310915 
           2795           93189 
           2805          121182 
           2815          505129 
           2825      1.00293e+6 
           2835      1.03735e+6 
           2845          840495 
           2855          408323 
           2865      1.11267e+6 
           2875      1.38575e+6 
           2885      1.24449e+6 
           2895      1.36937e+6 
           2910      1.83634e+6 
           2930      1.67321e+6 
           2950      1.62683e+6 
           2970      1.83029e+6 
           2990      1.82417e+6 
           3010      1.96318e+6 
           3030      2.00583e+6 
           3050      2.12686e+6 
           3070      1.98292e+6 
           3090      2.04611e+6 
           3110      2.12952e+6 
           3130      2.00376e+6 
           3150       1.9451e+6 
           3170      2.12537e+6 
           3190      1.92165e+6 
           3210      2.18866e+6 
           3230      1.80426e+6 
           3250      2.45541e+6 
           3270      2.83433e+6 
           3290       2.7399e+6 
           3310      2.68805e+6 
           3330      2.68398e+6 
           3350      2.61152e+6 
           3370      2.11869e+6 
           3390      2.48564e+6 
           3410      2.64043e+6 
           3430      2.81703e+6 
           3450      2.96738e+6 
           3470      2.97466e+6 
           3490      3.11589e+6 
           3510      3.28749e+6 
           3530      3.08558e+6 
           3550      3.55281e+6 
           3570       2.8977e+6 
           3590      2.90815e+6 
           3610      3.13883e+6 
           3630      3.19237e+6 
           3640      3.17486e+6 
           3650       3.5285e+6 
           3670      3.52679e+6 
           3690      3.53542e+6 
           3710      4.03578e+6 
           3730      3.70885e+6 
           3750      4.11006e+6 
           3770      4.50843e+6 
           3790      4.69151e+6 
           3810      4.84171e+6 
           3830      3.72906e+6 
           3850      4.29534e+6 
           3870      4.17935e+6 
           3890      4.33017e+6 
           3910      4.80028e+6 
           3930      2.38123e+6 
           3950      4.21169e+6 
           3970      2.78253e+6 
           3990      5.51912e+6 
           4010      5.95712e+6 
           4030      5.93316e+6 
           4050      5.84325e+6 
           4070      5.75185e+6 
           4090      6.33039e+6 
           4110      6.12284e+6 
           4130      6.21077e+6 
           4150      6.34115e+6 
           4170      6.25664e+6 
           4190      6.09577e+6 
           4210       6.1077e+6 
           4230      5.94629e+6 
           4250      5.95906e+6 
           4270      5.72652e+6 
           4290      5.16273e+6 
           4310      4.26254e+6 
           4330      6.07326e+6 
           4350      5.79394e+6 
           4370      6.28275e+6 
           4390      5.88942e+6 
           4410      6.27816e+6 
           4430      6.62167e+6 
           4450      6.56569e+6 
           4470      6.81875e+6 
           4490      6.91678e+6 
           4510      7.42475e+6 
           4530      6.83059e+6 
           4550      6.97557e+6 
           4570      7.37861e+6 
           4590      7.02174e+6 
           4610      7.26103e+6 
           4630      7.16981e+6 
           4650      7.24173e+6 
           4670       7.3778e+6 
           4690       7.2929e+6 
           4710      7.08116e+6 
           4730       7.3373e+6 
           4750      7.43608e+6 
           4770      7.39738e+6 
           4790      7.37316e+6 
           4810      7.33754e+6 
           4830      7.37397e+6 
           4850      7.04932e+6 
           4870      6.40366e+6 
           4890       7.1582e+6 
           4910      7.12859e+6 
           4930      7.02468e+6 
           4950      7.25771e+6 
           4970      7.31134e+6 
           4990      6.88036e+6 
           5010      6.64949e+6 
           5030      6.98846e+6 
           5050      6.99425e+6 
           5070      7.19886e+6 
           5090      6.97533e+6 
           5110      7.04434e+6 
           5130      6.87541e+6 
           5150      6.73094e+6 
           5170      6.58425e+6 
           5190      6.58029e+6 
           5210      6.72557e+6 
           5230      6.80907e+6 
           5250      6.92841e+6 
           5270      6.41013e+6 
           5290      6.90104e+6 
           5310      7.01415e+6 
           5330      6.60518e+6 
           5350       6.9381e+6 
           5370       6.9214e+6 
           5390      6.83524e+6 
           5410      6.69766e+6 
           5430      6.77042e+6 
           5450      6.92643e+6 
           5470      6.81833e+6 
           5490      6.79186e+6 
           5510      6.78026e+6 
           5530      6.81704e+6 
           5550      6.88419e+6 
           5570      6.73625e+6 
           5590      6.64436e+6 
           5610      6.75292e+6 
           5630      6.78277e+6 
           5650      6.73613e+6 
           5670      6.60994e+6 
           5690      6.69922e+6 
           5710      6.57394e+6 
           5730      6.85008e+6 
           5750      6.70189e+6 
           5770      6.73496e+6 
           5790      6.61096e+6 
           5810      6.68708e+6 
           5830      6.73172e+6 
           5850      6.61399e+6 
           5870      6.62104e+6 
           5890      6.38849e+6 
           5910       6.5591e+6 
           5930      6.53679e+6 
           5950      6.53464e+6 
           5970      6.53353e+6 
           5990      6.47558e+6 
           6010      6.39865e+6 
           6030      6.40644e+6 
           6050      6.47138e+6 
           6070      6.43241e+6 
           6090      6.33252e+6 
           6110      6.27529e+6 
           6130      6.12113e+6 
           6150       6.1509e+6 
           6170      6.03983e+6 
           6190      6.21883e+6 
           6210      6.22135e+6 
           6230      6.09334e+6 
           6250      5.91928e+6 
           6270      6.12479e+6 
           6290      6.12218e+6 
           6310      5.98125e+6 
           6330      6.01054e+6 
           6350      6.02721e+6 
           6370      5.99573e+6 
           6390      5.99342e+6 
           6410      5.88256e+6 
           6430      5.91308e+6 
           6450      5.87174e+6 
           6470       5.8572e+6 
           6490      5.75596e+6 
           6510       5.8515e+6 
           6530      5.86253e+6 
           6550       5.7359e+6 
           6570      5.20338e+6 
           6590      5.73692e+6 
           6610      5.76036e+6 
           6630      5.75059e+6 
           6650      5.71905e+6 
           6670       5.6644e+6 
           6690       5.7118e+6 
           6710      5.62758e+6 
           6730      5.65717e+6 
           6750      5.59683e+6 
           6770      5.58804e+6 
           6790      5.56277e+6 
           6810      5.53372e+6 
           6830      5.53447e+6 
           6850      5.45499e+6 
           6870      5.47118e+6 
           6890      5.47334e+6 
           6910      5.43485e+6 
           6930      5.41545e+6 
           6950      5.38211e+6 
           6970      5.38014e+6 
           6990        5.351e+6 
           7010      5.24745e+6 
           7030       5.2848e+6 
           7050       5.2857e+6 
           7070      5.24718e+6 
           7090      5.22382e+6 
           7110       5.2047e+6 
           7130      5.15382e+6 
           7150      5.12828e+6 
           7170      5.11269e+6 
           7190      5.01454e+6 
           7210      5.04886e+6 
           7230      5.04497e+6 
           7250      5.05444e+6 
           7270      5.03139e+6 
           7290      4.94037e+6 
           7310      4.96192e+6 
           7330      4.94828e+6 
           7350      4.94448e+6 
           7370      4.94744e+6 
           7390      4.85703e+6 
           7410      4.78972e+6 
           7430       4.8209e+6 
           7450      4.81901e+6 
           7470      4.82504e+6 
           7490      4.78562e+6 
           7510      4.77719e+6 
           7530      4.76526e+6 
           7550      4.76913e+6 
           7570      4.72674e+6 
           7590      4.70689e+6 
           7610      4.68824e+6 
           7630      4.68117e+6 
           7650      4.66045e+6 
           7670      4.57465e+6 
           7690      4.62313e+6 
           7710      4.55918e+6 
           7730      4.55912e+6 
           7750      4.51976e+6 
           7770      4.53601e+6 
           7790      4.53082e+6 
           7810      4.51685e+6 
           7830      4.47066e+6 
           7850      4.45504e+6 
           7870      4.46691e+6 
           7890      4.43939e+6 
           7910      4.39481e+6 
           7930      4.33998e+6 
           7950      4.32948e+6 
           7970      4.36525e+6 
           7990      4.35128e+6 
           8010      4.30496e+6 
           8030      4.29219e+6 
           8050      4.25939e+6 
           8070      4.26901e+6 
           8090      4.21035e+6 
           8110      4.23166e+6 
           8130      4.22545e+6 
           8150      4.20093e+6 
           8170      4.18288e+6 
           8190      4.09624e+6 
           8210      4.09861e+6 
           8230      4.07952e+6 
           8250      4.08248e+6 
           8270      4.10068e+6 
           8290      4.07625e+6 
           8310      4.02549e+6 
           8330      3.98523e+6 
           8350      4.00601e+6 
           8370      3.99557e+6 
           8390      3.93942e+6 
           8410      3.96592e+6 
           8430      3.91007e+6 
           8450       3.9131e+6 
           8470      3.87737e+6 
           8490      3.84574e+6 
           8510      3.66268e+6 
           8530      3.80206e+6 
           8550      3.26285e+6 
           8570      3.85362e+6 
           8590      3.78962e+6 
           8610      3.75145e+6 
           8630      3.80332e+6 
           8650      3.75787e+6 
           8670       3.2559e+6 
           8690      3.69485e+6 
           8710      3.73406e+6 
           8730      3.71985e+6 
           8750      3.59586e+6 
           8770        3.701e+6 
           8790      3.67489e+6 
           8810      3.62614e+6 
           8830      3.63549e+6 
           8850      3.61763e+6 
           8870      3.49873e+6 
           8890      3.61382e+6 
           8910      3.60378e+6 
           8930      3.55686e+6 
           8950      3.55032e+6 
           8970      3.54822e+6 
           8990      3.54142e+6 
           9010        3.378e+6 
           9030      3.48422e+6 
           9050      3.51429e+6 
           9070      3.44995e+6 
           9090      3.37413e+6 
           9110      3.41329e+6 
           9130        3.443e+6 
           9150      3.42048e+6 
           9170       3.4007e+6 
           9190      3.39779e+6 
           9210      3.33021e+6 
           9230      3.22307e+6 
           9250      3.28731e+6 
           9270      3.31672e+6 
           9290      3.31573e+6 
           9310      3.31514e+6 
           9330      3.29658e+6 
           9350      3.27973e+6 
           9370      3.26033e+6 
           9390        3.255e+6 
           9410       3.1578e+6 
           9430      3.21123e+6 
           9450        3.185e+6 
           9470       3.2052e+6 
           9490      3.19798e+6 
           9510      3.17921e+6 
           9530       3.1555e+6 
           9550      3.04268e+6 
           9570      3.12546e+6 
           9590      3.13334e+6 
           9610      3.10273e+6 
           9630      3.07686e+6 
           9650      3.06619e+6 
           9670      3.04511e+6 
           9690      3.05953e+6 
           9710      3.05231e+6 
           9730      3.04041e+6 
           9750      3.00806e+6 
           9770      3.01055e+6 
           9790      2.99194e+6 
           9810      2.99647e+6 
           9830      2.98343e+6 
           9850      2.97109e+6 
           9870      2.95071e+6 
           9890      2.93578e+6 
           9910      2.92464e+6 
           9930      2.92834e+6 
           9950      2.91791e+6 
           9970      2.90811e+6 
           9990       2.8955e+6 
          10025      2.85912e+6 
          10075      2.80535e+6 
          10125       2.8084e+6 
          10175      2.77206e+6 
          10225      2.75428e+6 
          10275      2.73813e+6 
          10325      2.68931e+6 
          10375       2.6701e+6 
          10425       2.6563e+6 
          10475      2.60975e+6 
          10525      2.60124e+6 
          10575      2.56979e+6 
          10625      2.54076e+6 
          10675      2.48679e+6 
          10725      2.48636e+6 
          10775      2.45866e+6 
          10825      2.42183e+6 
          10875      2.40566e+6 
          10925      2.35058e+6 
          10975      2.34523e+6 
          11025      2.34384e+6 
          11075      2.33295e+6 
          11125      2.30417e+6 
          11175      2.28131e+6 
          11225      2.27086e+6 
          11275      2.22866e+6 
          11325      2.21696e+6 
          11375      2.19815e+6 
          11425      2.16822e+6 
          11475      2.17337e+6 
          11525      2.15532e+6 
          11575      2.12656e+6 
          11625      2.09121e+6 
          11675      2.07663e+6 
          11725       2.0823e+6 
          11775      2.03629e+6 
          11825      2.02493e+6 
          11875      1.99867e+6 
          11925      2.01246e+6 
          11975      1.95697e+6 
          12025      1.96287e+6 
          12075      1.94146e+6 
          12125      1.93022e+6 
          12175       1.9257e+6 
          12225      1.90857e+6 
          12275      1.88636e+6 
          12325      1.87485e+6 
          12375      1.85745e+6 
          12425      1.84209e+6 
          12475      1.83004e+6 
          12525      1.81087e+6 
          12575      1.79387e+6 
          12625      1.77943e+6 
          12675      1.76479e+6 
          12725      1.75555e+6 
          12775      1.74011e+6 
          12825      1.65453e+6 
          12875      1.70855e+6 
          12925      1.69267e+6 
          12975       1.6852e+6 
          13025      1.66833e+6 
          13075      1.65937e+6 
          13125      1.63638e+6 
          13175      1.62123e+6 
          13225      1.61939e+6 
          13275      1.59615e+6 
          13325      1.59066e+6 
          13375      1.57732e+6 
          13425      1.57038e+6 
          13475      1.55756e+6 
          13525        1.545e+6 
          13575      1.52448e+6 
          13625      1.51676e+6 
          13675      1.50615e+6 
          13725      1.48968e+6 
          13775       1.4823e+6 
          13825      1.47264e+6 
          13875      1.46351e+6 
          13925      1.45275e+6 
          13975      1.44189e+6 
          14025      1.42548e+6 
          14075      1.42054e+6 
          14125      1.40187e+6 
          14175      1.39931e+6 
          14225      1.37644e+6 
          14275      1.36127e+6 
          14325      1.36576e+6 
          14375       1.3611e+6 
          14425      1.32185e+6 
          14475      1.33929e+6 
          14525      1.31356e+6 
          14570      1.31404e+6 
          14620      1.30432e+6 
          14675      1.29757e+6 
          14725      1.27851e+6 
          14775      1.27113e+6 
          14825      1.26509e+6 
          14875      1.24555e+6 
          14925      1.25657e+6 
          14975      1.24024e+6 
          15025      1.22165e+6 
          15075       1.2093e+6 
          15125      1.21558e+6 
          15175      1.20994e+6 
          15225        1.194e+6 
          15275      1.18876e+6 
          15325      1.17854e+6 
          15375      1.17271e+6 
          15425      1.15744e+6 
          15475      1.15714e+6 
          15525      1.14672e+6 
          15575      1.12353e+6 
          15625      1.13897e+6 
          15675      1.11436e+6 
          15725      1.09532e+6 
          15775      1.09331e+6 
          15825       1.0955e+6 
          15875      1.03707e+6 
          15925      1.07687e+6 
          15975      1.07693e+6 
          16050      1.05943e+6 
          16150      1.02049e+6 
          16250      1.03478e+6 
          16350       1.0055e+6 
          16450          963437 
          16550          978046 
          16650          958559 
          16750          927987 
          16850          886246 
          16950          904183 
          17050          879081 
          17150          863288 
          17250          841646 
          17350          792450 
          17450          806184 
          17550          795688 
          17650          779020 
          17750          764384 
          17850          750698 
          17950          737600 
          18050          720695 
          18150          682208 
          18250          688225 
          18350          679983 
          18450          663944 
          18550          653640 
          18650          638516 
          18750          600035 
          18850          614955 
          18950          596563 
          19050          595187 
          19150          583006 
          19250          572819 
          19350          559146 
          19450          528993 
          19550          540232 
          19650          531100 
          19750          519591 
          19850          512093 
          19950          502866 
          20050          495680 
          20150          488044 
          20250          477069 
          20350          466672 
          20450          462442 
          20550          453688 
          20650          444137 
          20750          437346 
          20850          430067 
          20950          421062 
          21050          415686 
          21150          407973 
          21250          401023 
          21350          394596 
          21450          388624 
          21550          381855 
          21650          362155 
          21750          367324 
          21850          361847 
          21950          357470 
          22050          349516 
          22150          345145 
          22250          339593 
          22350          334071 
          22450          328785 
          22550          322232 
          22650          317483 
          22750          313199 
          22850          307332 
          22950          300740 
          23050          297816 
          23150          292915 
          23250          285759 
          23350          282695 
          23450          279666 
          23550          271970 
          23650          270248 
          23750          266006 
          23850          259323 
          23950          257641 
          24050          253992 
          24150          248205 
          24250          245746 
          24350          241927 
          24450          237853 
          24550          233688 
          24650          231963 
          24750          227553 
          24850          223413 
          24950          220778 
          25050          218947 
          25150          214916 
          25250          211321 
          25350          209463 
          25450          206064 
          25550          202925 
          25650          198288 
          25750          198103 
          25850          193737 
          25950          192331 
          26050          189614 
          26150          184635 
          26250          178764 
          26350          181343 
          26450          178860 
          26550          176286 
          26650          173045 
          26750          169395 
          26850          169928 
          26950          167591 
          27050          165283 
          27150          163061 
          27250          160892 
          27350          158726 
          27450          156736 
          27550          151868 
          27650          151836 
          27750          150342 
          27850          148410 
          27950          146549 
          28050          144582 
          28150          142734 
          28250          140824 
          28350          139106 
          28450          137022 
          28550          135379 
          28650          133408 
          28750          129241 
          28850          130125 
          28950          128554 
          29050          126880 
          29150          125244 
          29250          123425 
          29350          122082 
          29450          120386 
          29550          119020 
          29650          117524 
          29750          116046 
          29850          114644 
          29950          113078 
          30050          111667 
          30150          110397 
          30250          108989 
          30350          105777 
          30450          105778 
          30550          104994 
          30650          103600 
          30750          102517 
          30850          101070 
          30950         99867.2 
          31050           98799 
          31150         97109.7 
          31250         96373.4 
          31350         95196.1 
          31450         94119.5 
          31550         92797.2 
          31650         91892.1 
          31750         90719.9 
          31850         89694.3 
          31950         88716.7 
          32100         87088.8 
          32300         85078.4 
          32500         83128.6 
          32700         81205.7 
          32900           78429 
          33100         77453.2 
          33300         75652.6 
          33500         74097.3 
          33700         72391.2 
          33900         70667.4 
          34100         69118.4 
          34300         67767.2 
          34500         66306.3 
          34700         64874.8 
          34900         63502.3 
          35100         62120.3 
          35300           60726 
          35500         59511.5 
          35700         58166.9 
          35900         56947.7 
          36100         55844.1 
          36300         54675.8 
          36500         53419.4 
          36700         52324.3 
          36900         51105.6 
          37100         50107.3 
          37300         49062.2 
          37500         47661.6 
          37700           47226 
          37900         46293.7 
          38100         45339.1 
          38300         44509.9 
          38500           43675 
          38700           42772 
          38900         41927.5 
          39100         41080.9 
          39300         40368.6 
          39500         39538.1 
          39700           38830 
          39900         37959.1 
          40100         37265.1 
          40300         36573.8 
          40500         35643.8 
          40700         35262.5 
          40900         34621.2 
          41100         34010.9 
          41300         33403.8 
          41500         32748.1 
          41700         32044.8 
          41900         31576.5 
          42100         30922.1 
          42300         30487.4 
          42500         29896.5 
          42700           29396 
          42900         28528.9 
          43100         27808.4 
          43300         27471.8 
          43500         26628.4 
          43700         26018.3 
          43900         25762.3 
          44100         24905.4 
          44300         24654.1 
          44500         24275.1 
          44700         23519.1 
          44900         23358.7 
          45100         22946.4 
          45300         22318.3 
          45500         22098.8 
          45700         21810.2 
          45900         21211.1 
          46100         21018.6 
          46300         20656.4 
          46500         20268.2 
          46700         20008.7 
          46900         19745.9 
          47100         19434.2 
          47300         19228.1 
          47500         18872.8 
          47700         18567.5 
          47900         18312.6 
          48100         17950.6 
          48300           17791 
          48500         17482.8 
          48700         17194.9 
          48900         16947.4 
          49100         16697.2 
          49300           16441 
          49500         16183.9 
          49700         15941.1 
          49900         15734.8 
          50100         15444.4 
          50300         15275.7 
          50500           14985 
          50700         14790.8 
          50900           14605 
          51100         14357.2 
          51300         14109.4 
          51500         13948.5 
          51700         13801.2 
          51900         13546.9 
          52100         13344.8 
          52300         13150.3 
          52500         12991.8 
          52700         12825.3 
          52900         12587.2 
          53100         12443.4 
          53300         12255.3 
          53500         12098.3 
          53700         11927.3 
          53900         11769.2 
          54100         11606.3 
          54300         11407.7 
          54500         11289.6 
          54700         11121.1 
          54900           10960 
          55100         10830.6 
          55300         10699.7 
          55500         10516.9 
          55700         10420.2 
          55900         10245.4 
          56100         10116.9 
          56300         9974.81 
          56500         9869.98 
          56700         9739.18 
          56900         9584.75 
          57100         9471.37 
          57300         9356.61 
          57500         9231.03 
          57700         9109.19 
          57900         8999.17 
          58100         8873.62 
          58300         8762.18 
          58500         8657.35 
          58700         8534.16 
          58900         8421.23 
          59100         8292.08 
          59300         8216.32 
          59500         8084.98 
          59700          8012.7 
          59900         7911.43 
          60100         7811.18 
          60300         7713.87 
          60500         7613.86 
          60700         7516.22 
          60900         7422.05 
          61100         7320.45 
          61300         7241.28 
          61500         7153.62 
          61700         7065.84 
          61900         6980.55 
          62100         6894.63 
          62300         6798.99 
          62500         6719.37 
          62700         6639.02 
          62900         6546.69 
          63100         6474.41 
          63300         6406.18 
          63500         6325.44 
          63700         6251.24 
          63900         6171.95 
          64200         6064.95 
          64600         5917.78 
          65000         5776.94 
          65400         5645.03 
          65800         5514.29 
          66200         5384.42 
          66600         5261.33 
          67000         5139.61 
          67400         5020.41 
          67800         4901.85 
          68200         4796.65 
          68600         4688.99 
          69000         4583.68 
          69400         4480.46 
          69800         4383.18 
          70200         4284.27 
          70600         4192.33 
          71000         4101.22 
          71400         4012.45 
          71800         3925.48 
          72200         3840.85 
          72600         3758.83 
          73000         3680.22 
          73400         3601.11 
          73800          3526.7 
          74200         3452.05 
          74600         3370.03 
          75000         3298.89 
          75400         3242.32 
          75800         3176.69 
          76200         3111.85 
          76600         3049.07 
          77000          2986.9 
          77400         2927.62 
          77800         2868.84 
          78200         2812.34 
          78600         2756.77 
          79000         2702.43 
          79400         2649.51 
          79800         2597.93 
          80200         2547.07 
          80600         2497.73 
          81000          2450.5 
          81400          2401.8 
          81800         2357.36 
          82200         2313.35 
          82600         2269.63 
          83000         2227.13 
          83400         2184.81 
          83800         2144.63 
          84200         2105.33 
          84600         2066.63 
          85000         2028.76 
          85400         1991.73 
          85800         1955.59 
          86200          1920.1 
          86600         1884.82 
          87000         1852.05 
          87400         1817.72 
          87800         1785.41 
          88200         1754.68 
          88600          1723.9 
          89000          1693.6 
          89400         1664.29 
          89800         1634.87 
          90200         1606.93 
          90600         1579.69 
          91000         1551.91 
          91400         1525.46 
          91800         1499.99 
          92200         1474.69 
          92600         1449.72 
          93000          1425.6 
          93400         1401.45 
          93800         1377.19 
          94200         1355.54 
          94600         1332.87 
          95000         1311.23 
          95400         1289.58 
          95800          1268.4 
          96200         1247.95 
          96600         1227.54 
          97000         1208.15 
          97400          1188.2 
          97800         1169.09 
          98200         1151.06 
          98600         1132.83 
          99000         1114.85 
          99400         1096.98 
          99800         1080.22 
         100200          1063.4 
         200000         69.1178 
         400000         4.35266 
         600000        0.857146 
         800000         0.26998 
         1.0e+6        0.110069 
         1.2e+6       0.0528444 
         1.4e+6       0.0284047 
         1.6e+6        0.016585 
