# Kurucz ODFNEW /NOVER models
# teff = 6500 K (value for the effective temperature for the model. Temperatures are given in K)
# logg = 4.50 log(cm/s2) (value for Log(G) for the model.)
# meta = -0.5  (value for the Metallicity for the model.)
# lh = 1.25  (l/Hp where l is the  mixing length of the convective element and Hp is the pressure scale height)
# vtur = 2.0 km/s (Microturbulence velocity)
#
# column 1: WAVELENGTH (ANGSTROM), Wavelength in Angstrom
# column 2: FLUX (ERG/CM2/S/A), Flux in erg/cm2/s/A
              0               0 
           90.9               0 
           93.5               0 
           96.1               0 
           97.7               0 
           99.6               0 
            102               0 
          103.8               0 
          105.6               0 
          107.7               0 
          110.4               0 
            114               0 
          117.8               0 
          121.3               0 
          124.8               0 
          127.1               0 
          128.4               0 
          130.5               0 
          132.4               0 
          133.9               0 
          136.6               0 
          139.8               0 
          143.3               0 
          147.2               0 
            151               0 
          155.2               0 
          158.8               0 
            162               0 
            166               0 
          170.3               0 
          173.4               0 
          176.8               0 
          180.2               0 
          181.7               0 
          186.1               0 
            191               0 
          193.9               0 
          198.4               0 
          201.8               0 
            205               0 
          210.5               0 
          216.2               0 
          219.8               0 
            223               0 
          226.8               0 
            230               0 
            234               0 
            240               0 
          246.5               0 
          252.4               0 
          256.8               0 
            260               0 
            264               0 
          268.5               0 
          273.5               0 
          278.5               0 
            284               0 
            290               0 
            296               0 
            301               0 
            308               0 
            318               0 
            328               0 
            338               0 
            348               0 
            357               0 
            366               0 
            375               0 
            385               0 
            395     8.07377e-25 
            405     5.14204e-24 
            414     2.51145e-23 
            422     9.68078e-23 
            430     3.53869e-22 
            441     1.93904e-21 
            451     8.42843e-21 
            460     2.98518e-20 
            470     1.14581e-19 
            480     4.14109e-19 
            490     1.41592e-18 
            500     4.58919e-18 
            506     1.20444e-17 
            512     2.63092e-17 
            520     6.20253e-17 
            530     1.75436e-16 
            540     4.68639e-16 
            550     1.21916e-15 
            560     3.03906e-15 
            570     7.31638e-15 
            580     1.68532e-14 
            590     3.84772e-14 
            600     8.43331e-14 
            610     1.79749e-13 
            620     3.72927e-13 
            630     7.54362e-13 
            640     1.49027e-12 
            650     2.87733e-12 
            658     4.79356e-12 
            665     7.40664e-12 
            675     1.35627e-11 
            685     2.43561e-11 
            695     4.29231e-11 
            705     7.42046e-11 
            716     1.33215e-10 
            726     2.22675e-10 
            735     3.48931e-10 
            745      5.6668e-10 
            755      9.0722e-10 
            765      1.43283e-9 
            775      2.23256e-9 
            785      3.43592e-9 
            795      5.19951e-9 
            805       7.8343e-9 
            815      1.16486e-8 
            825      1.71172e-8 
            835      2.48945e-8 
            845      3.58405e-8 
            855      5.11047e-8 
            865      7.21816e-8 
            875      1.00955e-7 
            885      1.40202e-7 
            895      1.92949e-7 
            905      2.63298e-7 
            915     0.000587983 
            925       0.0020034 
            935      0.00275485 
            945      0.00379351 
            955      0.00546782 
            965      0.00741141 
            975      0.00970095 
            985       0.0130237 
            995        0.017153 
           1005       0.0232612 
           1015       0.0302832 
           1025       0.0382172 
           1035       0.0514195 
           1045       0.0664646 
           1055       0.0849843 
           1065         0.10818 
           1075        0.138102 
           1085        0.175234 
           1095        0.219438 
           1105        0.538304 
           1115         1.55359 
           1125         2.29814 
           1135         3.47801 
           1145         4.43477 
           1155         4.96546 
           1165         6.33009 
           1175         7.58358 
           1185         7.93985 
           1195         4.63596 
           1205         3.76803 
           1215         1.80093 
           1225         4.73052 
           1235         11.4415 
           1245         22.1847 
           1255          36.089 
           1265         42.4704 
           1275         58.5666 
           1285         81.2929 
           1295          98.126 
           1305         111.254 
           1315         140.873 
           1325          166.32 
           1335         187.396 
           1345         223.494 
           1355         245.836 
           1365         287.821 
           1375         314.635 
           1385         344.006 
           1395         391.148 
           1405         444.724 
           1415         500.608 
           1425         545.682 
           1435         596.959 
           1442         703.958 
           1447         693.795 
           1455         786.461 
           1465         854.576 
           1475         922.905 
           1485         1024.48 
           1495          1209.2 
           1505         1372.15 
           1512         1348.86 
           1517          1486.6 
           1525         1755.01 
           1535         2930.25 
           1545         3390.53 
           1555         3907.64 
           1565         3806.49 
           1575         4919.65 
           1585          5454.9 
           1595         6148.47 
           1605         6396.31 
           1615         7260.52 
           1625          7969.8 
           1635         10139.3 
           1645         13047.5 
           1655         10288.9 
           1665         16190.5 
           1672         12941.7 
           1677         18396.3 
           1685         26504.4 
           1695         34553.2 
           1705         80358.2 
           1715          211342 
           1725          326402 
           1735          501451 
           1745          539171 
           1755          831318 
           1765          480546 
           1775          746999 
           1785          918678 
           1795      1.32872e+6 
           1805          940419 
           1815          961512 
           1825          889379 
           1835      1.00524e+6 
           1845          569087 
           1855          985667 
           1865      1.47964e+6 
           1875      1.37153e+6 
           1885      1.46908e+6 
           1895      1.66144e+6 
           1905      1.50836e+6 
           1915      1.73797e+6 
           1925      1.43449e+6 
           1935          633321 
           1945      1.86044e+6 
           1955      2.03179e+6 
           1967      2.41067e+6 
           1976       2.1571e+6 
           1984      1.99828e+6 
           1995      2.17149e+6 
           2005      1.96751e+6 
           2015      2.12108e+6 
           2025      1.66499e+6 
           2035      2.42928e+6 
           2045      2.73664e+6 
           2055      2.56002e+6 
           2065      2.43236e+6 
           2074      2.92742e+6 
           2078      3.77768e+6 
           2085      3.51528e+6 
           2095      3.32662e+6 
           2105      3.47082e+6 
           2115      4.03973e+6 
           2125      3.66958e+6 
           2135      3.25338e+6 
           2145      4.23277e+6 
           2155      4.20981e+6 
           2165       3.7221e+6 
           2175      3.77924e+6 
           2185      4.52015e+6 
           2195      4.87043e+6 
           2205      4.52183e+6 
           2215      3.62062e+6 
           2225      4.00562e+6 
           2235      5.10996e+6 
           2245      4.71687e+6 
           2255      3.76677e+6 
           2265      3.62356e+6 
           2275      4.06222e+6 
           2285      4.82252e+6 
           2295      4.01332e+6 
           2305      4.74482e+6 
           2315      4.45695e+6 
           2325      4.28949e+6 
           2335      3.18197e+6 
           2345      2.08835e+6 
           2355      4.12323e+6 
           2365      2.31303e+6 
           2375      3.26336e+6 
           2385      1.64919e+6 
           2395      2.27193e+6 
           2405      2.27646e+6 
           2415      2.63766e+6 
           2425      4.39409e+6 
           2435      4.19877e+6 
           2445      4.95488e+6 
           2455      5.04344e+6 
           2465      4.87858e+6 
           2475      4.21514e+6 
           2485      3.26912e+6 
           2495      3.46773e+6 
           2505      5.01808e+6 
           2513      3.08486e+6 
           2518      2.28635e+6 
           2525      2.25614e+6 
           2535       2.3833e+6 
           2545      2.56189e+6 
           2555      3.87329e+6 
           2565       3.5371e+6 
           2575      4.58976e+6 
           2585      4.38851e+6 
           2595      4.11039e+6 
           2605      3.51693e+6 
           2615      3.12477e+6 
           2625      4.38968e+6 
           2635      5.85938e+6 
           2645      7.66222e+6 
           2655      8.78464e+6 
           2665      6.60662e+6 
           2675      7.46813e+6 
           2685      8.04859e+6 
           2695      6.43028e+6 
           2705       7.3549e+6 
           2715      5.86262e+6 
           2725      5.81208e+6 
           2735      6.49084e+6 
           2745      3.85083e+6 
           2755      4.96073e+6 
           2765      6.08714e+6 
           2775      6.86621e+6 
           2785      4.53676e+6 
           2795      1.39585e+6 
           2805      1.93225e+6 
           2815      6.77087e+6 
           2825      8.61834e+6 
           2835      8.11373e+6 
           2845      6.90764e+6 
           2855      3.91403e+6 
           2865      8.02275e+6 
           2875       8.6083e+6 
           2885      8.03681e+6 
           2895      8.35492e+6 
           2910      1.01785e+7 
           2930      9.37733e+6 
           2950      9.23807e+6 
           2970      9.85079e+6 
           2990      9.75486e+6 
           3010      1.01017e+7 
           3030      1.01022e+7 
           3050      1.04383e+7 
           3070       1.0513e+7 
           3090      1.04846e+7 
           3110      1.04609e+7 
           3130      1.04245e+7 
           3150      1.02827e+7 
           3170      1.06748e+7 
           3190       9.7932e+6 
           3210      1.04744e+7 
           3230      9.49218e+6 
           3250      1.07293e+7 
           3270      1.16614e+7 
           3290      1.15573e+7 
           3310      1.17437e+7 
           3330      1.15656e+7 
           3350      1.13873e+7 
           3370       1.0419e+7 
           3390      1.11136e+7 
           3410      1.10621e+7 
           3430      1.13709e+7 
           3450      1.13745e+7 
           3470      1.14146e+7 
           3490      1.16841e+7 
           3510       1.1932e+7 
           3530      1.14656e+7 
           3550      1.24712e+7 
           3570      1.11595e+7 
           3590      1.09923e+7 
           3610      1.13027e+7 
           3630      1.14078e+7 
           3640      1.14319e+7 
           3650      1.23591e+7 
           3670      1.22502e+7 
           3690      1.19022e+7 
           3710       1.2132e+7 
           3730      1.11563e+7 
           3750      1.23002e+7 
           3770      1.32322e+7 
           3790      1.44425e+7 
           3810      1.55573e+7 
           3830      1.23357e+7 
           3850      1.58942e+7 
           3870      1.63348e+7 
           3890      1.35736e+7 
           3910      1.62514e+7 
           3930      1.11947e+7 
           3950      1.56731e+7 
           3970      1.10936e+7 
           3990      1.71376e+7 
           4010      1.79002e+7 
           4030      1.78724e+7 
           4050       1.7547e+7 
           4070      1.72276e+7 
           4090      1.70969e+7 
           4110      1.51302e+7 
           4130      1.76866e+7 
           4150      1.79393e+7 
           4170      1.79092e+7 
           4190      1.75244e+7 
           4210      1.74995e+7 
           4230      1.69034e+7 
           4250      1.72429e+7 
           4270      1.69064e+7 
           4290      1.62637e+7 
           4310      1.48972e+7 
           4330      1.59371e+7 
           4350      1.46342e+7 
           4370      1.73403e+7 
           4390      1.68537e+7 
           4410      1.69807e+7 
           4430      1.71984e+7 
           4450      1.70472e+7 
           4470      1.71951e+7 
           4490      1.72635e+7 
           4510      1.78176e+7 
           4530      1.69787e+7 
           4550      1.70671e+7 
           4570      1.76102e+7 
           4590      1.70697e+7 
           4610      1.72656e+7 
           4630      1.70534e+7 
           4650      1.70966e+7 
           4670       1.7269e+7 
           4690      1.70107e+7 
           4710      1.64873e+7 
           4730      1.69616e+7 
           4750       1.6961e+7 
           4770      1.68803e+7 
           4790       1.6738e+7 
           4810      1.66659e+7 
           4830      1.65055e+7 
           4850      1.52444e+7 
           4870       1.3231e+7 
           4890      1.59108e+7 
           4910      1.60143e+7 
           4930      1.57249e+7 
           4950      1.59579e+7 
           4970      1.61119e+7 
           4990      1.54852e+7 
           5010      1.51052e+7 
           5030      1.56122e+7 
           5050      1.54282e+7 
           5070      1.56746e+7 
           5090      1.53815e+7 
           5110      1.54272e+7 
           5130      1.52084e+7 
           5150      1.48931e+7 
           5170      1.43073e+7 
           5190       1.4263e+7 
           5210      1.46145e+7 
           5230      1.46778e+7 
           5250      1.49544e+7 
           5270      1.40245e+7 
           5290      1.47049e+7 
           5310      1.47707e+7 
           5330      1.41123e+7 
           5350       1.4523e+7 
           5370      1.43784e+7 
           5390      1.43095e+7 
           5410      1.40109e+7 
           5430      1.41608e+7 
           5450      1.41928e+7 
           5470      1.40741e+7 
           5490      1.40505e+7 
           5510      1.40132e+7 
           5530      1.39317e+7 
           5550      1.39917e+7 
           5570      1.37129e+7 
           5590      1.35715e+7 
           5610      1.36019e+7 
           5630      1.36706e+7 
           5650      1.35952e+7 
           5670      1.33999e+7 
           5690      1.34362e+7 
           5710       1.3281e+7 
           5730      1.34649e+7 
           5750      1.32803e+7 
           5770      1.32563e+7 
           5790      1.31356e+7 
           5810      1.31268e+7 
           5830      1.31001e+7 
           5850      1.29336e+7 
           5870      1.28872e+7 
           5890      1.25153e+7 
           5910      1.27489e+7 
           5930      1.26813e+7 
           5950      1.26419e+7 
           5970      1.25732e+7 
           5990      1.24862e+7 
           6010      1.23699e+7 
           6030      1.22911e+7 
           6050      1.23273e+7 
           6070      1.22595e+7 
           6090      1.21466e+7 
           6110      1.20359e+7 
           6130      1.18001e+7 
           6150      1.17952e+7 
           6170      1.16288e+7 
           6190      1.17957e+7 
           6210      1.17638e+7 
           6230       1.1601e+7 
           6250      1.13928e+7 
           6270      1.15637e+7 
           6290      1.15197e+7 
           6310      1.13371e+7 
           6330      1.13116e+7 
           6350      1.12797e+7 
           6370      1.12174e+7 
           6390      1.11722e+7 
           6410      1.10099e+7 
           6430      1.10035e+7 
           6450      1.08919e+7 
           6470      1.08526e+7 
           6490      1.07152e+7 
           6510      1.07552e+7 
           6530      1.06603e+7 
           6550      1.00737e+7 
           6570      8.64443e+6 
           6590      1.03456e+7 
           6610        1.049e+7 
           6630      1.04602e+7 
           6650      1.04221e+7 
           6670      1.03258e+7 
           6690      1.03324e+7 
           6710      1.02416e+7 
           6730      1.02132e+7 
           6750      1.01313e+7 
           6770      1.00929e+7 
           6790      1.00376e+7 
           6810      9.97143e+6 
           6830       9.9309e+6 
           6850      9.83526e+6 
           6870      9.81398e+6 
           6890       9.7706e+6 
           6910      9.71097e+6 
           6930      9.65889e+6 
           6950      9.60418e+6 
           6970      9.55765e+6 
           6990      9.50768e+6 
           7010      9.38986e+6 
           7030      9.38302e+6 
           7050      9.34882e+6 
           7070      9.28997e+6 
           7090      9.23912e+6 
           7110      9.16561e+6 
           7130      9.10464e+6 
           7150      9.04567e+6 
           7170       9.0004e+6 
           7190      8.90303e+6 
           7210      8.89283e+6 
           7230      8.86603e+6 
           7250       8.8344e+6 
           7270      8.79084e+6 
           7290      8.67959e+6 
           7310      8.67869e+6 
           7330      8.61948e+6 
           7350       8.6068e+6 
           7370       8.5657e+6 
           7390      8.46143e+6 
           7410      8.36439e+6 
           7430       8.3658e+6 
           7450      8.33861e+6 
           7470      8.31765e+6 
           7490      8.24777e+6 
           7510      8.21458e+6 
           7530      8.18562e+6 
           7550      8.15948e+6 
           7570      8.09868e+6 
           7590      8.05473e+6 
           7610      8.00923e+6 
           7630        7.977e+6 
           7650      7.92888e+6 
           7670      7.82356e+6 
           7690      7.83705e+6 
           7710      7.77239e+6 
           7730      7.75743e+6 
           7750      7.68296e+6 
           7770      7.63532e+6 
           7790      7.64771e+6 
           7810      7.60364e+6 
           7830      7.53351e+6 
           7850      7.50069e+6 
           7870      7.48573e+6 
           7890      7.44601e+6 
           7910      7.39513e+6 
           7930      7.29797e+6 
           7950       7.2774e+6 
           7970      7.29194e+6 
           7990      7.25429e+6 
           8010      7.19052e+6 
           8030      7.16117e+6 
           8050      7.11108e+6 
           8070      7.09903e+6 
           8090      7.03232e+6 
           8110      7.02402e+6 
           8130      6.99635e+6 
           8150      6.95468e+6 
           8170      6.91672e+6 
           8190      6.79591e+6 
           8210      6.79695e+6 
           8230      6.74839e+6 
           8250      6.74059e+6 
           8270      6.73999e+6 
           8290      6.70093e+6 
           8310      6.63926e+6 
           8330      6.56288e+6 
           8350      6.58119e+6 
           8370      6.56162e+6 
           8390      6.48433e+6 
           8410      6.49297e+6 
           8430      6.43514e+6 
           8450      6.38732e+6 
           8470      6.35035e+6 
           8490      6.30793e+6 
           8510      6.09154e+6 
           8530      6.23907e+6 
           8550      5.64611e+6 
           8570      6.23994e+6 
           8590      6.13945e+6 
           8610      6.08657e+6 
           8630      6.14994e+6 
           8650       6.0732e+6 
           8670      5.48689e+6 
           8690      5.97702e+6 
           8710      6.02805e+6 
           8730      5.96833e+6 
           8750      5.67636e+6 
           8770      5.89689e+6 
           8790      5.91005e+6 
           8810      5.84442e+6 
           8830      5.82716e+6 
           8850      5.72388e+6 
           8870      5.43572e+6 
           8890      5.74924e+6 
           8910      5.74624e+6 
           8930      5.70163e+6 
           8950      5.69968e+6 
           8970      5.66776e+6 
           8990      5.61646e+6 
           9010      5.20173e+6 
           9030      5.42313e+6 
           9050      5.55282e+6 
           9070      5.47796e+6 
           9090      5.38961e+6 
           9110       5.4445e+6 
           9130      5.46588e+6 
           9150      5.44018e+6 
           9170      5.40709e+6 
           9190      5.37108e+6 
           9210      5.24298e+6 
           9230      4.81611e+6 
           9250      5.15016e+6 
           9270      5.22925e+6 
           9290      5.24691e+6 
           9310       5.2309e+6 
           9330      5.20029e+6 
           9350      5.17505e+6 
           9370      5.15082e+6 
           9390      5.12591e+6 
           9410      4.98333e+6 
           9430      5.05669e+6 
           9450      5.02686e+6 
           9470      5.02707e+6 
           9490      5.00048e+6 
           9510      4.95281e+6 
           9530      4.85406e+6 
           9550      4.43678e+6 
           9570      4.82303e+6 
           9590      4.86356e+6 
           9610      4.83232e+6 
           9630      4.79683e+6 
           9650      4.79314e+6 
           9670      4.74958e+6 
           9690      4.75327e+6 
           9710      4.74128e+6 
           9730      4.71864e+6 
           9750      4.67829e+6 
           9770      4.66783e+6 
           9790      4.64564e+6 
           9810      4.62829e+6 
           9830        4.604e+6 
           9850       4.5799e+6 
           9870      4.55052e+6 
           9890      4.51943e+6 
           9910      4.50159e+6 
           9930      4.49572e+6 
           9950      4.47497e+6 
           9970      4.45327e+6 
           9990      4.42638e+6 
          10025      4.29696e+6 
          10075      4.16385e+6 
          10125      4.27864e+6 
          10175      4.22614e+6 
          10225      4.18924e+6 
          10275      4.14643e+6 
          10325      4.08269e+6 
          10375      4.04168e+6 
          10425      4.00229e+6 
          10475      3.93088e+6 
          10525       3.9069e+6 
          10575      3.85317e+6 
          10625      3.80398e+6 
          10675      3.71455e+6 
          10725      3.70816e+6 
          10775      3.66604e+6 
          10825      3.60719e+6 
          10875      3.56741e+6 
          10925      3.34356e+6 
          10975       3.4445e+6 
          11025      3.47687e+6 
          11075      3.45355e+6 
          11125      3.40948e+6 
          11175      3.36817e+6 
          11225      3.34032e+6 
          11275      3.27727e+6 
          11325       3.2487e+6 
          11375      3.22283e+6 
          11425      3.17417e+6 
          11475      3.16404e+6 
          11525       3.1304e+6 
          11575      3.09161e+6 
          11625      3.03831e+6 
          11675      3.00431e+6 
          11725      3.00068e+6 
          11775      2.93177e+6 
          11825       2.9108e+6 
          11875      2.87566e+6 
          11925      2.87861e+6 
          11975      2.80681e+6 
          12025      2.79993e+6 
          12075      2.76594e+6 
          12125      2.74753e+6 
          12175      2.73137e+6 
          12225      2.70277e+6 
          12275      2.66754e+6 
          12325      2.64619e+6 
          12375       2.6187e+6 
          12425      2.59279e+6 
          12475       2.5689e+6 
          12525      2.54002e+6 
          12575      2.51081e+6 
          12625        2.486e+6 
          12675      2.46314e+6 
          12725      2.43638e+6 
          12775      2.38526e+6 
          12825      2.16935e+6 
          12875      2.34403e+6 
          12925      2.33991e+6 
          12975      2.32482e+6 
          13025      2.30034e+6 
          13075      2.28146e+6 
          13125      2.24968e+6 
          13175      2.22547e+6 
          13225      2.21622e+6 
          13275      2.18887e+6 
          13325      2.17141e+6 
          13375      2.14994e+6 
          13425      2.13291e+6 
          13475      2.11234e+6 
          13525      2.09119e+6 
          13575      2.06579e+6 
          13625      2.05167e+6 
          13675      2.03086e+6 
          13725      2.00489e+6 
          13775      1.99116e+6 
          13825      1.97362e+6 
          13875      1.95982e+6 
          13925      1.93887e+6 
          13975      1.92093e+6 
          14025      1.90069e+6 
          14075      1.88755e+6 
          14125      1.86402e+6 
          14175      1.85369e+6 
          14225      1.82677e+6 
          14275      1.80542e+6 
          14325      1.80157e+6 
          14375       1.7881e+6 
          14425      1.74156e+6 
          14475      1.75416e+6 
          14525        1.722e+6 
          14570      1.71786e+6 
          14620       1.7032e+6 
          14675      1.68935e+6 
          14725      1.66703e+6 
          14775      1.65107e+6 
          14825      1.64017e+6 
          14875      1.60798e+6 
          14925      1.61837e+6 
          14975      1.59839e+6 
          15025      1.56646e+6 
          15075      1.55673e+6 
          15125      1.55851e+6 
          15175      1.54628e+6 
          15225      1.52574e+6 
          15275      1.51564e+6 
          15325       1.5014e+6 
          15375      1.48725e+6 
          15425      1.47094e+6 
          15475      1.46107e+6 
          15525      1.44693e+6 
          15575      1.42858e+6 
          15625      1.42544e+6 
          15675       1.4022e+6 
          15725      1.38507e+6 
          15775      1.36557e+6 
          15825      1.36549e+6 
          15875      1.32037e+6 
          15925      1.33817e+6 
          15975      1.33154e+6 
          16050      1.30728e+6 
          16150      1.26678e+6 
          16250      1.27089e+6 
          16350      1.22776e+6 
          16450      1.18041e+6 
          16550      1.19737e+6 
          16650       1.1732e+6 
          16750      1.12354e+6 
          16850      1.07261e+6 
          16950       1.1023e+6 
          17050      1.07858e+6 
          17150      1.05585e+6 
          17250      1.02641e+6 
          17350          944457 
          17450          977215 
          17550          971834 
          17650          952279 
          17750          934990 
          17850          917059 
          17950          899467 
          18050          876209 
          18150          806061 
          18250          828491 
          18350          827340 
          18450          810186 
          18550          795781 
          18650          774673 
          18750          701847 
          18850          743212 
          18950          729452 
          19050          724305 
          19150          709807 
          19250          696034 
          19350          676614 
          19450          619236 
          19550          652432 
          19650          645330 
          19750          632157 
          19850          622774 
          19950          611340 
          20050          601276 
          20150          591146 
          20250          579139 
          20350          567192 
          20450          559823 
          20550          549553 
          20650          538068 
          20750          529823 
          20850          520766 
          20950          510226 
          21050          502704 
          21150          493455 
          21250          484884 
          21350          476775 
          21450          469031 
          21550          458143 
          21650          420612 
          21750          439841 
          21850          436447 
          21950          431126 
          22050          422180 
          22150          416343 
          22250          409831 
          22350          403080 
          22450          396470 
          22550          388894 
          22650          383162 
          22750          377274 
          22850          370543 
          22950          365042 
          23050          359655 
          23150          353623 
          23250          348239 
          23350          342360 
          23450          337425 
          23550          331984 
          23650          326987 
          23750          321309 
          23850          316266 
          23950          311886 
          24050          306919 
          24150          301972 
          24250          297592 
          24350          292764 
          24450          288609 
          24550          283406 
          24650          279933 
          24750          275425 
          24850          270345 
          24950          267154 
          25050          263632 
          25150          259699 
          25250          255478 
          25350          252077 
          25450          248285 
          25550          244418 
          25650          239865 
          25750          237789 
          25850          233647 
          25950          230955 
          26050          227070 
          26150          221574 
          26250          207434 
          26350          216112 
          26450          214465 
          26550          211762 
          26650          207810 
          26750          203359 
          26850          203033 
          26950          200875 
          27050          198116 
          27150          195351 
          27250          192662 
          27350          190021 
          27450          187109 
          27550          181168 
          27650          180677 
          27750          179730 
          27850          177489 
          27950          175204 
          28050          172837 
          28150          170551 
          28250          168265 
          28350          166081 
          28450          163682 
          28550          161534 
          28650          158256 
          28750          152887 
          28850          154793 
          28950          153353 
          29050          151397 
          29150          149389 
          29250          147374 
          29350          145633 
          29450          143698 
          29550          141933 
          29650          140138 
          29750          138342 
          29850          136621 
          29950          134837 
          30050          133132 
          30150          131484 
          30250          129541 
          30350          124550 
          30450          124668 
          30550          124890 
          30650          123439 
          30750          122048 
          30850          120446 
          30950          118989 
          31050          117587 
          31150          115742 
          31250          114717 
          31350          113365 
          31450          111994 
          31550          110495 
          31650          109357 
          31750          107971 
          31850          106752 
          31950          105516 
          32100          103585 
          32300          101212 
          32500         98850.6 
          32700         96528.1 
          32900         92041.1 
          33100         91644.2 
          33300         89975.8 
          33500         88072.1 
          33700         86031.4 
          33900         84075.3 
          34100         82184.8 
          34300         80492.5 
          34500         78767.5 
          34700         77033.2 
          34900         75363.9 
          35100           73737 
          35300         72123.8 
          35500           70611 
          35700         69071.3 
          35900         67616.7 
          36100         66233.7 
          36300         64842.7 
          36500         63424.1 
          36700         62094.2 
          36900         60703.5 
          37100           59498 
          37300         57778.4 
          37500         56121.7 
          37700         56005.1 
          37900         54898.9 
          38100         53771.1 
          38300         52746.1 
          38500         51739.7 
          38700         50675.4 
          38900         49680.1 
          39100         48658.1 
          39300         47803.1 
          39500         46844.7 
          39700         45979.5 
          39900         45025.2 
          40100           44125 
          40300         43282.2 
          40500           41675 
          40700         41728.4 
          40900         40969.9 
          41100         40237.5 
          41300         39502.2 
          41500         38739.5 
          41700         37842.2 
          41900           37338 
          42100         36603.8 
          42300         36030.9 
          42500         35365.3 
          42700         34745.3 
          42900         34119.4 
          43100         33501.2 
          43300           32895 
          43500         32300.5 
          43700         31492.6 
          43900         31128.1 
          44100         30600.4 
          44300         30088.7 
          44500         29577.2 
          44700         29073.7 
          44900         28583.5 
          45100         28093.5 
          45300         27614.7 
          45500         27152.2 
          45700         26693.2 
          45900           26243 
          46100         25817.2 
          46300         25383.8 
          46500         24446.3 
          46700         24277.1 
          46900         24145.9 
          47100         23769.7 
          47300         23390.6 
          47500         23008.7 
          47700           22639 
          47900           22278 
          48100         21917.2 
          48300           21573 
          48500         21227.3 
          48700         20892.8 
          48900         20564.7 
          49100         20241.3 
          49300         19925.5 
          49500           19611 
          49700         19308.6 
          49900         19016.5 
          50100         18717.9 
          50300         18435.3 
          50500         18150.7 
          50700         17877.3 
          50900         17604.8 
          51100         17321.6 
          51300         16863.2 
          51500         16820.6 
          51700         16573.7 
          51900         16327.4 
          52100         16081.5 
          52300         15845.8 
          52500         15617.3 
          52700         15387.8 
          52900         15162.6 
          53100           14943 
          53300         14726.3 
          53500         14513.8 
          53700         14298.8 
          53900         14098.2 
          54100         13901.4 
          54300           13697 
          54500         13509.2 
          54700         13307.3 
          54900           13128 
          55100           12946 
          55300         12761.4 
          55500         12587.7 
          55700         12414.8 
          55900         12233.3 
          56100         12073.2 
          56300         11905.6 
          56500         11746.2 
          56700         11585.7 
          56900         11425.1 
          57100         11263.2 
          57300         11120.8 
          57500         10971.3 
          57700         10823.2 
          57900         10678.5 
          58100         10536.7 
          58300         10398.1 
          58500         10261.4 
          58700         10124.3 
          58900         9981.92 
          59100         9726.71 
          59300         9729.34 
          59500         9579.33 
          59700         9475.42 
          59900         9358.29 
          60100         9235.62 
          60300         9119.42 
          60500         9003.13 
          60700         8886.24 
          60900         8771.18 
          61100         8655.22 
          61300         8552.42 
          61500         8445.99 
          61700         8339.27 
          61900         8234.64 
          62100         8131.87 
          62300         8024.01 
          62500         7928.37 
          62700         7829.98 
          62900         7708.65 
          63100         7635.92 
          63300         7547.22 
          63500         7454.82 
          63700         7362.96 
          63900         7273.86 
          64200         7142.77 
          64600         6970.65 
          65000         6803.52 
          65400         6644.99 
          65800         6488.74 
          66200         6336.62 
          66600         6189.75 
          67000         6046.15 
          67400         5906.27 
          67800         5757.84 
          68200         5641.25 
          68600         5513.87 
          69000         5389.91 
          69400         5269.12 
          69800         5152.71 
          70200         5037.59 
          70600         4927.99 
          71000          4820.6 
          71400         4715.68 
          71800         4613.66 
          72200         4514.09 
          72600         4417.77 
          73000         4324.24 
          73400         4232.05 
          73800         4143.64 
          74200         4056.64 
          74600         3939.96 
          75000          3851.7 
          75400         3809.46 
          75800         3731.73 
          76200         3655.55 
          76600         3581.53 
          77000         3508.95 
          77400         3438.68 
          77800         3369.94 
          78200         3302.96 
          78600         3237.61 
          79000         3173.81 
          79400         3111.55 
          79800         3050.87 
          80200         2991.51 
          80600         2933.59 
          81000         2877.53 
          81400         2821.17 
          81800         2768.31 
          82200         2716.24 
          82600         2665.04 
          83000         2614.96 
          83400         2565.84 
          83800         2518.23 
          84200         2471.77 
          84600         2426.24 
          85000         2381.77 
          85400         2338.28 
          85800         2295.75 
          86200         2254.11 
          86600         2212.19 
          87000         2173.93 
          87400         2130.55 
          87800         2092.61 
          88200         2059.92 
          88600         2023.56 
          89000         1988.05 
          89400         1953.47 
          89800         1919.29 
          90200         1886.23 
          90600         1853.87 
          91000         1821.83 
          91400         1790.72 
          91800         1760.44 
          92200         1730.62 
          92600         1701.38 
          93000         1672.83 
          93400          1644.8 
          93800          1615.3 
          94200         1590.58 
          94600         1564.27 
          95000         1538.56 
          95400         1513.23 
          95800         1488.63 
          96200         1464.35 
          96600          1440.7 
          97000         1417.51 
          97400         1394.54 
          97800         1372.28 
          98200          1350.5 
          98600         1329.14 
          99000         1308.12 
          99400         1287.43 
          99800          1267.3 
         100200         1247.52 
         200000           80.95 
         400000         5.09527 
         600000         1.00317 
         800000        0.315936 
         1.0e+6        0.128812 
         1.2e+6       0.0618544 
         1.4e+6       0.0332581 
         1.6e+6       0.0194251 
