# Kurucz ODFNEW /NOVER models
# teff = 9250 K (value for the effective temperature for the model. Temperatures are given in K)
# logg = 4.50 log(cm/s2) (value for Log(G) for the model.)
# meta = -0.5  (value for the Metallicity for the model.)
# lh = 1.25  (l/Hp where l is the  mixing length of the convective element and Hp is the pressure scale height)
# vtur = 2.0 km/s (Microturbulence velocity)
#
# column 1: WAVELENGTH (ANGSTROM), Wavelength in Angstrom
# column 2: FLUX (ERG/CM2/S/A), Flux in erg/cm2/s/A
              0               0 
           90.9               0 
           93.5               0 
           96.1               0 
           97.7               0 
           99.6               0 
            102               0 
          103.8               0 
          105.6               0 
          107.7               0 
          110.4               0 
            114               0 
          117.8               0 
          121.3               0 
          124.8               0 
          127.1               0 
          128.4               0 
          130.5               0 
          132.4               0 
          133.9               0 
          136.6               0 
          139.8               0 
          143.3               0 
          147.2               0 
            151               0 
          155.2               0 
          158.8               0 
            162               0 
            166               0 
          170.3               0 
          173.4               0 
          176.8               0 
          180.2               0 
          181.7               0 
          186.1               0 
            191               0 
          193.9               0 
          198.4               0 
          201.8               0 
            205               0 
          210.5               0 
          216.2               0 
          219.8               0 
            223               0 
          226.8               0 
            230               0 
            234               0 
            240               0 
          246.5               0 
          252.4               0 
          256.8               0 
            260               0 
            264               0 
          268.5               0 
          273.5               0 
          278.5               0 
            284               0 
            290     6.76593e-23 
            296     3.61205e-22 
            301     1.33019e-21 
            308     7.63041e-21 
            318     8.07524e-20 
            328      7.4037e-19 
            338     5.95942e-18 
            348     4.24779e-17 
            357     2.26489e-16 
            366     1.11026e-15 
            375     5.03432e-15 
            385     2.48234e-14 
            395      1.1261e-13 
            405     4.73414e-13 
            414     1.62132e-12 
            422     4.62589e-12 
            430     1.26817e-11 
            441     4.76799e-11 
            451     1.49947e-10 
            460     4.02244e-10 
            470      1.14967e-9 
            480      3.13892e-9 
            490      8.20946e-9 
            500      2.06237e-8 
            506      3.48632e-8 
            512       5.9781e-8 
            520      1.17271e-7 
            530      2.64181e-7 
            540      5.76672e-7 
            550      1.22185e-6 
            560      2.51662e-6 
            570       5.0465e-6 
            580      9.86452e-6 
            590      1.88279e-5 
            600      3.51195e-5 
            610      6.40959e-5 
            620     0.000114597 
            630     0.000200885 
            640     0.000345607 
            650     0.000584062 
            658     0.000877864 
            665      0.00124309 
            675      0.00201609 
            685      0.00322034 
            695         0.00507 
            705      0.00787153 
            716       0.0125771 
            726       0.0190025 
            735       0.0272646 
            745       0.0402711 
            755       0.0588184 
            765       0.0849861 
            775        0.121539 
            785        0.172083 
            795        0.241336 
            805        0.335369 
            815        0.461944 
            825        0.630886 
            835        0.854636 
            845         1.14856 
            855         1.53192 
            865         2.02829 
            875         2.66655 
            885         3.48182 
            895         4.51643 
            905         5.82143 
            915         44.5249 
            925          315.07 
            935         534.095 
            945         875.736 
            955         1232.68 
            965         1617.97 
            975         1428.18 
            985         2294.96 
            995         2575.59 
           1005         3214.16 
           1015         3639.69 
           1025         2833.34 
           1035         4802.56 
           1045         5829.19 
           1055         6737.66 
           1065         7554.38 
           1075         8903.63 
           1085         10199.5 
           1095         11315.2 
           1105         19006.8 
           1115         59632.6 
           1125          103051 
           1135          155462 
           1145          142140 
           1155          125911 
           1165          110832 
           1175         97471.8 
           1185         96270.9 
           1195           53319 
           1205         41268.5 
           1215         9830.25 
           1225         43883.3 
           1235         94808.5 
           1245          147652 
           1255          283512 
           1265          568242 
           1275      1.87273e+6 
           1285      6.23266e+6 
           1295      9.62771e+6 
           1305      8.00413e+6 
           1315      1.56165e+7 
           1325      2.01049e+7 
           1335      2.22522e+7 
           1345      2.91051e+7 
           1355      2.73844e+7 
           1365      2.69442e+7 
           1375      2.69921e+7 
           1385      2.14562e+7 
           1395      2.21157e+7 
           1405      3.10102e+7 
           1415      3.83237e+7 
           1425      4.36204e+7 
           1435      3.88123e+7 
           1442      4.64714e+7 
           1447      4.83442e+7 
           1455      5.11473e+7 
           1465      4.62913e+7 
           1475      4.65521e+7 
           1485      4.83685e+7 
           1495      5.28192e+7 
           1505      5.44996e+7 
           1512       4.9997e+7 
           1517      5.33742e+7 
           1525      5.09024e+7 
           1535      5.42498e+7 
           1545      6.15798e+7 
           1555      4.84261e+7 
           1565      3.94323e+7 
           1575      5.48491e+7 
           1585      6.20334e+7 
           1595      6.64115e+7 
           1605      6.45948e+7 
           1615      6.64133e+7 
           1625      6.08162e+7 
           1635      6.61963e+7 
           1645      8.04841e+7 
           1655      6.01662e+7 
           1665      8.09985e+7 
           1672      5.90594e+7 
           1677      7.63299e+7 
           1685      8.56141e+7 
           1695      7.36185e+7 
           1705      7.42868e+7 
           1715       7.8563e+7 
           1725      7.72343e+7 
           1735      8.26354e+7 
           1745      7.92933e+7 
           1755      8.65825e+7 
           1765      7.25471e+7 
           1775      8.30734e+7 
           1785       8.2332e+7 
           1795      8.92653e+7 
           1805      8.34685e+7 
           1815      8.31633e+7 
           1825      7.88226e+7 
           1835      7.78126e+7 
           1845      7.11776e+7 
           1855      7.51265e+7 
           1865      7.66009e+7 
           1875      7.84125e+7 
           1885      7.82473e+7 
           1895      7.83334e+7 
           1905      7.39057e+7 
           1915      7.77773e+7 
           1925      7.84953e+7 
           1935      7.35949e+7 
           1945      8.01087e+7 
           1955       7.9102e+7 
           1967       8.0905e+7 
           1976      7.84725e+7 
           1984      7.68065e+7 
           1995      7.48552e+7 
           2005      7.26091e+7 
           2015      7.12826e+7 
           2025      6.88338e+7 
           2035       7.2572e+7 
           2045      7.51709e+7 
           2055        7.202e+7 
           2065      7.08769e+7 
           2074      7.43236e+7 
           2078      7.59275e+7 
           2085       7.4732e+7 
           2095      7.21055e+7 
           2105      7.01439e+7 
           2115      7.04254e+7 
           2125      7.12867e+7 
           2135       6.1902e+7 
           2145      6.86717e+7 
           2155      6.83734e+7 
           2165      6.49605e+7 
           2175      6.41592e+7 
           2185      6.51965e+7 
           2195      6.85314e+7 
           2205      6.58731e+7 
           2215       6.0705e+7 
           2225      6.08096e+7 
           2235      6.69524e+7 
           2245      6.08657e+7 
           2255      5.93712e+7 
           2265      5.88723e+7 
           2275      6.24983e+7 
           2285      6.42563e+7 
           2295      6.00934e+7 
           2305      6.00637e+7 
           2315      5.90096e+7 
           2325      5.87827e+7 
           2335      5.68934e+7 
           2345       5.2059e+7 
           2355       5.8723e+7 
           2365      5.28882e+7 
           2375      5.58888e+7 
           2385      4.94544e+7 
           2395      5.36314e+7 
           2405      5.15502e+7 
           2415      5.23785e+7 
           2425      5.53492e+7 
           2435      5.28927e+7 
           2445      5.59473e+7 
           2455      5.41383e+7 
           2465      5.39171e+7 
           2475      5.16527e+7 
           2485      5.37261e+7 
           2495      5.19693e+7 
           2505      5.69801e+7 
           2513      5.20452e+7 
           2518      5.24055e+7 
           2525      4.92673e+7 
           2535      4.84027e+7 
           2545       4.8171e+7 
           2555      5.13805e+7 
           2565      5.14537e+7 
           2575      5.46633e+7 
           2585      5.49849e+7 
           2595      5.44546e+7 
           2605      5.22775e+7 
           2615      5.16408e+7 
           2625      5.42687e+7 
           2635      5.43889e+7 
           2645      5.92504e+7 
           2655       5.8655e+7 
           2665      5.47838e+7 
           2675      5.65337e+7 
           2685      5.68604e+7 
           2695       5.4183e+7 
           2705      5.49622e+7 
           2715      5.25596e+7 
           2725      5.27985e+7 
           2735       5.5994e+7 
           2745      4.91828e+7 
           2755      4.98831e+7 
           2765      5.16171e+7 
           2775      5.42546e+7 
           2785      5.30399e+7 
           2795      4.18714e+7 
           2805      4.64528e+7 
           2815      5.54097e+7 
           2825       5.5476e+7 
           2835      5.37636e+7 
           2845      5.20506e+7 
           2855      5.04662e+7 
           2865       5.3176e+7 
           2875      5.20365e+7 
           2885       5.3084e+7 
           2895      5.17019e+7 
           2910      5.54991e+7 
           2930      5.34758e+7 
           2950      5.32162e+7 
           2970      5.35441e+7 
           2990      5.35759e+7 
           3010       5.3989e+7 
           3030      5.35783e+7 
           3050      5.31817e+7 
           3070      5.26948e+7 
           3090      5.29383e+7 
           3110      5.20452e+7 
           3130      5.17823e+7 
           3150      5.21366e+7 
           3170      5.17658e+7 
           3190      5.00896e+7 
           3210      5.07141e+7 
           3230      4.97341e+7 
           3250      5.01652e+7 
           3270      5.03462e+7 
           3290      5.04845e+7 
           3310      5.04608e+7 
           3330      4.95575e+7 
           3350      4.87927e+7 
           3370       4.8743e+7 
           3390       4.8317e+7 
           3410      4.87433e+7 
           3430      4.85319e+7 
           3450      4.81608e+7 
           3470       4.7679e+7 
           3490      4.74961e+7 
           3510      4.76658e+7 
           3530      4.75171e+7 
           3550      4.74107e+7 
           3570       4.6615e+7 
           3590      4.63602e+7 
           3610      4.61456e+7 
           3630      4.60047e+7 
           3640      4.57948e+7 
           3650      4.62088e+7 
           3670      4.61147e+7 
           3690      4.47335e+7 
           3710      4.43483e+7 
           3730      4.35763e+7 
           3750      5.20817e+7 
           3770      5.48413e+7 
           3790      6.68375e+7 
           3810      7.91059e+7 
           3830      6.27801e+7 
           3850      8.91598e+7 
           3870      1.03315e+8 
           3890      5.50029e+7 
           3910      1.04288e+8 
           3930      1.12978e+8 
           3950       1.0449e+8 
           3970      5.28969e+7 
           3990      9.88838e+7 
           4010      1.19173e+8 
           4030      1.21146e+8 
           4050      1.18888e+8 
           4070      1.09656e+8 
           4090      7.76292e+7 
           4110      5.85678e+7 
           4130      1.01769e+8 
           4150      1.11347e+8 
           4170      1.12261e+8 
           4190      1.11343e+8 
           4210      1.10198e+8 
           4230      1.07882e+8 
           4250      1.06794e+8 
           4270      1.04029e+8 
           4290      1.01766e+8 
           4310      9.22006e+7 
           4330      6.39796e+7 
           4350      5.43221e+7 
           4370      8.83309e+7 
           4390      9.45848e+7 
           4410      9.54413e+7 
           4430        9.514e+7 
           4450       9.5021e+7 
           4470      9.39484e+7 
           4490      9.20276e+7 
           4510      9.18705e+7 
           4530      9.05103e+7 
           4550      8.87775e+7 
           4570      8.87796e+7 
           4590      8.72585e+7 
           4610      8.70825e+7 
           4630      8.53074e+7 
           4650      8.49219e+7 
           4670       8.3854e+7 
           4690      8.19345e+7 
           4710       7.9418e+7 
           4730      8.05749e+7 
           4750      7.95469e+7 
           4770      7.82473e+7 
           4790      7.67136e+7 
           4810       7.4157e+7 
           4830      6.83071e+7 
           4850      5.01805e+7 
           4870      4.07229e+7 
           4890      6.33563e+7 
           4910      6.92763e+7 
           4930      6.97647e+7 
           4950      7.01661e+7 
           4970      6.99245e+7 
           4990      6.90488e+7 
           5010      6.77375e+7 
           5030      6.76275e+7 
           5050      6.66657e+7 
           5070      6.63651e+7 
           5090      6.56105e+7 
           5110      6.49147e+7 
           5130      6.41046e+7 
           5150       6.3288e+7 
           5170      6.17833e+7 
           5190      6.12869e+7 
           5210      6.11852e+7 
           5230      6.01644e+7 
           5250      6.00487e+7 
           5270      5.87189e+7 
           5290      5.86958e+7 
           5310      5.78108e+7 
           5330      5.70715e+7 
           5350      5.68442e+7 
           5370      5.60858e+7 
           5390      5.55419e+7 
           5410      5.47691e+7 
           5430      5.43473e+7 
           5450      5.38424e+7 
           5470      5.32782e+7 
           5490      5.27608e+7 
           5510       5.2222e+7 
           5530      5.15766e+7 
           5550      5.11467e+7 
           5570      5.05651e+7 
           5590      5.00171e+7 
           5610      4.95497e+7 
           5630      4.90808e+7 
           5650       4.8558e+7 
           5670      4.80298e+7 
           5690      4.75705e+7 
           5710      4.70866e+7 
           5730      4.66471e+7 
           5750      4.61387e+7 
           5770      4.56824e+7 
           5790      4.52156e+7 
           5810      4.47677e+7 
           5830      4.43279e+7 
           5850      4.38755e+7 
           5870       4.3412e+7 
           5890      4.26943e+7 
           5910       4.2575e+7 
           5930      4.21577e+7 
           5950      4.17215e+7 
           5970       4.1324e+7 
           5990      4.08869e+7 
           6010      4.04714e+7 
           6030      4.01101e+7 
           6050      3.97198e+7 
           6070      3.93532e+7 
           6090      3.89661e+7 
           6110       3.8577e+7 
           6130      3.81744e+7 
           6150      3.76575e+7 
           6170      3.74198e+7 
           6190      3.71302e+7 
           6210      3.67761e+7 
           6230      3.64056e+7 
           6250      3.59568e+7 
           6270       3.5744e+7 
           6290      3.54058e+7 
           6310      3.50379e+7 
           6330      3.47256e+7 
           6350       3.4239e+7 
           6370      3.39725e+7 
           6390      3.37249e+7 
           6410      3.33342e+7 
           6430      3.30215e+7 
           6450      3.25518e+7 
           6470      3.22625e+7 
           6490      3.17411e+7 
           6510      3.10405e+7 
           6530      2.95043e+7 
           6550      2.48496e+7 
           6570      2.01427e+7 
           6590      2.74367e+7 
           6610      2.93101e+7 
           6630      2.96966e+7 
           6650      2.96733e+7 
           6670      2.95125e+7 
           6690      2.93178e+7 
           6710      2.90914e+7 
           6730      2.88622e+7 
           6750      2.86212e+7 
           6770      2.83997e+7 
           6790      2.81477e+7 
           6810      2.78989e+7 
           6830      2.76421e+7 
           6850      2.74038e+7 
           6870      2.71679e+7 
           6890      2.69326e+7 
           6910      2.66949e+7 
           6930      2.64594e+7 
           6950      2.62309e+7 
           6970      2.60023e+7 
           6990       2.5782e+7 
           7010      2.55301e+7 
           7030       2.5324e+7 
           7050      2.51131e+7 
           7070      2.49034e+7 
           7090      2.46934e+7 
           7110       2.4346e+7 
           7130      2.42474e+7 
           7150      2.40471e+7 
           7170      2.38523e+7 
           7190      2.36454e+7 
           7210      2.34514e+7 
           7230      2.32533e+7 
           7250       2.3045e+7 
           7270      2.28699e+7 
           7290      2.26645e+7 
           7310      2.24814e+7 
           7330      2.22958e+7 
           7350      2.21181e+7 
           7370      2.19358e+7 
           7390      2.17476e+7 
           7410      2.15542e+7 
           7430      2.13578e+7 
           7450      2.11984e+7 
           7470      2.09885e+7 
           7490      2.08356e+7 
           7510      2.06894e+7 
           7530      2.05271e+7 
           7550       2.0369e+7 
           7570      2.02003e+7 
           7590      2.00391e+7 
           7610      1.98773e+7 
           7630      1.97144e+7 
           7650      1.95522e+7 
           7670       1.9385e+7 
           7690      1.92353e+7 
           7710      1.90792e+7 
           7730      1.89384e+7 
           7750      1.87837e+7 
           7770      1.83558e+7 
           7790      1.84907e+7 
           7810      1.83442e+7 
           7830      1.81874e+7 
           7850      1.80331e+7 
           7870      1.78624e+7 
           7890      1.77048e+7 
           7910      1.76106e+7 
           7930      1.74781e+7 
           7950      1.73176e+7 
           7970      1.72237e+7 
           7990      1.70107e+7 
           8010      1.69517e+7 
           8030      1.68159e+7 
           8050      1.66918e+7 
           8070      1.65605e+7 
           8090      1.64339e+7 
           8110      1.63117e+7 
           8130      1.61893e+7 
           8150      1.60652e+7 
           8170      1.59426e+7 
           8190      1.57609e+7 
           8210      1.56898e+7 
           8230      1.55697e+7 
           8250      1.54583e+7 
           8270      1.54123e+7 
           8290      1.53002e+7 
           8310       1.5195e+7 
           8330      1.50255e+7 
           8350      1.49828e+7 
           8370      1.48763e+7 
           8390      1.47546e+7 
           8410      1.46408e+7 
           8430      1.45153e+7 
           8450      1.42878e+7 
           8470      1.41894e+7 
           8490      1.41917e+7 
           8510      1.37427e+7 
           8530      1.40299e+7 
           8550       1.3098e+7 
           8570      1.39936e+7 
           8590      1.32101e+7 
           8610      1.29613e+7 
           8630      1.39337e+7 
           8650      1.33291e+7 
           8670       1.1505e+7 
           8690      1.34975e+7 
           8710       1.3958e+7 
           8730      1.32995e+7 
           8750      1.07421e+7 
           8770      1.26019e+7 
           8790      1.37992e+7 
           8810      1.39415e+7 
           8830      1.34827e+7 
           8850      1.18109e+7 
           8870      1.01527e+7 
           8890      1.26702e+7 
           8910      1.34832e+7 
           8930      1.36822e+7 
           8950      1.36752e+7 
           8970      1.32959e+7 
           8990      1.23586e+7 
           9010      9.83499e+6 
           9030      1.06651e+7 
           9050      1.24198e+7 
           9070      1.28358e+7 
           9090      1.28897e+7 
           9110      1.30715e+7 
           9130       1.3059e+7 
           9150      1.29224e+7 
           9170      1.26528e+7 
           9190      1.21303e+7 
           9210      1.09554e+7 
           9230      8.63102e+6 
           9250      1.05117e+7 
           9270      1.15615e+7 
           9290      1.21054e+7 
           9310      1.22204e+7 
           9330      1.22191e+7 
           9350      1.21789e+7 
           9370      1.21133e+7 
           9390      1.20024e+7 
           9410      1.17787e+7 
           9430      1.18122e+7 
           9450       1.1699e+7 
           9470      1.15333e+7 
           9490      1.12647e+7 
           9510      1.07495e+7 
           9530      9.58284e+6 
           9550      7.78804e+6 
           9570      9.68309e+6 
           9590      1.05496e+7 
           9610      1.08142e+7 
           9630      1.08388e+7 
           9650      1.09237e+7 
           9670      1.08222e+7 
           9690      1.08229e+7 
           9710      1.07856e+7 
           9730      1.07158e+7 
           9750      1.06398e+7 
           9770      1.05793e+7 
           9790      1.05074e+7 
           9810      1.04341e+7 
           9830      1.03558e+7 
           9850      1.02719e+7 
           9870      1.01974e+7 
           9890      1.00842e+7 
           9910      1.00389e+7 
           9930      9.94579e+6 
           9950      9.84914e+6 
           9970      9.71948e+6 
           9990      9.51223e+6 
          10025      8.38921e+6 
          10075       7.9636e+6 
          10125      9.13054e+6 
          10175      9.17167e+6 
          10225      9.06452e+6 
          10275      8.93906e+6 
          10325      8.79261e+6 
          10375      8.65102e+6 
          10425      8.51105e+6 
          10475      8.34451e+6 
          10525      8.22663e+6 
          10575      8.09916e+6 
          10625       7.9704e+6 
          10675      7.75938e+6 
          10725      7.66983e+6 
          10775      7.55729e+6 
          10825      7.39117e+6 
          10875      7.09084e+6 
          10925      5.84844e+6 
          10975      6.39514e+6 
          11025      6.87811e+6 
          11075      6.87574e+6 
          11125      6.79459e+6 
          11175      6.70858e+6 
          11225      6.61279e+6 
          11275      6.46565e+6 
          11325      6.36786e+6 
          11375       6.3085e+6 
          11425      6.20897e+6 
          11475       6.1301e+6 
          11525      6.04043e+6 
          11575      5.94983e+6 
          11625      5.84104e+6 
          11675      5.73281e+6 
          11725      5.69168e+6 
          11775      5.55354e+6 
          11825      5.50287e+6 
          11875      5.41551e+6 
          11925      5.36859e+6 
          11975      5.27104e+6 
          12025      5.21012e+6 
          12075      5.12933e+6 
          12125      5.05945e+6 
          12175      4.99307e+6 
          12225      4.92079e+6 
          12275      4.84728e+6 
          12325        4.781e+6 
          12375      4.71636e+6 
          12425      4.65359e+6 
          12475      4.58296e+6 
          12525      4.52147e+6 
          12575      4.44292e+6 
          12625      4.37685e+6 
          12675      4.31051e+6 
          12725       4.2069e+6 
          12775      3.95219e+6 
          12825      3.36097e+6 
          12875      3.89718e+6 
          12925      3.99381e+6 
          12975      3.97495e+6 
          13025      3.93385e+6 
          13075       3.8908e+6 
          13125      3.84001e+6 
          13175      3.78422e+6 
          13225      3.73973e+6 
          13275      3.69045e+6 
          13325      3.64221e+6 
          13375      3.59439e+6 
          13425      3.54717e+6 
          13475       3.5008e+6 
          13525      3.45229e+6 
          13575       3.4087e+6 
          13625      3.36628e+6 
          13675      3.32197e+6 
          13725      3.27101e+6 
          13775      3.23698e+6 
          13825      3.19627e+6 
          13875      3.15741e+6 
          13925       3.1146e+6 
          13975       3.0771e+6 
          14025      3.03873e+6 
          14075      3.00083e+6 
          14125      2.96262e+6 
          14175      2.92601e+6 
          14225      2.88928e+6 
          14275      2.85336e+6 
          14325      2.81842e+6 
          14375      2.78408e+6 
          14425      2.72987e+6 
          14475      2.71572e+6 
          14525      2.67331e+6 
          14570      2.65292e+6 
          14620      2.61964e+6 
          14675      2.58885e+6 
          14725      2.55757e+6 
          14775      2.52338e+6 
          14825      2.49679e+6 
          14875      2.46249e+6 
          14925      2.44179e+6 
          14975      2.41191e+6 
          15025       2.3797e+6 
          15075      2.35449e+6 
          15125      2.32939e+6 
          15175       2.3018e+6 
          15225      2.27516e+6 
          15275      2.24689e+6 
          15325      2.21926e+6 
          15375      2.19561e+6 
          15425      2.16034e+6 
          15475      2.14247e+6 
          15525       2.1154e+6 
          15575      2.07405e+6 
          15625      2.08054e+6 
          15675      2.02712e+6 
          15725      1.98713e+6 
          15775      2.01377e+6 
          15825      1.98587e+6 
          15875      1.86724e+6 
          15925      1.91674e+6 
          15975      1.94048e+6 
          16050       1.8734e+6 
          16150      1.77516e+6 
          16250       1.8444e+6 
          16350      1.73946e+6 
          16450      1.63582e+6 
          16550      1.73674e+6 
          16650      1.70357e+6 
          16750      1.58286e+6 
          16850      1.48279e+6 
          16950      1.59293e+6 
          17050      1.57054e+6 
          17150      1.53665e+6 
          17250      1.48053e+6 
          17350      1.29455e+6 
          17450      1.39222e+6 
          17550      1.40673e+6 
          17650      1.38286e+6 
          17750      1.35823e+6 
          17850       1.3284e+6 
          17950      1.29902e+6 
          18050      1.25576e+6 
          18150      1.10762e+6 
          18250      1.16482e+6 
          18350      1.19109e+6 
          18450      1.17246e+6 
          18550      1.14639e+6 
          18650      1.10661e+6 
          18750          972305 
          18850      1.05695e+6 
          18950       1.0578e+6 
          19050      1.04215e+6 
          19150      1.02193e+6 
          19250          999046 
          19350          960163 
          19450          847393 
          19550          923754 
          19650          925702 
          19750          911639 
          19850          896137 
          19950          879519 
          20050          863261 
          20150          847363 
          20250          831702 
          20350          816389 
          20450          801723 
          20550          787186 
          20650          772742 
          20750          758988 
          20850          745476 
          20950          732144 
          21050          719091 
          21150          705831 
          21250          693270 
          21350          680421 
          21450          666436 
          21550          644080 
          21650          572969 
          21750          615255 
          21850          620786 
          21950          613273 
          22050          603764 
          22150          593388 
          22250          583927 
          22350          574151 
          22450          564578 
          22550          554943 
          22650          545985 
          22750          536988 
          22850          528324 
          22950          519708 
          23050          511473 
          23150          503232 
          23250          495239 
          23350          487340 
          23450          479629 
          23550          472059 
          23650          464633 
          23750          457330 
          23850          450156 
          23950          443150 
          24050          436201 
          24150          429426 
          24250          422809 
          24350          416229 
          24450          409732 
          24550          403527 
          24650          397078 
          24750          391064 
          24850          385410 
          24950          378017 
          25050          374117 
          25150          368463 
          25250          359835 
          25350          357173 
          25450          353096 
          25550          346119 
          25650          336055 
          25750          336463 
          25850          332947 
          25950          327622 
          26050          317927 
          26150          303864 
          26250          281505 
          26350          300860 
          26450          304265 
          26550          300887 
          26650          293301 
          26750          277008 
          26850          285107 
          26950          285273 
          27050          282189 
          27150          278576 
          27250          274643 
          27350          270225 
          27450          263660 
          27550          245599 
          27650          249344 
          27750          254434 
          27850          252683 
          27950          249836 
          28050          246890 
          28150          243551 
          28250          240272 
          28350          236700 
          28450          232912 
          28550          228390 
          28650          218780 
          28750          205429 
          28850          216934 
          28950          217335 
          29050          215355 
          29150          212953 
          29250          210328 
          29350          207616 
          29450          204927 
          29550          202287 
          29650          199686 
          29750          197125 
          29850          194609 
          29950          192111 
          30050          189241 
          30150          186234 
          30250          181827 
          30350          168766 
          30450          169979 
          30550          175658 
          30650          175027 
          30750          173372 
          30850          171423 
          30950          169365 
          31050          167275 
          31150          165182 
          31250          163185 
          31350          161215 
          31450          159227 
          31550          157349 
          31650          155461 
          31750          153557 
          31850          151747 
          31950          149924 
          32100          147247 
          32300          143782 
          32500          140388 
          32700          136333 
          32900          125555 
          33100          127377 
          33300          127201 
          33500          124589 
          33700          121768 
          33900          119096 
          34100          116465 
          34300          113910 
          34500          111422 
          34700          108978 
          34900          106606 
          35100          104297 
          35300          102045 
          35500         99852.5 
          35700         97708.4 
          35900         95643.4 
          36100         93594.9 
          36300         91648.7 
          36500         89674.5 
          36700         87852.1 
          36900         85826.1 
          37100         83956.3 
          37300         79643.8 
          37500           77240 
          37700           78933 
          37900         77624.7 
          38100         75781.5 
          38300         74326.9 
          38500         73175.4 
          38700         71729.5 
          38900         70107.4 
          39100         68135.3 
          39300         67519.3 
          39500         66354.3 
          39700         65089.7 
          39900         63719.7 
          40100         61775.8 
          40300         60231.9 
          40500           56951 
          40700         58616.9 
          40900         57986.5 
          41100         56975.3 
          41300         55883.7 
          41500         54532.5 
          41700         52045.8 
          41900           52473 
          42100         51896.8 
          42300         51089.4 
          42500         50165.5 
          42700         49260.7 
          42900         48374.5 
          43100         47508.7 
          43300         46606.9 
          43500         45534.3 
          43700         43200.7 
          43900         43298.7 
          44100         43286.4 
          44300         42691.3 
          44500         41956.3 
          44700           41282 
          44900         40504.1 
          45100         39813.9 
          45300         39132.8 
          45500         38465.5 
          45700           37805 
          45900         37143.7 
          46100         36463.8 
          46300         35601.3 
          46500         33201.4 
          46700         32846.8 
          46900         33632.5 
          47100           33509 
          47300         33045.8 
          47500         32531.1 
          47700         32017.2 
          47900         31507.3 
          48100         31004.8 
          48300         30509.6 
          48500         30024.8 
          48700         29548.3 
          48900         29080.2 
          49100         28620.3 
          49300         28173.1 
          49500         27732.2 
          49700         27297.5 
          49900         26873.3 
          50100         26455.1 
          50300         26041.1 
          50500         25640.3 
          50700         25230.3 
          50900         24786.6 
          51100         24135.6 
          51300           22794 
          51500         23489.5 
          51700         23327.8 
          51900         23032.3 
          52100         22708.6 
          52300         22374.2 
          52500         22027.7 
          52700         21692.6 
          52900           21401 
          53100         21098.5 
          53300         20791.9 
          53500         20480.1 
          53700         20144.9 
          53900         19855.7 
          54100         19607.5 
          54300         19353.4 
          54500           19100 
          54700         18814.6 
          54900         18516.5 
          55100           18211 
          55300         17909.6 
          55500         17730.6 
          55700         17518.5 
          55900         17293.3 
          56100         17056.5 
          56300         16820.2 
          56500         16589.2 
          56700         16330.6 
          56900         16058.9 
          57100         15725.9 
          57300         15609.5 
          57500         15449.8 
          57700         15278.4 
          57900           15073 
          58100         14871.2 
          58300         14656.3 
          58500         14442.8 
          58700         14216.7 
          58900         13852.1 
          59100         13101.6 
          59300           13518 
          59500         13285.7 
          59700         13203.2 
          59900         13143.5 
          60100         13000.9 
          60300         12842.3 
          60500         12680.3 
          60700         12520.2 
          60900         12360.9 
          61100         12203.4 
          61300         12048.7 
          61500         11896.8 
          61700         11745.6 
          61900         11597.1 
          62100         11449.2 
          62300         11299.1 
          62500         11141.1 
          62700         10932.1 
          62900         10565.6 
          63100         10632.2 
          63300         10592.4 
          63500         10483.7 
          63700         10363.2 
          63900         10239.4 
          64200         10072.6 
          64600         9830.01 
          65000         9594.35 
          65400         9366.39 
          65800         9144.09 
          66200         8929.05 
          66600         8717.63 
          67000         8496.36 
          67400         8245.88 
          67800         7897.34 
          68200         7907.93 
          68600         7753.29 
          69000         7586.67 
          69400         7414.62 
          69800         7251.14 
          70200         7090.15 
          70600         6932.58 
          71000         6776.06 
          71400         6632.73 
          71800         6488.59 
          72200         6347.09 
          72600         6199.35 
          73000         6072.45 
          73400         5949.38 
          73800         5810.49 
          74200         5660.02 
          74600         5350.85 
          75000         5188.57 
          75400         5282.01 
          75800         5221.19 
          76200         5122.01 
          76600         5019.72 
          77000         4918.22 
          77400            4815 
          77800         4704.25 
          78200         4624.33 
          78600         4543.53 
          79000         4455.28 
          79400         4367.53 
          79800         4281.97 
          80200         4198.47 
          80600         4117.02 
          81000         4029.54 
          81400         3930.04 
          81800         3863.61 
          82200         3806.05 
          82600         3737.99 
          83000         3667.57 
          83400         3598.44 
          83800         3531.08 
          84200         3465.51 
          84600          3401.6 
          85000         3338.94 
          85400         3277.69 
          85800         3215.93 
          86200         3147.31 
          86600         3057.01 
          87000         3025.45 
          87400         2920.33 
          87800         2868.76 
          88200         2876.75 
          88600         2834.47 
          89000         2785.03 
          89400         2736.21 
          89800         2688.39 
          90200         2641.64 
          90600         2595.92 
          91000         2551.13 
          91400         2507.34 
          91800         2464.48 
          92200         2422.54 
          92600         2378.54 
          93000         2336.52 
          93400          2292.2 
          93800         2216.64 
          94200         2202.82 
          94600         2182.21 
          95000         2148.59 
          95400         2114.39 
          95800         2082.36 
          96200         2048.35 
          96600         2015.07 
          97000         1982.43 
          97400         1950.41 
          97800         1919.05 
          98200         1886.81 
          98600         1855.29 
          99000         1828.73 
          99400         1799.81 
          99800         1771.46 
         100200         1743.65 
         200000         111.795 
         400000         6.96244 
         600000         1.36439 
         800000        0.428535 
         1.0e+6        0.174407 
         1.2e+6       0.0836421 
         1.4e+6        0.044929 
         1.6e+6       0.0262225 
