# Kurucz ODFNEW /NOVER models
# teff = 6250 K (value for the effective temperature for the model. Temperatures are given in K)
# logg = 4.00 log(cm/s2) (value for Log(G) for the model.)
# meta = -0.5  (value for the Metallicity for the model.)
# lh = 1.25  (l/Hp where l is the  mixing length of the convective element and Hp is the pressure scale height)
# vtur = 2.0 km/s (Microturbulence velocity)
#
# column 1: WAVELENGTH (ANGSTROM), Wavelength in Angstrom
# column 2: FLUX (ERG/CM2/S/A), Flux in erg/cm2/s/A
              0               0 
           90.9               0 
           93.5               0 
           96.1               0 
           97.7               0 
           99.6               0 
            102               0 
          103.8               0 
          105.6               0 
          107.7               0 
          110.4               0 
            114               0 
          117.8               0 
          121.3               0 
          124.8               0 
          127.1               0 
          128.4               0 
          130.5               0 
          132.4               0 
          133.9               0 
          136.6               0 
          139.8               0 
          143.3               0 
          147.2               0 
            151               0 
          155.2               0 
          158.8               0 
            162               0 
            166               0 
          170.3               0 
          173.4               0 
          176.8               0 
          180.2               0 
          181.7               0 
          186.1               0 
            191               0 
          193.9               0 
          198.4               0 
          201.8               0 
            205               0 
          210.5               0 
          216.2               0 
          219.8               0 
            223               0 
          226.8               0 
            230               0 
            234               0 
            240               0 
          246.5               0 
          252.4               0 
          256.8               0 
            260               0 
            264               0 
          268.5               0 
          273.5               0 
          278.5               0 
            284               0 
            290               0 
            296               0 
            301               0 
            308               0 
            318               0 
            328               0 
            338               0 
            348               0 
            357               0 
            366               0 
            375               0 
            385               0 
            395               0 
            405               0 
            414               0 
            422     1.48789e-24 
            430     5.81558e-24 
            441      3.4802e-23 
            451     1.63288e-22 
            460      6.1774e-22 
            470     2.54366e-21 
            480     9.83373e-21 
            490     3.58672e-20 
            500     1.23685e-19 
            506     3.36685e-19 
            512     7.61554e-19 
            520     1.87919e-18 
            530     5.61595e-18 
            540     1.58198e-17 
            550     4.33134e-17 
            560     1.13426e-16 
            570      2.8638e-16 
            580     6.90782e-16 
            590     1.64859e-15 
            600     3.77169e-15 
            610      8.3798e-15 
            620     1.80985e-14 
            630     3.80614e-14 
            640     7.80815e-14 
            650     1.56354e-13 
            658     2.67997e-13 
            665     4.24278e-13 
            675     8.03651e-13 
            685     1.49143e-12 
            695     2.71357e-12 
            705     4.83904e-12 
            716     8.97926e-12 
            726     1.54551e-11 
            735     2.48462e-11 
            745     4.14874e-11 
            755     6.82382e-11 
            765     1.10645e-10 
            775     1.76879e-10 
            785     2.79094e-10 
            795     4.32774e-10 
            805     6.67683e-10 
            815      1.01609e-9 
            825      1.52724e-9 
            835      2.27062e-9 
            845      3.34017e-9 
            855      4.86392e-9 
            865      7.01272e-9 
            875       1.0007e-8 
            885      1.41726e-8 
            895      1.98819e-8 
            905      2.76477e-8 
            915      9.88461e-5 
            925     0.000336445 
            935     0.000472473 
            945     0.000662191 
            955      0.00095605 
            965      0.00131868 
            975       0.0017936 
            985      0.00244527 
            995      0.00329142 
           1005      0.00451469 
           1015      0.00600113 
           1025      0.00780336 
           1035        0.010504 
           1045       0.0137762 
           1055       0.0179242 
           1065       0.0232018 
           1075       0.0299783 
           1085       0.0385203 
           1095       0.0490556 
           1105        0.117062 
           1115        0.357209 
           1125        0.541896 
           1135        0.829948 
           1145         1.07293 
           1155         1.20842 
           1165         1.56277 
           1175         1.87557 
           1185         2.00918 
           1195         1.06216 
           1205        0.864443 
           1215        0.499322 
           1225         1.12668 
           1235         2.72021 
           1245         5.73398 
           1255         9.74892 
           1265         11.4366 
           1275         16.1021 
           1285         22.2551 
           1295         27.2918 
           1305         30.1978 
           1315         39.2848 
           1325         46.3095 
           1335         52.5728 
           1345         62.5667 
           1355         69.5363 
           1365         80.6343 
           1375         88.3111 
           1385         97.1843 
           1395         110.414 
           1405         127.549 
           1415         142.692 
           1425         156.121 
           1435         173.389 
           1442          207.79 
           1447         200.959 
           1455          230.36 
           1465         256.048 
           1475         270.216 
           1485         304.685 
           1495         371.416 
           1505         427.639 
           1512         401.407 
           1517         460.631 
           1525         560.636 
           1535         1065.83 
           1545         1206.04 
           1555         1461.24 
           1565         1421.91 
           1575         1944.83 
           1585          2203.2 
           1595         2500.85 
           1605         2622.46 
           1615         3010.85 
           1625         3321.28 
           1635         4189.21 
           1645         5420.79 
           1655         3951.71 
           1665         6467.63 
           1672         4949.42 
           1677         7204.46 
           1685         10474.5 
           1695         13832.5 
           1705         25822.7 
           1715         63473.3 
           1725         99088.9 
           1735          153046 
           1745          172293 
           1755          276540 
           1765          172461 
           1775          256544 
           1785          317870 
           1795          480966 
           1805          333978 
           1815          336073 
           1825          334290 
           1835          385074 
           1845          222240 
           1855          397201 
           1865          586430 
           1875          552544 
           1885          594608 
           1895          698819 
           1905          631738 
           1915          710760 
           1925          562114 
           1935          222201 
           1945          781061 
           1955          853650 
           1967      1.03552e+6 
           1976          906027 
           1984          852718 
           1995          947119 
           2005          894383 
           2015          953928 
           2025          755423 
           2035      1.11885e+6 
           2045       1.2763e+6 
           2055      1.17497e+6 
           2065      1.10902e+6 
           2074      1.30558e+6 
           2078       1.8919e+6 
           2085      1.77228e+6 
           2095       1.8233e+6 
           2105      2.02631e+6 
           2115      2.39241e+6 
           2125      2.09755e+6 
           2135      1.87141e+6 
           2145      2.48611e+6 
           2155      2.51582e+6 
           2165      2.21968e+6 
           2175      2.27983e+6 
           2185      2.72829e+6 
           2195       2.9189e+6 
           2205      2.72574e+6 
           2215      2.09588e+6 
           2225      2.35994e+6 
           2235      3.08483e+6 
           2245      2.86545e+6 
           2255      2.19473e+6 
           2265      2.13376e+6 
           2275      2.46676e+6 
           2285      2.94791e+6 
           2295      2.45106e+6 
           2305      2.94533e+6 
           2315      2.67672e+6 
           2325      2.56433e+6 
           2335      1.75215e+6 
           2345      1.08977e+6 
           2355      2.37925e+6 
           2365      1.21373e+6 
           2375      1.78834e+6 
           2385          813502 
           2395      1.16887e+6 
           2405      1.16256e+6 
           2415      1.47915e+6 
           2425      2.67085e+6 
           2435      2.60969e+6 
           2445      3.12696e+6 
           2455      3.19699e+6 
           2465      3.00053e+6 
           2475       2.5965e+6 
           2485      1.90567e+6 
           2495       2.1147e+6 
           2505      3.15666e+6 
           2513      1.78362e+6 
           2518      1.28444e+6 
           2525      1.22096e+6 
           2535      1.39079e+6 
           2545      1.64162e+6 
           2555      2.65626e+6 
           2565      2.27353e+6 
           2575      2.92447e+6 
           2585      2.67204e+6 
           2595      2.43761e+6 
           2605      2.01672e+6 
           2615      1.79544e+6 
           2625      2.59598e+6 
           2635      3.83743e+6 
           2645      5.20716e+6 
           2655      6.09265e+6 
           2665      4.42281e+6 
           2675      5.04868e+6 
           2685      5.44672e+6 
           2695      4.29591e+6 
           2705      5.01445e+6 
           2715      3.88966e+6 
           2725      3.79906e+6 
           2735      4.29672e+6 
           2745      2.32672e+6 
           2755      3.14431e+6 
           2765      3.94785e+6 
           2775      4.55397e+6 
           2785      2.77556e+6 
           2795          788904 
           2805        1.087e+6 
           2815      4.25681e+6 
           2825      5.86106e+6 
           2835      5.52308e+6 
           2845        4.694e+6 
           2855      2.58904e+6 
           2865      5.53882e+6 
           2875      6.01947e+6 
           2885      5.58268e+6 
           2895      5.81073e+6 
           2910      7.25069e+6 
           2930      6.65135e+6 
           2950      6.54543e+6 
           2970      7.05891e+6 
           2990      7.00315e+6 
           3010      7.33077e+6 
           3030      7.31269e+6 
           3050      7.58766e+6 
           3070       7.5259e+6 
           3090      7.55228e+6 
           3110      7.55711e+6 
           3130      7.47583e+6 
           3150      7.32504e+6 
           3170      7.68803e+6 
           3190      7.03214e+6 
           3210      7.64567e+6 
           3230      6.82585e+6 
           3250      7.93302e+6 
           3270      8.70402e+6 
           3290      8.59121e+6 
           3310       8.6971e+6 
           3330      8.58174e+6 
           3350      8.45004e+6 
           3370      7.54793e+6 
           3390      8.22001e+6 
           3410       8.2606e+6 
           3430      8.54046e+6 
           3450       8.6098e+6 
           3470      8.62818e+6 
           3490      8.85494e+6 
           3510      9.10446e+6 
           3530      8.71497e+6 
           3550      9.61249e+6 
           3570      8.47525e+6 
           3590      8.36733e+6 
           3610      8.65474e+6 
           3630      8.73059e+6 
           3640      8.73955e+6 
           3650      9.52309e+6 
           3670      9.42742e+6 
           3690      9.15395e+6 
           3710      9.58407e+6 
           3730      8.94785e+6 
           3750       9.9746e+6 
           3770      1.08188e+7 
           3790      1.16979e+7 
           3810      1.25481e+7 
           3830      9.98576e+6 
           3850      1.26265e+7 
           3870      1.28759e+7 
           3890      1.10822e+7 
           3910      1.28439e+7 
           3930      8.35399e+6 
           3950      1.22449e+7 
           3970      8.65786e+6 
           3990      1.37276e+7 
           4010      1.43379e+7 
           4030      1.43103e+7 
           4050      1.40625e+7 
           4070      1.38533e+7 
           4090      1.40514e+7 
           4110      1.26917e+7 
           4130      1.43338e+7 
           4150      1.45613e+7 
           4170      1.44822e+7 
           4190      1.41829e+7 
           4210      1.41394e+7 
           4230      1.36689e+7 
           4250      1.39081e+7 
           4270      1.36043e+7 
           4290      1.28788e+7 
           4310      1.15868e+7 
           4330      1.31899e+7 
           4350      1.22437e+7 
           4370      1.41439e+7 
           4390      1.36275e+7 
           4410      1.38513e+7 
           4430      1.41206e+7 
           4450      1.39787e+7 
           4470      1.41633e+7 
           4490      1.42391e+7 
           4510      1.48008e+7 
           4530      1.39984e+7 
           4550      1.41146e+7 
           4570      1.46544e+7 
           4590      1.41377e+7 
           4610      1.43617e+7 
           4630      1.41763e+7 
           4650      1.42366e+7 
           4670      1.44125e+7 
           4690      1.42111e+7 
           4710      1.37789e+7 
           4730      1.41896e+7 
           4750      1.42208e+7 
           4770      1.41454e+7 
           4790      1.40444e+7 
           4810      1.39959e+7 
           4830      1.39189e+7 
           4850      1.30142e+7 
           4870       1.1417e+7 
           4890      1.34311e+7 
           4910      1.34654e+7 
           4930      1.32277e+7 
           4950      1.34598e+7 
           4970       1.3598e+7 
           4990      1.30084e+7 
           5010       1.2662e+7 
           5030      1.31361e+7 
           5050      1.30067e+7 
           5070      1.32565e+7 
           5090      1.29745e+7 
           5110      1.30322e+7 
           5130      1.28278e+7 
           5150      1.25556e+7 
           5170      1.21182e+7 
           5190      1.20766e+7 
           5210       1.2349e+7 
           5230      1.24375e+7 
           5250      1.26706e+7 
           5270      1.18416e+7 
           5290      1.24804e+7 
           5310      1.25662e+7 
           5330      1.19751e+7 
           5350      1.23682e+7 
           5370      1.22575e+7 
           5390      1.21862e+7 
           5410      1.19386e+7 
           5430      1.20655e+7 
           5450      1.21364e+7 
           5470      1.20218e+7 
           5490      1.20027e+7 
           5510      1.19726e+7 
           5530      1.19237e+7 
           5550      1.19887e+7 
           5570      1.17415e+7 
           5590       1.1618e+7 
           5610      1.16672e+7 
           5630      1.17336e+7 
           5650      1.16626e+7 
           5670      1.14871e+7 
           5690      1.15398e+7 
           5710       1.1395e+7 
           5730      1.16084e+7 
           5750      1.14332e+7 
           5770      1.14265e+7 
           5790      1.13084e+7 
           5810      1.13233e+7 
           5830      1.13145e+7 
           5850      1.11602e+7 
           5870      1.11324e+7 
           5890      1.08055e+7 
           5910      1.10178e+7 
           5930      1.09639e+7 
           5950      1.09372e+7 
           5970       1.0883e+7 
           5990      1.08073e+7 
           6010      1.07022e+7 
           6030      1.06468e+7 
           6050      1.06928e+7 
           6070      1.06348e+7 
           6090      1.05285e+7 
           6110      1.04314e+7 
           6130      1.02171e+7 
           6150      1.02185e+7 
           6170      1.00731e+7 
           6190      1.02412e+7 
           6210      1.02212e+7 
           6230      1.00713e+7 
           6250      9.86707e+6 
           6270      1.00543e+7 
           6290      1.00238e+7 
           6310      9.85064e+6 
           6330      9.84021e+6 
           6350      9.82408e+6 
           6370       9.7718e+6 
           6390      9.73561e+6 
           6410      9.58787e+6 
           6430        9.593e+6 
           6450      9.50372e+6 
           6470      9.47386e+6 
           6490      9.34759e+6 
           6510      9.40668e+6 
           6530      9.35532e+6 
           6550       8.9453e+6 
           6570      7.78108e+6 
           6590      9.10509e+6 
           6610      9.19922e+6 
           6630      9.17125e+6 
           6650      9.13063e+6 
           6670      9.04039e+6 
           6690      9.05967e+6 
           6710      8.97309e+6 
           6730      8.95894e+6 
           6750      8.88444e+6 
           6770      8.85503e+6 
           6790      8.80865e+6 
           6810      8.75211e+6 
           6830      8.72354e+6 
           6850      8.63333e+6 
           6870      8.62305e+6 
           6890      8.59133e+6 
           6910      8.53851e+6 
           6930      8.49558e+6 
           6950      8.44908e+6 
           6970      8.41386e+6 
           6990      8.37116e+6 
           7010      8.25829e+6 
           7030      8.26321e+6 
           7050      8.23839e+6 
           7070       8.1858e+6 
           7090      8.14269e+6 
           7110      8.08354e+6 
           7130      8.02637e+6 
           7150       7.9764e+6 
           7170         7.94e+6 
           7190      7.84488e+6 
           7210      7.84491e+6 
           7230      7.82464e+6 
           7250      7.80516e+6 
           7270       7.7687e+6 
           7290      7.66374e+6 
           7310       7.6677e+6 
           7330      7.62099e+6 
           7350      7.61167e+6 
           7370       7.5822e+6 
           7390      7.48258e+6 
           7410      7.39285e+6 
           7430      7.40358e+6 
           7450      7.38221e+6 
           7470      7.36908e+6 
           7490      7.30828e+6 
           7510      7.28145e+6 
           7530       7.2581e+6 
           7550      7.24017e+6 
           7570      7.18489e+6 
           7590      7.14771e+6 
           7610      7.10889e+6 
           7630      7.08461e+6 
           7650      7.04374e+6 
           7670      6.94304e+6 
           7690      6.96685e+6 
           7710      6.90224e+6 
           7730      6.89304e+6 
           7750      6.82678e+6 
           7770      6.79728e+6 
           7790      6.80589e+6 
           7810      6.76985e+6 
           7830      6.70582e+6 
           7850      6.67842e+6 
           7870      6.67128e+6 
           7890       6.6363e+6 
           7910      6.58893e+6 
           7930      6.50241e+6 
           7950      6.48703e+6 
           7970       6.5055e+6 
           7990      6.47417e+6 
           8010      6.41544e+6 
           8030      6.39053e+6 
           8050      6.34544e+6 
           8070      6.34007e+6 
           8090      6.27651e+6 
           8110      6.27711e+6 
           8130      6.25481e+6 
           8150      6.21791e+6 
           8170      6.18469e+6 
           8190      6.07308e+6 
           8210      6.07595e+6 
           8230      6.03422e+6 
           8250       6.0288e+6 
           8270      6.03383e+6 
           8290       5.9987e+6 
           8310       5.9415e+6 
           8330      5.87392e+6 
           8350      5.89389e+6 
           8370      5.87653e+6 
           8390      5.80464e+6 
           8410      5.81756e+6 
           8430      5.76135e+6 
           8450      5.72568e+6 
           8470      5.68658e+6 
           8490      5.65355e+6 
           8510      5.44078e+6 
           8530      5.59497e+6 
           8550      5.01262e+6 
           8570      5.60699e+6 
           8590      5.50995e+6 
           8610       5.4564e+6 
           8630      5.52928e+6 
           8650      5.46297e+6 
           8670      4.88851e+6 
           8690      5.37438e+6 
           8710      5.42223e+6 
           8730      5.37666e+6 
           8750      5.10999e+6 
           8770      5.31937e+6 
           8790      5.31958e+6 
           8810      5.26004e+6 
           8830      5.24832e+6 
           8850       5.1746e+6 
           8870      4.92001e+6 
           8890      5.18914e+6 
           8910      5.18152e+6 
           8930      5.13425e+6 
           8950       5.1311e+6 
           8970      5.11152e+6 
           8990      5.07387e+6 
           9010      4.72746e+6 
           9030      4.92598e+6 
           9050      5.01739e+6 
           9070       4.9431e+6 
           9090      4.85661e+6 
           9110      4.90658e+6 
           9130      4.92985e+6 
           9150      4.90832e+6 
           9170      4.88155e+6 
           9190      4.85721e+6 
           9210      4.75219e+6 
           9230      4.41873e+6 
           9250      4.67421e+6 
           9270      4.73078e+6 
           9290       4.7423e+6 
           9310      4.72716e+6 
           9330      4.69955e+6 
           9350      4.67646e+6 
           9370      4.65437e+6 
           9390      4.63455e+6 
           9410      4.50555e+6 
           9430      4.57288e+6 
           9450      4.54467e+6 
           9470      4.54944e+6 
           9490      4.53112e+6 
           9510      4.49167e+6 
           9530       4.4235e+6 
           9550      4.09873e+6 
           9570      4.38989e+6 
           9590      4.41378e+6 
           9610      4.38033e+6 
           9630       4.3463e+6 
           9650      4.34084e+6 
           9670      4.30277e+6 
           9690      4.30871e+6 
           9710      4.29896e+6 
           9730      4.27933e+6 
           9750      4.24038e+6 
           9770      4.23409e+6 
           9790      4.21367e+6 
           9810      4.20081e+6 
           9830      4.17944e+6 
           9850      4.15782e+6 
           9870      4.13093e+6 
           9890      4.10425e+6 
           9910      4.08806e+6 
           9930        4.085e+6 
           9950      4.06707e+6 
           9970      4.04924e+6 
           9990      4.02813e+6 
          10025      3.93259e+6 
          10075      3.82166e+6 
          10125      3.89535e+6 
          10175      3.84697e+6 
          10225      3.81411e+6 
          10275      3.77852e+6 
          10325        3.718e+6 
          10375      3.68397e+6 
          10425      3.65081e+6 
          10475      3.58618e+6 
          10525      3.56645e+6 
          10575      3.51899e+6 
          10625      3.47528e+6 
          10675      3.39554e+6 
          10725      3.39047e+6 
          10775      3.35291e+6 
          10825       3.3008e+6 
          10875      3.26957e+6 
          10925      3.10213e+6 
          10975      3.17022e+6 
          11025      3.18802e+6 
          11075      3.16635e+6 
          11125      3.12609e+6 
          11175      3.08912e+6 
          11225      3.06586e+6 
          11275      3.00791e+6 
          11325      2.98316e+6 
          11375       2.9602e+6 
          11425       2.9153e+6 
          11475      2.90969e+6 
          11525      2.87996e+6 
          11575      2.84388e+6 
          11625      2.79466e+6 
          11675      2.76608e+6 
          11725      2.76473e+6 
          11775      2.70226e+6 
          11825      2.68374e+6 
          11875      2.65082e+6 
          11925      2.65635e+6 
          11975      2.58984e+6 
          12025      2.58596e+6 
          12075       2.5557e+6 
          12125      2.53859e+6 
          12175      2.52545e+6 
          12225      2.49982e+6 
          12275       2.4681e+6 
          12325      2.44915e+6 
          12375      2.42446e+6 
          12425      2.40122e+6 
          12475      2.38037e+6 
          12525      2.35417e+6 
          12575      2.32803e+6 
          12625      2.30606e+6 
          12675      2.28591e+6 
          12725      2.26572e+6 
          12775      2.22584e+6 
          12825      2.05066e+6 
          12875      2.18663e+6 
          12925      2.17766e+6 
          12975      2.16258e+6 
          13025      2.13997e+6 
          13075      2.12377e+6 
          13125      2.09432e+6 
          13175      2.07244e+6 
          13225      2.06494e+6 
          13275      2.03907e+6 
          13325      2.02462e+6 
          13375      2.00507e+6 
          13425       1.9905e+6 
          13475      1.97192e+6 
          13525      1.95281e+6 
          13575      1.92921e+6 
          13625      1.91697e+6 
          13675       1.8985e+6 
          13725      1.87446e+6 
          13775      1.86268e+6 
          13825       1.8471e+6 
          13875      1.83493e+6 
          13925      1.81626e+6 
          13975      1.80014e+6 
          14025       1.7811e+6 
          14075      1.77005e+6 
          14125      1.74801e+6 
          14175      1.73976e+6 
          14225      1.71408e+6 
          14275      1.69431e+6 
          14325      1.69252e+6 
          14375      1.68099e+6 
          14425      1.63648e+6 
          14475      1.65002e+6 
          14525      1.61975e+6 
          14570      1.61681e+6 
          14620      1.60344e+6 
          14675      1.59145e+6 
          14725      1.56997e+6 
          14775      1.55593e+6 
          14825      1.54634e+6 
          14875      1.51761e+6 
          14925      1.52775e+6 
          14975      1.50871e+6 
          15025      1.48057e+6 
          15075      1.46982e+6 
          15125      1.47271e+6 
          15175      1.46199e+6 
          15225      1.44238e+6 
          15275      1.43366e+6 
          15325      1.42033e+6 
          15375      1.40795e+6 
          15425      1.39195e+6 
          15475      1.38418e+6 
          15525      1.37103e+6 
          15575      1.35151e+6 
          15625      1.35313e+6 
          15675      1.32872e+6 
          15725      1.31113e+6 
          15775      1.29749e+6 
          15825      1.29738e+6 
          15875      1.24629e+6 
          15925      1.27147e+6 
          15975      1.26758e+6 
          16050      1.24424e+6 
          16150      1.20156e+6 
          16250      1.21182e+6 
          16350      1.17106e+6 
          16450       1.1222e+6 
          16550      1.14246e+6 
          16650      1.11951e+6 
          16750      1.07428e+6 
          16850      1.02328e+6 
          16950       1.0527e+6 
          17050      1.02837e+6 
          17150      1.00751e+6 
          17250          980357 
          17350          904774 
          17450          934765 
          17550          927483 
          17650          908320 
          17750          891766 
          17850          874872 
          17950          858594 
          18050          837449 
          18150          774853 
          18250          794006 
          18350          790433 
          18450          773342 
          18550          760067 
          18650          740901 
          18750          677876 
          18850          711449 
          18950          696082 
          19050          691573 
          19150          677672 
          19250          664967 
          19350          647528 
          19450          597366 
          19550          624618 
          19650          616559 
          19750          603629 
          19850          594674 
          19950          583861 
          20050          574462 
          20150          564896 
          20250          553267 
          20350          541731 
          20450          535085 
          20550          525197 
          20650          514231 
          20750          506355 
          20850          497721 
          20950          487618 
          21050          480573 
          21150          471684 
          21250          463560 
          21350          455873 
          21450          448693 
          21550          439118 
          21650          406683 
          21750          421970 
          21850          417698 
          21950          412401 
          22050          403731 
          22150          398175 
          22250          391994 
          22350          385530 
          22450          379240 
          22550          371929 
          22650          366478 
          22750          360968 
          22850          354499 
          22950          349204 
          23050          344162 
          23150          338355 
          23250          333198 
          23350          327580 
          23450          322948 
          23550          317651 
          23650          312971 
          23750          307470 
          23850          302631 
          23950          298513 
          24050          293762 
          24150          288964 
          24250          284830 
          24350          280164 
          24450          276226 
          24550          271211 
          24650          267998 
          24750          263598 
          24850          258839 
          24950          255631 
          25050          252465 
          25150          248699 
          25250          244458 
          25350          241425 
          25450          237932 
          25550          234082 
          25650          229380 
          25750          227920 
          25850          223849 
          25950          221478 
          26050          217682 
          26150          212335 
          26250          200775 
          26350          207653 
          26450          205698 
          26550          203013 
          26650          199143 
          26750          194461 
          26850          194709 
          26950          192519 
          27050          189858 
          27150          187215 
          27250          184646 
          27350          182140 
          27450          179535 
          27550          173469 
          27650          173360 
          27750          172372 
          27850          170145 
          27950          167970 
          28050          165698 
          28150          163519 
          28250          161325 
          28350          159242 
          28450          156938 
          28550          154971 
          28650          152019 
          28750          146661 
          28850          148656 
          28950          147091 
          29050          145183 
          29150          143266 
          29250          141315 
          29350          139667 
          29450          137804 
          29550          136131 
          29650          134408 
          29750          132693 
          29850          131049 
          29950          129314 
          30050          127700 
          30150          126150 
          30250          124415 
          30350          119724 
          30450          119942 
          30550          119921 
          30650          118414 
          30750          117095 
          30850          115542 
          30950          114144 
          31050          112819 
          31150          111037 
          31250          110069 
          31350          108762 
          31450          107458 
          31550          106017 
          31650          104920 
          31750          103602 
          31850          102436 
          31950          101261 
          32100         99402.5 
          32300         97128.3 
          32500         94866.6 
          32700         92649.1 
          32900         88637.2 
          33100         88109.3 
          33300         86371.1 
          33500         84547.5 
          33700         82574.8 
          33900         80692.1 
          34100         78880.2 
          34300         77271.2 
          34500         75618.2 
          34700         73957.6 
          34900         72360.6 
          35100         70798.4 
          35300         69242.8 
          35500         67804.1 
          35700         66319.2 
          35900         64921.9 
          36100         63606.1 
          36300         62272.3 
          36500         60896.2 
          36700         59624.5 
          36900           58280 
          37100         57138.6 
          37300         55628.6 
          37500         54018.7 
          37700         53791.8 
          37900         52724.5 
          38100         51637.8 
          38300         50653.2 
          38500         49701.1 
          38700         48675.8 
          38900           47721 
          39100         46731.3 
          39300         45920.1 
          39500           45000 
          39700         44172.3 
          39900         43248.1 
          40100         42386.5 
          40300         41586.6 
          40500         40205.2 
          40700         40106.8 
          40900         39366.3 
          41100         38665.1 
          41300         37960.3 
          41500           37230 
          41700         36364.8 
          41900         35883.1 
          42100         35171.1 
          42300         34628.7 
          42500         33986.6 
          42700         33394.2 
          42900         32776.3 
          43100         32170.7 
          43300           31587 
          43500         31000.6 
          43700         30216.4 
          43900           29883 
          44100         29337.5 
          44300         28852.4 
          44500         28357.7 
          44700         27859.4 
          44900         27400.6 
          45100         26924.8 
          45300         26461.8 
          45500         26029.5 
          45700         25596.5 
          45900         25155.8 
          46100         24760.7 
          46300         24345.2 
          46500           23563 
          46700         23323.6 
          46900         23179.9 
          47100         22815.3 
          47300         22454.4 
          47500           22087 
          47700         21733.3 
          47900         21391.3 
          48100         21041.2 
          48300         20713.9 
          48500         20381.6 
          48700         20060.5 
          48900         19745.5 
          49100         19436.5 
          49300         19131.9 
          49500         18831.5 
          49700         18538.4 
          49900         18264.5 
          50100         17973.4 
          50300         17705.7 
          50500         17426.9 
          50700           17168 
          50900         16909.8 
          51100           16642 
          51300         16226.2 
          51500         16155.8 
          51700           15924 
          51900           15684 
          52100         15448.6 
          52300         15221.9 
          52500           15005 
          52700         14786.8 
          52900         14567.5 
          53100         14360.5 
          53300         14150.8 
          53500         13947.8 
          53700         13739.6 
          53900         13549.6 
          54100         13360.8 
          54300         13162.9 
          54500         12985.3 
          54700         12789.8 
          54900         12619.3 
          55100         12445.9 
          55300         12266.4 
          55500         12101.4 
          55700         11936.7 
          55900         11757.7 
          56100         11608.3 
          56300         11446.5 
          56500         11295.7 
          56700         11141.4 
          56900         10986.3 
          57100         10829.5 
          57300         10694.9 
          57500         10551.3 
          57700         10408.9 
          57900         10269.9 
          58100         10133.8 
          58300         10001.1 
          58500         9870.01 
          58700         9737.59 
          58900          9602.5 
          59100         9381.68 
          59300         9359.85 
          59500         9211.69 
          59700          9115.4 
          59900         9002.23 
          60100         8883.69 
          60300         8772.95 
          60500         8660.91 
          60700         8549.03 
          60900         8438.23 
          61100         8326.05 
          61300         8227.89 
          61500         8125.66 
          61700          8023.2 
          61900         7922.68 
          62100         7824.34 
          62300         7718.85 
          62500         7628.16 
          62700         7533.84 
          62900         7418.03 
          63100         7346.95 
          63300         7262.35 
          63500          7173.4 
          63700         7085.09 
          63900         6998.89 
          64200          6873.4 
          64600         6707.32 
          65000         6546.81 
          65400         6394.66 
          65800         6244.59 
          66200         6098.08 
          66600         5956.94 
          67000          5818.7 
          67400         5684.18 
          67800         5543.22 
          68200         5429.39 
          68600         5306.78 
          69000         5187.58 
          69400         5071.23 
          69800         4959.32 
          70200         4848.45 
          70600         4743.17 
          71000         4639.89 
          71400         4538.92 
          71800         4440.77 
          72200         4345.01 
          72600         4252.23 
          73000         4162.41 
          73400         4073.61 
          73800         3988.68 
          74200         3904.89 
          74600         3800.02 
          75000         3715.81 
          75400         3667.12 
          75800         3592.35 
          76200         3519.05 
          76600         3447.85 
          77000         3377.85 
          77400          3310.4 
          77800          3244.2 
          78200         3179.75 
          78600         3116.85 
          79000         3055.48 
          79400         2995.63 
          79800         2937.21 
          80200         2879.99 
          80600         2824.28 
          81000         2770.33 
          81400         2715.93 
          81800         2665.22 
          82200         2615.15 
          82600         2565.86 
          83000         2517.68 
          83400          2470.3 
          83800         2424.56 
          84200          2379.9 
          84600         2336.08 
          85000         2293.23 
          85400          2251.4 
          85800         2210.44 
          86200         2170.41 
          86600         2129.96 
          87000         2093.24 
          87400         2052.38 
          87800         2015.83 
          88200         1983.45 
          88600          1948.5 
          89000         1914.33 
          89400         1881.02 
          89800         1848.09 
          90200         1816.32 
          90600         1785.17 
          91000         1754.27 
          91400         1724.34 
          91800         1695.22 
          92200         1666.53 
          92600         1638.42 
          93000         1610.94 
          93400         1583.87 
          93800         1555.79 
          94200         1531.73 
          94600         1506.35 
          95000         1481.67 
          95400         1457.26 
          95800          1433.5 
          96200         1410.17 
          96600         1387.41 
          97000         1365.14 
          97400         1342.91 
          97800         1321.47 
          98200         1300.61 
          98600         1280.04 
          99000         1259.76 
          99400         1239.85 
          99800         1220.51 
         100200         1201.44 
         200000         78.0303 
         400000          4.9154 
         600000        0.968186 
         800000        0.304988 
         1.0e+6        0.124362 
         1.2e+6       0.0597223 
         1.4e+6       0.0321123 
         1.6e+6       0.0187571 
