# Kurucz ODFNEW /NOVER models
# teff = 7250 K (value for the effective temperature for the model. Temperatures are given in K)
# logg = 2.50 log(cm/s2) (value for Log(G) for the model.)
# meta = -0.5  (value for the Metallicity for the model.)
# lh = 1.25  (l/Hp where l is the  mixing length of the convective element and Hp is the pressure scale height)
# vtur = 2.0 km/s (Microturbulence velocity)
#
# column 1: WAVELENGTH (ANGSTROM), Wavelength in Angstrom
# column 2: FLUX (ERG/CM2/S/A), Flux in erg/cm2/s/A
              0               0 
           90.9               0 
           93.5               0 
           96.1               0 
           97.7               0 
           99.6               0 
            102               0 
          103.8               0 
          105.6               0 
          107.7               0 
          110.4               0 
            114               0 
          117.8               0 
          121.3               0 
          124.8               0 
          127.1               0 
          128.4               0 
          130.5               0 
          132.4               0 
          133.9               0 
          136.6               0 
          139.8               0 
          143.3               0 
          147.2               0 
            151               0 
          155.2               0 
          158.8               0 
            162               0 
            166               0 
          170.3               0 
          173.4               0 
          176.8               0 
          180.2               0 
          181.7               0 
          186.1               0 
            191               0 
          193.9               0 
          198.4               0 
          201.8               0 
            205               0 
          210.5               0 
          216.2               0 
          219.8               0 
            223               0 
          226.8               0 
            230               0 
            234               0 
            240               0 
          246.5               0 
          252.4               0 
          256.8               0 
            260               0 
            264               0 
          268.5               0 
          273.5               0 
          278.5               0 
            284               0 
            290               0 
            296               0 
            301               0 
            308               0 
            318               0 
            328               0 
            338               0 
            348               0 
            357               0 
            366               0 
            375      1.2851e-24 
            385     9.41234e-24 
            395     6.19428e-23 
            405     3.69554e-22 
            414     1.70649e-21 
            422     6.27046e-21 
            430     2.18887e-20 
            441     1.12883e-19 
            451     4.65557e-19 
            460     1.57582e-18 
            470     5.76282e-18 
            480     1.98863e-17 
            490     6.50391e-17 
            500     2.01988e-16 
            506     5.16797e-16 
            512     1.10353e-15 
            520     2.52119e-15 
            530     6.86645e-15 
            540     1.76725e-14 
            550     4.44095e-14 
            560     1.07017e-13 
            570     2.49356e-13 
            580      5.5646e-13 
            590     1.23225e-12 
            600     2.62225e-12 
            610     5.43218e-12 
            620     1.09628e-11 
            630     2.15901e-11 
            640     4.15572e-11 
            650      7.8253e-11 
            658     1.27846e-10 
            665     1.94258e-10 
            675     3.47531e-10 
            685     6.10084e-10 
            695      1.05191e-9 
            705      1.78017e-9 
            716       3.1239e-9 
            726      5.11779e-9 
            735      7.87945e-9 
            745      1.25544e-8 
            755      1.97286e-8 
            765      3.05974e-8 
            775      4.68486e-8 
            785      7.08739e-8 
            795      1.05462e-7 
            805      1.56331e-7 
            815       2.2878e-7 
            825      3.31004e-7 
            835      4.74137e-7 
            845      6.72602e-7 
            855      9.45195e-7 
            865       1.3164e-6 
            875      1.81539e-6 
            885      2.48806e-6 
            895      3.37917e-6 
            905      4.54596e-6 
            915      0.00634736 
            925       0.0207381 
            935        0.027589 
            945       0.0376824 
            955       0.0528855 
            965       0.0701173 
            975       0.0888777 
            985        0.118056 
            995        0.148835 
           1005        0.201124 
           1015        0.256508 
           1025        0.313421 
           1035        0.412101 
           1045        0.524064 
           1055        0.659145 
           1065        0.809545 
           1075         1.01861 
           1085         1.26944 
           1095         1.54092 
           1105         4.56788 
           1115         14.8968 
           1125         21.5916 
           1135         30.1945 
           1145         37.6983 
           1155         40.4399 
           1165         52.4448 
           1175         57.2097 
           1185         64.4176 
           1195         26.6529 
           1205         19.9272 
           1215          6.7995 
           1225         23.9651 
           1235         61.1424 
           1245         138.549 
           1255         299.275 
           1265         357.185 
           1275         585.063 
           1285         898.235 
           1295          1193.3 
           1305         1118.92 
           1315         1735.24 
           1325         2170.52 
           1335         2515.23 
           1345          3185.8 
           1355         3410.23 
           1365         3923.74 
           1375         4391.15 
           1385         4912.25 
           1395         5751.94 
           1405         6506.82 
           1415         6934.11 
           1425         7846.95 
           1435         8081.18 
           1442         9485.82 
           1447         10111.5 
           1455         11379.6 
           1465         11681.1 
           1475         13073.4 
           1485         14612.2 
           1495         16620.1 
           1505         18422.2 
           1512         18861.7 
           1517         20469.6 
           1525         22445.5 
           1535         36027.3 
           1545         62547.2 
           1555         61951.2 
           1565         53874.2 
           1575         74408.2 
           1585           82329 
           1595         95546.9 
           1605         95110.4 
           1615          113301 
           1625          142370 
           1635          226752 
           1645          435170 
           1655          226504 
           1665          546881 
           1672          247768 
           1677          921676 
           1685      1.55138e+6 
           1695      1.77769e+6 
           1705      2.06325e+6 
           1715      3.02464e+6 
           1725      3.29541e+6 
           1735      4.04135e+6 
           1745      3.72336e+6 
           1755      4.68684e+6 
           1765      3.38271e+6 
           1775      4.49332e+6 
           1785       4.2194e+6 
           1795      5.84595e+6 
           1805      4.64019e+6 
           1815      5.42951e+6 
           1825      4.51347e+6 
           1835       4.4944e+6 
           1845      3.94989e+6 
           1855      4.56629e+6 
           1865      5.27551e+6 
           1875      5.03304e+6 
           1885       5.3095e+6 
           1895      5.85791e+6 
           1905      5.31853e+6 
           1915       5.7708e+6 
           1925      5.57803e+6 
           1935      3.82766e+6 
           1945      6.36633e+6 
           1955      6.56426e+6 
           1967      7.29314e+6 
           1976       7.1189e+6 
           1984      6.84579e+6 
           1995       6.6926e+6 
           2005       6.3309e+6 
           2015      6.06642e+6 
           2025      5.58384e+6 
           2035      6.65242e+6 
           2045      7.36386e+6 
           2055      6.82313e+6 
           2065      6.43756e+6 
           2074      7.99777e+6 
           2078      8.65879e+6 
           2085      8.25263e+6 
           2095      7.72916e+6 
           2105      7.18438e+6 
           2115      7.50105e+6 
           2125      7.61008e+6 
           2135      5.95457e+6 
           2145      7.34159e+6 
           2155      7.43105e+6 
           2165      6.78997e+6 
           2175      6.81003e+6 
           2185      7.24125e+6 
           2195      8.06394e+6 
           2205      7.66605e+6 
           2215      6.55232e+6 
           2225       6.4393e+6 
           2235      8.02673e+6 
           2245      7.18923e+6 
           2255      6.34052e+6 
           2265      6.37476e+6 
           2275      7.26247e+6 
           2285      7.66992e+6 
           2295      6.87331e+6 
           2305      7.38779e+6 
           2315      7.07597e+6 
           2325      6.80532e+6 
           2335      5.24334e+6 
           2345      4.05832e+6 
           2355      6.46368e+6 
           2365      4.19512e+6 
           2375      5.56229e+6 
           2385      3.30758e+6 
           2395      4.29633e+6 
           2405      4.16747e+6 
           2415      4.80067e+6 
           2425      6.83233e+6 
           2435      6.67782e+6 
           2445      7.30079e+6 
           2455      7.23705e+6 
           2465      7.16978e+6 
           2475      6.54552e+6 
           2485       6.6223e+6 
           2495       6.3115e+6 
           2505      8.18176e+6 
           2513      6.43975e+6 
           2518      6.69107e+6 
           2525      5.68775e+6 
           2535       5.3149e+6 
           2545      5.52146e+6 
           2555      6.54369e+6 
           2565      6.02898e+6 
           2575      6.96745e+6 
           2585      6.70672e+6 
           2595       6.2915e+6 
           2605      5.63871e+6 
           2615      5.21291e+6 
           2625      6.75756e+6 
           2635      7.65643e+6 
           2645      1.00547e+7 
           2655      1.03842e+7 
           2665      8.53317e+6 
           2675      9.39613e+6 
           2685      9.36806e+6 
           2695      8.52634e+6 
           2705       9.0936e+6 
           2715      8.00764e+6 
           2725      8.17879e+6 
           2735      8.97426e+6 
           2745      5.87368e+6 
           2755      6.83623e+6 
           2765      7.60633e+6 
           2775      9.01731e+6 
           2785      7.74859e+6 
           2795      3.07044e+6 
           2805       4.0302e+6 
           2815      9.20642e+6 
           2825        1.044e+7 
           2835      9.90994e+6 
           2845      9.43639e+6 
           2855      8.48206e+6 
           2865      1.00445e+7 
           2875      9.79335e+6 
           2885      1.00062e+7 
           2895      9.44496e+6 
           2910      1.12666e+7 
           2930      1.07167e+7 
           2950      1.05956e+7 
           2970      1.12106e+7 
           2990      1.13304e+7 
           3010       1.1666e+7 
           3030      1.15938e+7 
           3050       1.1654e+7 
           3070      1.18141e+7 
           3090       1.2169e+7 
           3110      1.17735e+7 
           3130      1.17127e+7 
           3150      1.22573e+7 
           3170      1.22588e+7 
           3190      1.14155e+7 
           3210      1.19537e+7 
           3230      1.13685e+7 
           3250      1.20176e+7 
           3270      1.23773e+7 
           3290      1.25367e+7 
           3310      1.28406e+7 
           3330      1.25482e+7 
           3350      1.24173e+7 
           3370      1.22497e+7 
           3390      1.24298e+7 
           3410      1.26152e+7 
           3430      1.28736e+7 
           3450      1.27865e+7 
           3470      1.26148e+7 
           3490      1.25885e+7 
           3510      1.29674e+7 
           3530        1.295e+7 
           3550      1.34131e+7 
           3570      1.27584e+7 
           3590      1.27321e+7 
           3610      1.28568e+7 
           3630       1.3058e+7 
           3640       1.2853e+7 
           3650      1.34848e+7 
           3670      1.32448e+7 
           3690      1.32383e+7 
           3710      1.59452e+7 
           3730      1.83555e+7 
           3750      2.41911e+7 
           3770      2.60042e+7 
           3790      3.12393e+7 
           3810      3.56771e+7 
           3830      2.85998e+7 
           3850      3.82742e+7 
           3870      4.16175e+7 
           3890      2.69774e+7 
           3910      4.06791e+7 
           3930      3.23704e+7 
           3950      3.99728e+7 
           3970      2.36935e+7 
           3990      4.05763e+7 
           4010      4.34034e+7 
           4030      4.29714e+7 
           4050      4.25708e+7 
           4070      4.12122e+7 
           4090      3.62404e+7 
           4110       2.8723e+7 
           4130      4.01404e+7 
           4150      4.14826e+7 
           4170      4.08254e+7 
           4190      4.04774e+7 
           4210      4.03212e+7 
           4230      3.94188e+7 
           4250      3.95615e+7 
           4270      3.85866e+7 
           4290      3.84937e+7 
           4310      3.59793e+7 
           4330      3.11628e+7 
           4350      2.70645e+7 
           4370      3.71011e+7 
           4390      3.69926e+7 
           4410      3.62665e+7 
           4430      3.62449e+7 
           4450      3.63726e+7 
           4470      3.61271e+7 
           4490      3.59463e+7 
           4510      3.65969e+7 
           4530      3.51489e+7 
           4550      3.46077e+7 
           4570      3.56276e+7 
           4590       3.4415e+7 
           4610      3.50865e+7 
           4630      3.41742e+7 
           4650      3.43409e+7 
           4670      3.42201e+7 
           4690      3.33225e+7 
           4710      3.22574e+7 
           4730      3.32782e+7 
           4750      3.32275e+7 
           4770      3.26993e+7 
           4790       3.2371e+7 
           4810      3.19462e+7 
           4830      3.10879e+7 
           4850      2.62706e+7 
           4870      2.14536e+7 
           4890       2.9619e+7 
           4910      3.03003e+7 
           4930       2.9734e+7 
           4950      3.01094e+7 
           4970       3.0229e+7 
           4990      2.92139e+7 
           5010      2.83492e+7 
           5030      2.90057e+7 
           5050      2.85607e+7 
           5070      2.88048e+7 
           5090      2.83855e+7 
           5110      2.82763e+7 
           5130      2.77027e+7 
           5150      2.72152e+7 
           5170      2.66527e+7 
           5190      2.64113e+7 
           5210      2.64157e+7 
           5230      2.62058e+7 
           5250      2.65929e+7 
           5270      2.52167e+7 
           5290       2.6024e+7 
           5310      2.56827e+7 
           5330      2.49744e+7 
           5350      2.54949e+7 
           5370       2.5142e+7 
           5390      2.49052e+7 
           5410       2.4464e+7 
           5430      2.44412e+7 
           5450      2.45032e+7 
           5470      2.42463e+7 
           5490      2.41574e+7 
           5510      2.39489e+7 
           5530      2.36885e+7 
           5550      2.37162e+7 
           5570      2.33361e+7 
           5590      2.30886e+7 
           5610      2.29997e+7 
           5630      2.29709e+7 
           5650      2.26941e+7 
           5670      2.24101e+7 
           5690      2.23913e+7 
           5710      2.21816e+7 
           5730      2.22014e+7 
           5750      2.19264e+7 
           5770      2.17939e+7 
           5790      2.15796e+7 
           5810      2.14469e+7 
           5830      2.13066e+7 
           5850      2.10676e+7 
           5870      2.09352e+7 
           5890      2.04947e+7 
           5910      2.06086e+7 
           5930      2.04452e+7 
           5950       2.0292e+7 
           5970      2.01488e+7 
           5990      1.99337e+7 
           6010      1.97282e+7 
           6030      1.96162e+7 
           6050      1.95042e+7 
           6070      1.93953e+7 
           6090      1.91971e+7 
           6110       1.9005e+7 
           6130      1.87067e+7 
           6150      1.84707e+7 
           6170      1.83897e+7 
           6190      1.84737e+7 
           6210      1.83549e+7 
           6230      1.81188e+7 
           6250      1.77089e+7 
           6270       1.7942e+7 
           6290      1.78071e+7 
           6310      1.75459e+7 
           6330      1.74775e+7 
           6350      1.72891e+7 
           6370      1.71677e+7 
           6390      1.71019e+7 
           6410       1.6856e+7 
           6430      1.68014e+7 
           6450      1.65507e+7 
           6470      1.65349e+7 
           6490      1.62453e+7 
           6510       1.6207e+7 
           6530      1.59533e+7 
           6550      1.44967e+7 
           6570       1.1744e+7 
           6590      1.52963e+7 
           6610      1.56195e+7 
           6630      1.56162e+7 
           6650      1.55224e+7 
           6670      1.54049e+7 
           6690      1.53399e+7 
           6710      1.52151e+7 
           6730       1.5114e+7 
           6750      1.49535e+7 
           6770      1.49088e+7 
           6790      1.47901e+7 
           6810      1.46862e+7 
           6830      1.45584e+7 
           6850      1.44526e+7 
           6870       1.4375e+7 
           6890      1.42765e+7 
           6910      1.41696e+7 
           6930      1.40636e+7 
           6950      1.39656e+7 
           6970      1.38631e+7 
           6990      1.37738e+7 
           7010      1.36095e+7 
           7030      1.35482e+7 
           7050       1.3476e+7 
           7070      1.33832e+7 
           7090      1.32891e+7 
           7110      1.30304e+7 
           7130        1.305e+7 
           7150      1.29727e+7 
           7170      1.28836e+7 
           7190      1.27661e+7 
           7210      1.26932e+7 
           7230      1.26043e+7 
           7250      1.25263e+7 
           7270      1.24674e+7 
           7290      1.23296e+7 
           7310       1.2251e+7 
           7330      1.21737e+7 
           7350      1.21208e+7 
           7370      1.20516e+7 
           7390      1.19306e+7 
           7410      1.18011e+7 
           7430      1.17295e+7 
           7450      1.16679e+7 
           7470      1.15549e+7 
           7490      1.14919e+7 
           7510      1.14408e+7 
           7530      1.13848e+7 
           7550      1.13358e+7 
           7570      1.12404e+7 
           7590      1.11741e+7 
           7610      1.10979e+7 
           7630      1.10262e+7 
           7650      1.09364e+7 
           7670      1.08257e+7 
           7690      1.07847e+7 
           7710      1.06864e+7 
           7730      1.06558e+7 
           7750      1.05688e+7 
           7770      1.03429e+7 
           7790      1.04581e+7 
           7810      1.03824e+7 
           7830      1.02839e+7 
           7850       1.0198e+7 
           7870      1.01425e+7 
           7890      1.00664e+7 
           7910      1.00077e+7 
           7930      9.91776e+6 
           7950      9.85601e+6 
           7970      9.85166e+6 
           7990      9.74574e+6 
           8010      9.70362e+6 
           8030      9.63488e+6 
           8050      9.58008e+6 
           8070      9.51994e+6 
           8090      9.44934e+6 
           8110      9.41022e+6 
           8130      9.35487e+6 
           8150      9.29087e+6 
           8170      9.23187e+6 
           8190      9.07226e+6 
           8210      9.06668e+6 
           8230      8.99875e+6 
           8250      8.94521e+6 
           8270       8.9626e+6 
           8290      8.90078e+6 
           8310      8.82742e+6 
           8330      8.68574e+6 
           8350      8.71116e+6 
           8370       8.6169e+6 
           8390      8.52715e+6 
           8410      8.47225e+6 
           8430      8.47399e+6 
           8450      8.34424e+6 
           8470      8.12318e+6 
           8490      8.50047e+6 
           8510      7.77389e+6 
           8530      8.52136e+6 
           8550      7.24781e+6 
           8570      8.61181e+6 
           8590      8.07752e+6 
           8610      7.82051e+6 
           8630      8.64877e+6 
           8650      8.42051e+6 
           8670      6.91375e+6 
           8690      8.40453e+6 
           8710      8.66244e+6 
           8730      8.44632e+6 
           8750      6.98966e+6 
           8770       8.1745e+6 
           8790      8.52352e+6 
           8810      8.48098e+6 
           8830      8.31747e+6 
           8850      7.80468e+6 
           8870      6.77882e+6 
           8890      8.10357e+6 
           8910       8.2281e+6 
           8930      8.19977e+6 
           8950       8.2135e+6 
           8970      8.12072e+6 
           8990      7.91542e+6 
           9010      6.64499e+6 
           9030      7.24808e+6 
           9050       7.8536e+6 
           9070      7.75305e+6 
           9090      7.64648e+6 
           9110      7.76954e+6 
           9130      7.78978e+6 
           9150      7.75578e+6 
           9170      7.68074e+6 
           9190      7.56931e+6 
           9210      7.22602e+6 
           9230      5.96539e+6 
           9250      7.00822e+6 
           9270      7.26472e+6 
           9290      7.40853e+6 
           9310      7.38934e+6 
           9330      7.35121e+6 
           9350      7.31635e+6 
           9370      7.27869e+6 
           9390      7.21271e+6 
           9410      7.00762e+6 
           9430      7.09783e+6 
           9450       7.0674e+6 
           9470      7.03799e+6 
           9490      6.98202e+6 
           9510      6.86935e+6 
           9530      6.53236e+6 
           9550      5.48434e+6 
           9570      6.53053e+6 
           9590      6.72533e+6 
           9610      6.68963e+6 
           9630      6.62733e+6 
           9650      6.66139e+6 
           9670      6.56899e+6 
           9690      6.56396e+6 
           9710      6.57691e+6 
           9730       6.5344e+6 
           9750      6.46559e+6 
           9770      6.46047e+6 
           9790      6.42113e+6 
           9810      6.38519e+6 
           9830      6.34559e+6 
           9850      6.28488e+6 
           9870      6.25247e+6 
           9890      6.19254e+6 
           9910      6.17563e+6 
           9930      6.14506e+6 
           9950      6.11391e+6 
           9970      6.07766e+6 
           9990      6.02769e+6 
          10025      5.67717e+6 
          10075      5.42388e+6 
          10125       5.7699e+6 
          10175       5.7308e+6 
          10225      5.66407e+6 
          10275      5.59161e+6 
          10325      5.48986e+6 
          10375      5.42762e+6 
          10425      5.35453e+6 
          10475       5.2318e+6 
          10525      5.19004e+6 
          10575      5.12153e+6 
          10625      5.04641e+6 
          10675      4.90502e+6 
          10725      4.88755e+6 
          10775      4.83095e+6 
          10825      4.75621e+6 
          10875      4.67275e+6 
          10925      4.15347e+6 
          10975      4.42722e+6 
          11025        4.526e+6 
          11075      4.48708e+6 
          11125      4.41912e+6 
          11175      4.36096e+6 
          11225      4.31174e+6 
          11275      4.20396e+6 
          11325      4.15018e+6 
          11375      4.12715e+6 
          11425      4.05562e+6 
          11475      4.03722e+6 
          11525      3.98751e+6 
          11575      3.93178e+6 
          11625      3.84394e+6 
          11675      3.77709e+6 
          11725      3.78605e+6 
          11775      3.67761e+6 
          11825      3.65897e+6 
          11875      3.59376e+6 
          11925      3.60105e+6 
          11975      3.52034e+6 
          12025      3.49711e+6 
          12075      3.44572e+6 
          12125      3.40738e+6 
          12175      3.37665e+6 
          12225      3.33195e+6 
          12275      3.28411e+6 
          12325      3.24759e+6 
          12375       3.2106e+6 
          12425        3.176e+6 
          12475      3.13391e+6 
          12525      3.09212e+6 
          12575      3.04088e+6 
          12625      3.01094e+6 
          12675      2.98466e+6 
          12725       2.9431e+6 
          12775      2.86332e+6 
          12825      2.52817e+6 
          12875      2.80788e+6 
          12925      2.80311e+6 
          12975      2.77708e+6 
          13025       2.7458e+6 
          13075      2.71537e+6 
          13125      2.67875e+6 
          13175      2.64175e+6 
          13225      2.61966e+6 
          13275      2.58735e+6 
          13325      2.55884e+6 
          13375      2.52837e+6 
          13425      2.49954e+6 
          13475      2.47045e+6 
          13525      2.43697e+6 
          13575       2.4072e+6 
          13625       2.3853e+6 
          13675      2.35601e+6 
          13725      2.31087e+6 
          13775       2.2977e+6 
          13825      2.27263e+6 
          13875      2.25355e+6 
          13925      2.22146e+6 
          13975      2.19961e+6 
          14025      2.17457e+6 
          14075      2.15268e+6 
          14125      2.12501e+6 
          14175      2.10348e+6 
          14225      2.07662e+6 
          14275      2.05174e+6 
          14325      2.03322e+6 
          14375      2.01254e+6 
          14425      1.95571e+6 
          14475      1.96613e+6 
          14525       1.9278e+6 
          14570      1.92283e+6 
          14620      1.89789e+6 
          14675      1.88159e+6 
          14725      1.85737e+6 
          14775      1.83205e+6 
          14825      1.81628e+6 
          14875      1.78911e+6 
          14925      1.78509e+6 
          14975       1.7621e+6 
          15025      1.73354e+6 
          15075      1.71476e+6 
          15125      1.70295e+6 
          15175      1.68439e+6 
          15225      1.67171e+6 
          15275      1.63819e+6 
          15325      1.61981e+6 
          15375      1.62029e+6 
          15425      1.56314e+6 
          15475      1.58731e+6 
          15525       1.5771e+6 
          15575      1.49581e+6 
          15625      1.56685e+6 
          15675      1.51046e+6 
          15725      1.44177e+6 
          15775      1.51646e+6 
          15825      1.50689e+6 
          15875      1.34822e+6 
          15925      1.45996e+6 
          15975      1.47567e+6 
          16050      1.43371e+6 
          16150       1.3416e+6 
          16250      1.40668e+6 
          16350      1.34581e+6 
          16450      1.25634e+6 
          16550       1.3201e+6 
          16650      1.29388e+6 
          16750      1.23406e+6 
          16850      1.15217e+6 
          16950      1.21282e+6 
          17050      1.18561e+6 
          17150       1.1636e+6 
          17250      1.12981e+6 
          17350      1.01902e+6 
          17450      1.07437e+6 
          17550      1.06544e+6 
          17650      1.04304e+6 
          17750      1.02472e+6 
          17850      1.00328e+6 
          17950          986143 
          18050          960505 
          18150          875433 
          18250          910047 
          18350          907685 
          18450          890423 
          18550          871620 
          18650          851650 
          18750          770332 
          18850          815501 
          18950          801954 
          19050          793194 
          19150          777824 
          19250          762585 
          19350          743644 
          19450          676686 
          19550          716354 
          19650          707246 
          19750          692638 
          19850          681584 
          19950          669128 
          20050          657277 
          20150          645594 
          20250          633381 
          20350          621350 
          20450          611358 
          20550          600310 
          20650          588750 
          20750          578776 
          20850          568802 
          20950          558447 
          21050          548743 
          21150          538235 
          21250          528927 
          21350          520056 
          21450          512189 
          21550          501112 
          21650          458614 
          21750          481985 
          21850          477620 
          21950          470464 
          22050          461644 
          22150          453598 
          22250          447287 
          22350          439867 
          22450          432663 
          22550          424233 
          22650          418285 
          22750          411624 
          22850          405014 
          22950          398292 
          23050          392476 
          23150          386106 
          23250          380206 
          23350          374096 
          23450          368328 
          23550          362545 
          23650          356900 
          23750          351162 
          23850          345646 
          23950          340309 
          24050          334796 
          24150          329337 
          24250          325215 
          24350          319120 
          24450          313937 
          24550          310384 
          24650          304697 
          24750          300104 
          24850          297377 
          24950          287312 
          25050          289448 
          25150          285292 
          25250          272951 
          25350          276758 
          25450          273610 
          25550          268616 
          25650          254478 
          25750          261425 
          25850          257929 
          25950          254882 
          26050          248965 
          26150          234658 
          26250          226914 
          26350          238858 
          26450          237448 
          26550          234118 
          26650          229410 
          26750          213904 
          26850          223596 
          26950          222028 
          27050          218912 
          27150          216014 
          27250          213031 
          27350          210071 
          27450          206624 
          27550          192707 
          27650          197776 
          27750          198638 
          27850          196199 
          27950          193607 
          28050          190993 
          28150          188426 
          28250          185914 
          28350          183471 
          28450          180890 
          28550          178478 
          28650          174146 
          28750          163073 
          28850          170907 
          28950          169355 
          29050          167263 
          29150          164898 
          29250          162892 
          29350          160874 
          29450          158788 
          29550          156788 
          29650          154794 
          29750          152818 
          29850          150895 
          29950          148949 
          30050          147066 
          30150          145210 
          30250          143098 
          30350          134771 
          30450          136385 
          30550          137928 
          30650          136412 
          30750          134769 
          30850          132955 
          30950          131405 
          31050          129782 
          31150          127987 
          31250          126634 
          31350          125114 
          31450          123573 
          31550          122166 
          31650          120779 
          31750          119227 
          31850          117911 
          31950          116510 
          32100          114426 
          32300          111778 
          32500          109176 
          32700          106604 
          32900          100339 
          33100          100890 
          33300         99155.5 
          33500         97018.2 
          33700         94719.1 
          33900           92641 
          34100         90611.4 
          34300         88683.7 
          34500         86813.3 
          34700         84901.8 
          34900         83071.9 
          35100         81286.9 
          35300           79537 
          35500         77815.3 
          35700         76103.5 
          35900         74646.8 
          36100         72891.2 
          36300         71592.8 
          36500           69798 
          36700         68675.6 
          36900         66726.9 
          37100         65817.9 
          37300         63608.5 
          37500         61286.9 
          37700         61947.6 
          37900           60779 
          38100         59021.3 
          38300           58047 
          38500         57282.8 
          38700         56103.8 
          38900         54968.1 
          39100         52911.6 
          39300         52976.6 
          39500         51997.5 
          39700         51018.1 
          39900         49954.4 
          40100         48520.2 
          40300           47244 
          40500         45818.5 
          40700         46285.9 
          40900         45458.1 
          41100           44658 
          41300         43831.2 
          41500         42961.2 
          41700         40970.5 
          41900         41378.9 
          42100         40650.7 
          42300         39970.4 
          42500         39244.6 
          42700         38547.3 
          42900         37857.2 
          43100         37182.1 
          43300         36517.7 
          43500         35872.3 
          43700         34274.1 
          43900         34445.6 
          44100         34009.7 
          44300         33434.7 
          44500           32857 
          44700         32331.7 
          44900         31737.8 
          45100         31203.3 
          45300         30675.1 
          45500         30156.7 
          45700         29644.3 
          45900         29143.4 
          46100         28662.3 
          46300         28158.7 
          46500         26861.1 
          46700         26400.1 
          46900         26749.2 
          47100         26376.4 
          47300         25955.2 
          47500         25528.3 
          47700           25121 
          47900         24721.2 
          48100         24323.9 
          48300         23938.8 
          48500         23554.4 
          48700         23186.5 
          48900         22816.1 
          49100         22458.7 
          49300         22101.7 
          49500         21792.8 
          49700         21408.8 
          49900         21127.1 
          50100         20790.6 
          50300         20426.1 
          50500         20178.9 
          50700         19867.6 
          50900         19486.4 
          51100         19204.3 
          51300           18395 
          51500         18648.7 
          51700         18321.4 
          51900         18142.8 
          52100         17880.2 
          52300           17617 
          52500         17324.5 
          52700         16995.2 
          52900         16854.8 
          53100         16609.2 
          53300           16368 
          53500         16131.4 
          53700         15803.7 
          53900         15588.1 
          54100         15446.1 
          54300         15223.9 
          54500         15008.3 
          54700         14791.8 
          54900         14587.9 
          55100         14351.9 
          55300         14004.4 
          55500         13981.9 
          55700         13788.2 
          55900         13590.9 
          56100         13410.3 
          56300         13226.1 
          56500         13045.3 
          56700         12866.7 
          56900         12683.3 
          57100         12298.8 
          57300         12334.7 
          57500         12184.1 
          57700         12019.5 
          57900         11857.9 
          58100         11700.5 
          58300           11545 
          58500         11406.8 
          58700         11247.2 
          58900         11062.3 
          59100         10627.9 
          59300         10779.7 
          59500         10445.5 
          59700         10465.7 
          59900         10395.1 
          60100         10264.9 
          60300         10134.8 
          60500         10004.7 
          60700         9875.16 
          60900         9748.56 
          61100         9621.78 
          61300         9504.26 
          61500         9384.25 
          61700         9266.14 
          61900         9148.53 
          62100         9035.38 
          62300         8918.86 
          62500         8810.75 
          62700         8683.52 
          62900         8368.71 
          63100         8458.16 
          63300         8382.89 
          63500         8280.45 
          63700         8180.26 
          63900         8080.43 
          64200         7934.43 
          64600         7743.58 
          65000         7557.98 
          65400         7380.35 
          65800          7205.9 
          66200         7035.26 
          66600         6873.37 
          67000         6714.33 
          67400         6550.47 
          67800         6314.56 
          68200         6257.57 
          68600         6121.88 
          69000         5983.23 
          69400          5841.4 
          69800         5719.26 
          70200         5592.72 
          70600         5469.44 
          71000         5340.05 
          71400         5234.23 
          71800         5120.73 
          72200         5008.72 
          72600         4889.08 
          73000         4797.52 
          73400         4697.06 
          73800         4598.22 
          74200         4499.23 
          74600          4333.8 
          75000         4196.29 
          75400         4220.18 
          75800         4140.55 
          76200         4056.25 
          76600         3973.87 
          77000         3893.55 
          77400         3815.25 
          77800         3712.93 
          78200         3664.63 
          78600         3592.08 
          79000         3521.27 
          79400         3452.17 
          79800         3384.57 
          80200         3318.73 
          80600         3254.58 
          81000         3192.13 
          81400          3106.3 
          81800         3065.92 
          82200         3013.03 
          82600         2956.14 
          83000         2900.48 
          83400         2845.64 
          83800         2792.47 
          84200         2741.19 
          84600          2690.9 
          85000          2641.6 
          85400          2593.2 
          85800         2545.95 
          86200         2499.76 
          86600         2425.43 
          87000         2409.75 
          87400         2349.22 
          87800         2307.39 
          88200         2284.19 
          88600         2243.79 
          89000          2204.5 
          89400          2166.1 
          89800         2128.25 
          90200         2091.36 
          90600         2054.67 
          91000         2019.95 
          91400          1985.4 
          91800         1951.73 
          92200         1918.61 
          92600         1884.19 
          93000         1854.47 
          93400         1823.37 
          93800         1770.35 
          94200          1760.4 
          94600         1733.96 
          95000         1704.12 
          95400         1675.24 
          95800         1650.03 
          96200         1623.03 
          96600         1596.86 
          97000         1571.07 
          97400         1545.64 
          97800         1520.97 
          98200         1496.06 
          98600         1469.38 
          99000         1449.65 
          99400          1426.8 
          99800          1404.3 
         100200         1382.34 
         200000          89.286 
         400000         5.59116 
         600000         1.09775 
         800000        0.345097 
         1.0e+6        0.140513 
         1.2e+6       0.0674032 
         1.4e+6       0.0362104 
         1.6e+6       0.0211366 
