# Kurucz ODFNEW /NOVER models
# teff = 9750 K (value for the effective temperature for the model. Temperatures are given in K)
# logg = 3.50 log(cm/s2) (value for Log(G) for the model.)
# meta = -0.5  (value for the Metallicity for the model.)
# lh = 1.25  (l/Hp where l is the  mixing length of the convective element and Hp is the pressure scale height)
# vtur = 2.0 km/s (Microturbulence velocity)
#
# column 1: WAVELENGTH (ANGSTROM), Wavelength in Angstrom
# column 2: FLUX (ERG/CM2/S/A), Flux in erg/cm2/s/A
              0               0 
           90.9               0 
           93.5               0 
           96.1               0 
           97.7               0 
           99.6               0 
            102               0 
          103.8               0 
          105.6               0 
          107.7               0 
          110.4               0 
            114               0 
          117.8               0 
          121.3               0 
          124.8               0 
          127.1               0 
          128.4               0 
          130.5               0 
          132.4               0 
          133.9               0 
          136.6               0 
          139.8               0 
          143.3               0 
          147.2               0 
            151               0 
          155.2               0 
          158.8               0 
            162               0 
            166               0 
          170.3               0 
          173.4               0 
          176.8               0 
          180.2               0 
          181.7               0 
          186.1               0 
            191               0 
          193.9               0 
          198.4               0 
          201.8               0 
            205               0 
          210.5               0 
          216.2               0 
          219.8               0 
            223               0 
          226.8               0 
            230               0 
            234               0 
            240               0 
          246.5               0 
          252.4               0 
          256.8               0 
            260               0 
            264               0 
          268.5               0 
          273.5               0 
          278.5     7.70146e-23 
            284     3.74156e-22 
            290     1.83957e-21 
            296     8.42114e-21 
            301     2.86299e-20 
            308     1.48712e-19 
            318     1.38336e-18 
            328     1.12651e-17 
            338     8.11109e-17 
            348     5.21993e-16 
            357     2.55147e-15 
            366     1.15382e-14 
            375     4.84758e-14 
            385     2.20749e-13 
            395     9.29917e-13 
            405     3.64545e-12 
            414     1.17712e-11 
            422     3.19627e-11 
            430     8.35183e-11 
            441     2.95447e-10 
            451     8.81312e-10 
            460      2.26074e-9 
            470      6.16496e-9 
            480      1.60975e-8 
            490      4.03671e-8 
            500      9.73999e-8 
            506      1.86117e-7 
            512      3.22331e-7 
            520      6.09499e-7 
            530       1.3188e-6 
            540      2.75042e-6 
            550      5.62156e-6 
            560      1.11489e-5 
            570      2.15637e-5 
            580      4.05802e-5 
            590      7.52128e-5 
            600     0.000135947 
            610      0.00024081 
            620     0.000418363 
            630     0.000713632 
            640      0.00119586 
            650      0.00197112 
            658      0.00290585 
            665      0.00404744 
            675      0.00641655 
            685       0.0100279 
            695       0.0154615 
            705       0.0235274 
            716       0.0368031 
            726       0.0545757 
            735       0.0770443 
            745        0.111833 
            755        0.160612 
            765        0.228333 
            775        0.321467 
            785        0.448316 
            795        0.619374 
            805        0.848772 
            815         1.15323 
            825         1.55419 
            835         2.07783 
            845         2.75826 
            855         3.63441 
            865         4.75561 
            875         6.18022 
            885         7.98027 
            895         10.2396 
            905         13.0559 
            915         194.547 
            925         1432.33 
            935         2436.52 
            945         4180.91 
            955         6234.87 
            965         8209.61 
            975          6637.2 
            985         11853.8 
            995           13057 
           1005         16112.5 
           1015         17379.9 
           1025         12003.4 
           1035         22361.3 
           1045         28357.3 
           1055         32813.2 
           1065         35928.3 
           1075         42278.5 
           1085         47810.3 
           1095         51622.5 
           1105          454596 
           1115      9.63866e+6 
           1125      1.36327e+7 
           1135      1.67782e+7 
           1145      1.45997e+7 
           1155      1.44493e+7 
           1165       1.2394e+7 
           1175      6.82202e+6 
           1185      5.38634e+6 
           1195          138182 
           1205          103332 
           1215         25522.4 
           1225          108360 
           1235          245891 
           1245      1.91884e+6 
           1255      1.50852e+7 
           1265      2.09842e+7 
           1275      4.59201e+7 
           1285      6.81902e+7 
           1295      6.91402e+7 
           1305      4.40167e+7 
           1315      7.96782e+7 
           1325      9.23637e+7 
           1335       8.7772e+7 
           1345      1.08728e+8 
           1355      1.02145e+8 
           1365       9.0746e+7 
           1375       9.9705e+7 
           1385      9.87711e+7 
           1395      1.02209e+8 
           1405      1.08529e+8 
           1415       1.0355e+8 
           1425      1.11712e+8 
           1435      1.01796e+8 
           1442      1.13461e+8 
           1447      1.22148e+8 
           1455      1.22737e+8 
           1465      1.12642e+8 
           1475      1.07632e+8 
           1485       1.1275e+8 
           1495      1.20099e+8 
           1505      1.21713e+8 
           1512      1.12819e+8 
           1517        1.211e+8 
           1525       1.1405e+8 
           1535       1.1077e+8 
           1545      1.22126e+8 
           1555      1.07791e+8 
           1565      9.70518e+7 
           1575      1.07703e+8 
           1585      1.17266e+8 
           1595      1.24019e+8 
           1605      1.16146e+8 
           1615      1.15567e+8 
           1625      1.05331e+8 
           1635      1.09536e+8 
           1645      1.14684e+8 
           1655      9.70218e+7 
           1665      1.12869e+8 
           1672      8.59832e+7 
           1677      1.05835e+8 
           1685      1.16127e+8 
           1695      1.08017e+8 
           1705      1.03556e+8 
           1715      1.03756e+8 
           1725       1.0221e+8 
           1735      1.07071e+8 
           1745      1.04353e+8 
           1755      1.12632e+8 
           1765      9.84857e+7 
           1775      1.08202e+8 
           1785      1.06901e+8 
           1795      1.14673e+8 
           1805      1.09312e+8 
           1815      1.08472e+8 
           1825      1.04056e+8 
           1835       1.0151e+8 
           1845      9.49089e+7 
           1855      9.85874e+7 
           1865      9.86086e+7 
           1875      1.02945e+8 
           1885      1.02124e+8 
           1895      1.00314e+8 
           1905      9.62292e+7 
           1915      9.90277e+7 
           1925      9.96666e+7 
           1935      9.77941e+7 
           1945      1.02044e+8 
           1955      1.00362e+8 
           1967      1.02335e+8 
           1976      1.00633e+8 
           1984      9.82825e+7 
           1995      9.56398e+7 
           2005      9.46879e+7 
           2015      9.05169e+7 
           2025      9.11255e+7 
           2035      9.25717e+7 
           2045      9.47044e+7 
           2055      9.06183e+7 
           2065      8.94689e+7 
           2074      9.28628e+7 
           2078      9.47653e+7 
           2085      9.40953e+7 
           2095      9.08818e+7 
           2105      8.93657e+7 
           2115      8.90195e+7 
           2125      8.94851e+7 
           2135       7.8664e+7 
           2145      8.62194e+7 
           2155      8.67674e+7 
           2165      8.30584e+7 
           2175      8.18107e+7 
           2185      8.16317e+7 
           2195       8.5925e+7 
           2205      8.25904e+7 
           2215      7.65052e+7 
           2225      7.53372e+7 
           2235      8.24396e+7 
           2245      7.51739e+7 
           2255      7.41009e+7 
           2265      7.43293e+7 
           2275      7.85396e+7 
           2285       8.0336e+7 
           2295      7.57821e+7 
           2305      7.46651e+7 
           2315      7.26787e+7 
           2325      7.27797e+7 
           2335      6.98636e+7 
           2345      6.48892e+7 
           2355      7.17592e+7 
           2365      6.52615e+7 
           2375      6.87391e+7 
           2385      6.11918e+7 
           2395      6.63938e+7 
           2405       6.3532e+7 
           2415      6.49434e+7 
           2425       6.8022e+7 
           2435      6.51071e+7 
           2445      6.90437e+7 
           2455      6.65135e+7 
           2465      6.61237e+7 
           2475      6.36717e+7 
           2485      6.70159e+7 
           2495      6.49183e+7 
           2505      6.99485e+7 
           2513      6.46418e+7 
           2518      6.54609e+7 
           2525      6.15117e+7 
           2535       6.0752e+7 
           2545      6.10374e+7 
           2555      6.41328e+7 
           2565      6.37997e+7 
           2575      6.73109e+7 
           2585      6.71745e+7 
           2595      6.63836e+7 
           2605      6.37596e+7 
           2615      6.34163e+7 
           2625      6.57112e+7 
           2635       6.6011e+7 
           2645      7.12856e+7 
           2655      7.02687e+7 
           2665       6.6077e+7 
           2675      6.80319e+7 
           2685      6.79546e+7 
           2695      6.54129e+7 
           2705      6.64076e+7 
           2715      6.38393e+7 
           2725      6.41631e+7 
           2735      6.78799e+7 
           2745      6.00616e+7 
           2755      6.03263e+7 
           2765      6.21623e+7 
           2775      6.53206e+7 
           2785      6.44056e+7 
           2795      5.38376e+7 
           2805        5.853e+7 
           2815      6.60874e+7 
           2825      6.61114e+7 
           2835      6.39679e+7 
           2845      6.20759e+7 
           2855      6.07544e+7 
           2865      6.32778e+7 
           2875      6.18631e+7 
           2885      6.31231e+7 
           2895      6.14742e+7 
           2910      6.56644e+7 
           2930      6.33536e+7 
           2950      6.31339e+7 
           2970      6.34055e+7 
           2990       6.3407e+7 
           3010      6.40932e+7 
           3030      6.35167e+7 
           3050      6.28038e+7 
           3070      6.19524e+7 
           3090      6.23721e+7 
           3110      6.12179e+7 
           3130       6.0696e+7 
           3150      6.09868e+7 
           3170      6.04747e+7 
           3190       5.8756e+7 
           3210      5.94485e+7 
           3230      5.84364e+7 
           3250      5.86112e+7 
           3270      5.86151e+7 
           3290      5.86913e+7 
           3310      5.85962e+7 
           3330      5.75581e+7 
           3350      5.66581e+7 
           3370      5.66476e+7 
           3390      5.60795e+7 
           3410      5.65705e+7 
           3430      5.62363e+7 
           3450      5.59026e+7 
           3470      5.52727e+7 
           3490      5.49625e+7 
           3510        5.502e+7 
           3530      5.49031e+7 
           3550       5.4633e+7 
           3570      5.39459e+7 
           3590      5.36239e+7 
           3610      5.33235e+7 
           3630      5.29862e+7 
           3640      5.27695e+7 
           3650      5.34194e+7 
           3670      5.29814e+7 
           3690      5.07764e+7 
           3710      5.44399e+7 
           3730      5.86667e+7 
           3750      8.00851e+7 
           3770      8.65879e+7 
           3790      1.07985e+8 
           3810      1.24969e+8 
           3830       9.8024e+7 
           3850       1.3543e+8 
           3870       1.5026e+8 
           3890      8.49705e+7 
           3910      1.47372e+8 
           3930      1.50391e+8 
           3950      1.45911e+8 
           3970      8.04976e+7 
           3990      1.39406e+8 
           4010      1.47578e+8 
           4030      1.45896e+8 
           4050      1.44385e+8 
           4070      1.39458e+8 
           4090      1.13451e+8 
           4110      8.61286e+7 
           4130      1.32094e+8 
           4150      1.34853e+8 
           4170      1.33016e+8 
           4190      1.31754e+8 
           4210       1.3015e+8 
           4230      1.27707e+8 
           4250      1.26002e+8 
           4270      1.23967e+8 
           4290      1.22261e+8 
           4310      1.17267e+8 
           4330      9.14955e+7 
           4350      7.73668e+7 
           4370      1.13187e+8 
           4390       1.1331e+8 
           4410      1.12829e+8 
           4430       1.1191e+8 
           4450      1.10844e+8 
           4470      1.09162e+8 
           4490      1.06811e+8 
           4510      1.06182e+8 
           4530      1.04696e+8 
           4550      1.02531e+8 
           4570      1.02384e+8 
           4590      1.00569e+8 
           4610      1.00367e+8 
           4630      9.81853e+7 
           4650      9.78166e+7 
           4670       9.6478e+7 
           4690      9.50009e+7 
           4710      9.27252e+7 
           4730      9.29192e+7 
           4750      9.17962e+7 
           4770      9.05643e+7 
           4790      8.92695e+7 
           4810      8.76671e+7 
           4830      8.47966e+7 
           4850      6.80445e+7 
           4870      5.47094e+7 
           4890      8.04961e+7 
           4910      8.22714e+7 
           4930      8.12581e+7 
           4950      8.09811e+7 
           4970      8.02559e+7 
           4990      7.91932e+7 
           5010      7.76151e+7 
           5030      7.72091e+7 
           5050      7.59827e+7 
           5070      7.55252e+7 
           5090      7.46462e+7 
           5110      7.37286e+7 
           5130      7.28957e+7 
           5150      7.19442e+7 
           5170       7.0474e+7 
           5190      6.98465e+7 
           5210      6.94874e+7 
           5230      6.83374e+7 
           5250      6.79597e+7 
           5270      6.67272e+7 
           5290      6.64391e+7 
           5310      6.53491e+7 
           5330      6.47813e+7 
           5350      6.42689e+7 
           5370      6.34697e+7 
           5390      6.27792e+7 
           5410      6.19941e+7 
           5430      6.13438e+7 
           5450      6.07523e+7 
           5470      6.00598e+7 
           5490       5.9418e+7 
           5510      5.87503e+7 
           5530      5.80737e+7 
           5550      5.75116e+7 
           5570      5.68709e+7 
           5590      5.62635e+7 
           5610      5.56787e+7 
           5630      5.50794e+7 
           5650      5.44528e+7 
           5670      5.38736e+7 
           5690      5.33223e+7 
           5710      5.27575e+7 
           5730      5.22053e+7 
           5750      5.16387e+7 
           5770      5.10969e+7 
           5790      5.05432e+7 
           5810      5.00219e+7 
           5830      4.94975e+7 
           5850      4.89846e+7 
           5870      4.83988e+7 
           5890      4.78058e+7 
           5910      4.74664e+7 
           5930       4.6982e+7 
           5950      4.64558e+7 
           5970      4.60068e+7 
           5990      4.54962e+7 
           6010      4.50624e+7 
           6030      4.46202e+7 
           6050      4.41567e+7 
           6070       4.3719e+7 
           6090      4.32759e+7 
           6110      4.28397e+7 
           6130      4.24011e+7 
           6150      4.18001e+7 
           6170      4.15563e+7 
           6190      4.11555e+7 
           6210      4.07481e+7 
           6230      4.03338e+7 
           6250      3.98337e+7 
           6270      3.95543e+7 
           6290      3.91631e+7 
           6310      3.87554e+7 
           6330      3.83953e+7 
           6350      3.78182e+7 
           6370      3.75247e+7 
           6390      3.72789e+7 
           6410         3.69e+7 
           6430      3.65615e+7 
           6450      3.61115e+7 
           6470      3.58084e+7 
           6490      3.53635e+7 
           6510      3.48922e+7 
           6530      3.40348e+7 
           6550      2.99488e+7 
           6570       2.4023e+7 
           6590      3.23032e+7 
           6610      3.31487e+7 
           6630      3.30692e+7 
           6650      3.28399e+7 
           6670      3.25931e+7 
           6690      3.23044e+7 
           6710      3.20184e+7 
           6730      3.17043e+7 
           6750      3.14215e+7 
           6770      3.11394e+7 
           6790      3.08516e+7 
           6810      3.05689e+7 
           6830      3.02811e+7 
           6850      3.00074e+7 
           6870      2.97365e+7 
           6890      2.94673e+7 
           6910      2.91992e+7 
           6930      2.89305e+7 
           6950      2.86737e+7 
           6970      2.84156e+7 
           6990       2.8163e+7 
           7010      2.78875e+7 
           7030      2.76574e+7 
           7050      2.74044e+7 
           7070      2.71652e+7 
           7090      2.69304e+7 
           7110      2.66338e+7 
           7130      2.64454e+7 
           7150      2.62121e+7 
           7170      2.59899e+7 
           7190      2.57602e+7 
           7210      2.55364e+7 
           7230      2.53081e+7 
           7250      2.50826e+7 
           7270      2.48757e+7 
           7290      2.46543e+7 
           7310      2.44385e+7 
           7330      2.42345e+7 
           7350      2.40289e+7 
           7370      2.38244e+7 
           7390      2.36177e+7 
           7410      2.34108e+7 
           7430      2.31907e+7 
           7450      2.30046e+7 
           7470      2.27864e+7 
           7490      2.26145e+7 
           7510      2.24281e+7 
           7530      2.22486e+7 
           7550      2.20648e+7 
           7570      2.18787e+7 
           7590      2.16962e+7 
           7610       2.1516e+7 
           7630      2.13354e+7 
           7650      2.11538e+7 
           7670      2.09777e+7 
           7690      2.08063e+7 
           7710      2.06294e+7 
           7730      2.04673e+7 
           7750      2.02984e+7 
           7770      1.98359e+7 
           7790      1.99676e+7 
           7810      1.98062e+7 
           7830        1.964e+7 
           7850      1.94716e+7 
           7870      1.92803e+7 
           7890      1.90985e+7 
           7910      1.90045e+7 
           7930      1.88572e+7 
           7950       1.8676e+7 
           7970      1.85599e+7 
           7990      1.83201e+7 
           8010      1.82622e+7 
           8030      1.81153e+7 
           8050      1.79731e+7 
           8070       1.7828e+7 
           8090      1.76881e+7 
           8110      1.75477e+7 
           8130      1.74113e+7 
           8150      1.72744e+7 
           8170      1.71391e+7 
           8190      1.69724e+7 
           8210       1.6915e+7 
           8230      1.67845e+7 
           8250      1.66799e+7 
           8270      1.66027e+7 
           8290       1.6476e+7 
           8310      1.63635e+7 
           8330      1.62036e+7 
           8350       1.6105e+7 
           8370      1.59583e+7 
           8390      1.57977e+7 
           8410      1.56103e+7 
           8430      1.54917e+7 
           8450      1.52771e+7 
           8470      1.48737e+7 
           8490      1.53598e+7 
           8510      1.43612e+7 
           8530      1.54149e+7 
           8550      1.35567e+7 
           8570      1.56145e+7 
           8590      1.42624e+7 
           8610       1.3837e+7 
           8630      1.58311e+7 
           8650      1.50848e+7 
           8670      1.22287e+7 
           8690      1.55135e+7 
           8710      1.61236e+7 
           8730      1.54255e+7 
           8750      1.17759e+7 
           8770       1.4549e+7 
           8790      1.59353e+7 
           8810      1.59995e+7 
           8830      1.56048e+7 
           8850      1.37479e+7 
           8870      1.14053e+7 
           8890      1.47723e+7 
           8910      1.53652e+7 
           8930      1.53744e+7 
           8950      1.53288e+7 
           8970      1.50906e+7 
           8990      1.43882e+7 
           9010      1.12216e+7 
           9030      1.23737e+7 
           9050      1.43254e+7 
           9070      1.44721e+7 
           9090      1.43797e+7 
           9110      1.44383e+7 
           9130       1.4376e+7 
           9150      1.42687e+7 
           9170      1.40963e+7 
           9190      1.37826e+7 
           9210      1.27821e+7 
           9230      9.76574e+6 
           9250      1.22469e+7 
           9270      1.31288e+7 
           9290      1.34708e+7 
           9310      1.34439e+7 
           9330      1.33656e+7 
           9350      1.32877e+7 
           9370      1.32118e+7 
           9390      1.30812e+7 
           9410      1.28972e+7 
           9430      1.28891e+7 
           9450      1.27874e+7 
           9470      1.26666e+7 
           9490      1.25096e+7 
           9510      1.22042e+7 
           9530      1.11151e+7 
           9550      8.81534e+6 
           9570      1.12137e+7 
           9590        1.191e+7 
           9610      1.19755e+7 
           9630      1.18767e+7 
           9650      1.18947e+7 
           9670      1.17843e+7 
           9690      1.17465e+7 
           9710       1.1675e+7 
           9730      1.15901e+7 
           9750      1.15045e+7 
           9770      1.14271e+7 
           9790      1.13454e+7 
           9810      1.12632e+7 
           9830      1.11765e+7 
           9850      1.10962e+7 
           9870      1.10184e+7 
           9890      1.09154e+7 
           9910      1.08664e+7 
           9930      1.07791e+7 
           9950      1.06882e+7 
           9970      1.05961e+7 
           9990      1.04726e+7 
          10025      9.51454e+6 
          10075       9.0221e+6 
          10125      9.98828e+6 
          10175      9.90125e+6 
          10225      9.74736e+6 
          10275      9.58173e+6 
          10325       9.4181e+6 
          10375      9.26107e+6 
          10425      9.10692e+6 
          10475      8.94398e+6 
          10525      8.79765e+6 
          10575      8.65738e+6 
          10625      8.51701e+6 
          10675      8.31906e+6 
          10725      8.21809e+6 
          10775      8.10144e+6 
          10825      7.95122e+6 
          10875      7.75278e+6 
          10925      6.56462e+6 
          10975       7.1505e+6 
          11025      7.43413e+6 
          11075      7.35457e+6 
          11125      7.24508e+6 
          11175      7.13245e+6 
          11225       7.0212e+6 
          11275       6.8743e+6 
          11325      6.77321e+6 
          11375      6.69604e+6 
          11425      6.59166e+6 
          11475      6.49485e+6 
          11525      6.39637e+6 
          11575      6.29849e+6 
          11625      6.19314e+6 
          11675      6.08798e+6 
          11725      6.01752e+6 
          11775      5.89425e+6 
          11825      5.82674e+6 
          11875      5.73875e+6 
          11925      5.66716e+6 
          11975      5.57473e+6 
          12025      5.49981e+6 
          12075      5.41716e+6 
          12125        5.339e+6 
          12175      5.26322e+6 
          12225      5.18647e+6 
          12275      5.10981e+6 
          12325      5.03717e+6 
          12375      4.96582e+6 
          12425      4.89639e+6 
          12475      4.82141e+6 
          12525      4.75753e+6 
          12575      4.68453e+6 
          12625      4.62052e+6 
          12675      4.55601e+6 
          12725      4.47422e+6 
          12775      4.30469e+6 
          12825      3.71392e+6 
          12875      4.22147e+6 
          12925      4.23511e+6 
          12975      4.19224e+6 
          13025      4.13681e+6 
          13075      4.08054e+6 
          13125      4.02501e+6 
          13175       3.9661e+6 
          13225        3.917e+6 
          13275      3.86444e+6 
          13325      3.81258e+6 
          13375      3.76183e+6 
          13425      3.71149e+6 
          13475      3.66179e+6 
          13525       3.6119e+6 
          13575       3.5651e+6 
          13625       3.5189e+6 
          13675      3.47205e+6 
          13725       3.4242e+6 
          13775      3.38313e+6 
          13825      3.33939e+6 
          13875      3.29676e+6 
          13925      3.25332e+6 
          13975      3.21234e+6 
          14025      3.17126e+6 
          14075      3.13091e+6 
          14125      3.09101e+6 
          14175      3.05183e+6 
          14225      3.01327e+6 
          14275      2.97538e+6 
          14325      2.93812e+6 
          14375      2.90149e+6 
          14425      2.85589e+6 
          14475      2.82954e+6 
          14525      2.79045e+6 
          14570       2.7633e+6 
          14620      2.73315e+6 
          14675      2.69853e+6 
          14725      2.66617e+6 
          14775       2.6321e+6 
          14825      2.60289e+6 
          14875      2.56993e+6 
          14925      2.54242e+6 
          14975      2.51119e+6 
          15025      2.47966e+6 
          15075      2.44997e+6 
          15125      2.42063e+6 
          15175      2.39031e+6 
          15225       2.3639e+6 
          15275      2.32698e+6 
          15325      2.29642e+6 
          15375      2.28039e+6 
          15425      2.22589e+6 
          15475      2.22773e+6 
          15525      2.20215e+6 
          15575      2.12002e+6 
          15625      2.18378e+6 
          15675      2.10241e+6 
          15725      2.03238e+6 
          15775      2.12201e+6 
          15825      2.09327e+6 
          15875      1.89594e+6 
          15925      2.01389e+6 
          15975       2.0481e+6 
          16050      1.98059e+6 
          16150      1.85547e+6 
          16250       1.9457e+6 
          16350      1.84981e+6 
          16450      1.73175e+6 
          16550      1.82477e+6 
          16650       1.7862e+6 
          16750      1.69014e+6 
          16850      1.58257e+6 
          16950      1.67095e+6 
          17050      1.63987e+6 
          17150      1.60454e+6 
          17250      1.56041e+6 
          17350      1.39242e+6 
          17450      1.48006e+6 
          17550      1.47083e+6 
          17650      1.44127e+6 
          17750       1.4118e+6 
          17850      1.38255e+6 
          17950      1.35444e+6 
          18050      1.31866e+6 
          18150      1.18981e+6 
          18250      1.24128e+6 
          18350      1.24524e+6 
          18450      1.22237e+6 
          18550      1.19653e+6 
          18650      1.16521e+6 
          18750      1.04927e+6 
          18850      1.11644e+6 
          18950      1.10469e+6 
          19050      1.08472e+6 
          19150      1.06355e+6 
          19250      1.04216e+6 
          19350      1.01321e+6 
          19450          912670 
          19550          974703 
          19650          965149 
          19750          947440 
          19850          929812 
          19950          912448 
          20050          895507 
          20150          878950 
          20250          862755 
          20350          846920 
          20450          831513 
          20550          816419 
          20650          801597 
          20750          787213 
          20850          773147 
          20950          759344 
          21050          745830 
          21150          732411 
          21250          719484 
          21350          706917 
          21450          694241 
          21550          677243 
          21650          614449 
          21750          650103 
          21850          647300 
          21950          637116 
          22050          626251 
          22150          615540 
          22250          605341 
          22350          595193 
          22450          585261 
          22550          575464 
          22650          565996 
          22750          556658 
          22850          547898 
          22950          539000 
          23050          530348 
          23150          521819 
          23250          513485 
          23350          505291 
          23450          497269 
          23550          489393 
          23650          481662 
          23750          474059 
          23850          466576 
          23950          459234 
          24050          451919 
          24150          444688 
          24250          438057 
          24350          430913 
          24450          423817 
          24550          418085 
          24650          410668 
          24750          404504 
          24850          400259 
          24950          388717 
          25050          388561 
          25150          383012 
          25250          368670 
          25350          371041 
          25450          367486 
          25550          360045 
          25650          343208 
          25750          350418 
          25850          347001 
          25950          341790 
          26050          331960 
          26150          314108 
          26250          300509 
          26350          318254 
          26450          318293 
          26550          314135 
          26650          306901 
          26750          284763 
          26850          298229 
          26950          297322 
          27050          294031 
          27150          289957 
          27250          285911 
          27350          281597 
          27450          275915 
          27550          255923 
          27650          261895 
          27750          265598 
          27850          263038 
          27950          259476 
          28050          255954 
          28150          252489 
          28250          249085 
          28350          245742 
          28450          242416 
          28550          238355 
          28650          230530 
          28750          215497 
          28850          227603 
          28950          226393 
          29050          223819 
          29150          220849 
          29250          218012 
          29350          215178 
          29450          212394 
          29550          209652 
          29650          206954 
          29750          204297 
          29850          201687 
          29950          199112 
          30050          196567 
          30150          193910 
          30250          190361 
          30350          177907 
          30450          179479 
          30550          183577 
          30650          182145 
          30750          179942 
          30850          177673 
          30950          175520 
          31050          173356 
          31150          171220 
          31250          169126 
          31350          167072 
          31450          165024 
          31550          163045 
          31650          161076 
          31750          159125 
          31850          157221 
          31950          155338 
          32100          152563 
          32300          148964 
          32500          145467 
          32700          141861 
          32900          132255 
          33100          133529 
          33300          132052 
          33500          129151 
          33700          126229 
          33900          123423 
          34100          120680 
          34300          118015 
          34500          115420 
          34700          112885 
          34900          110420 
          35100          108025 
          35300          105692 
          35500          103407 
          35700          101167 
          35900         99089.8 
          36100         96870.1 
          36300           94971 
          36500         92762.4 
          36700         91105.1 
          36900         88753.6 
          37100         87265.4 
          37300           83700 
          37500         80875.3 
          37700         82089.8 
          37900         80588.4 
          38100         78298.9 
          38300         76856.6 
          38500           75923 
          38700         74438.5 
          38900         72751.5 
          39100         70040.2 
          39300         70085.2 
          39500         68841.3 
          39700           67528 
          39900         66175.9 
          40100         63980.5 
          40300         62324.2 
          40500         60012.8 
          40700         61130.1 
          40900         60272.4 
          41100         59181.1 
          41300         58072.5 
          41500         56720.1 
          41700         53705.4 
          41900         54593.1 
          42100         53894.9 
          42300         52923.3 
          42500         51961.2 
          42700         51023.2 
          42900         50104.3 
          43100         49206.1 
          43300         48328.9 
          43500         47359.7 
          43700         44889.4 
          43900         45173.3 
          44100         44977.6 
          44300           44223 
          44500         43453.7 
          44700         42771.4 
          44900         41961.4 
          45100         41245.7 
          45300         40540.9 
          45500         39852.3 
          45700         39173.9 
          45900         38504.4 
          46100         37837.7 
          46300         37087.9 
          46500         34966.3 
          46700           34334 
          46900         35117.4 
          47100         34794.5 
          47300         34258.2 
          47500         33708.4 
          47700         33166.3 
          47900         32633.6 
          48100         32110.5 
          48300         31596.3 
          48500         31091.5 
          48700         30598.3 
          48900         30110.6 
          49100           29636 
          49300         29166.7 
          49500         28716.2 
          49700         28255.3 
          49900         27829.5 
          50100         27393.1 
          50300         26952.4 
          50500         26562.1 
          50700         26146.2 
          50900         25689.6 
          51100         25180.2 
          51300         23867.6 
          51500         24475.2 
          51700         24152.3 
          51900         23864.4 
          52100         23530.3 
          52300         23179.9 
          52500         22791.8 
          52700         22407.5 
          52900         22165.7 
          53100         21872.1 
          53300         21571.7 
          53500         21214.6 
          53700           20806 
          53900         20509.3 
          54100         20319.3 
          54300         20066.4 
          54500         19778.6 
          54700         19498.2 
          54900         19200.2 
          55100         18838.9 
          55300         18434.4 
          55500         18366.5 
          55700         18162.1 
          55900         17909.3 
          56100           17661 
          56300         17416.9 
          56500         17176.9 
          56700         16938.8 
          56900         16639.6 
          57100           16143 
          57300         16168.3 
          57500         16029.8 
          57700         15819.3 
          57900         15606.8 
          58100         15396.8 
          58300         15179.4 
          58500         14971.2 
          58700           14759 
          58900         14461.3 
          59100         13740.1 
          59300         14096.5 
          59500         13674.1 
          59700         13669.3 
          59900         13631.8 
          60100         13472.3 
          60300         13303.4 
          60500         13134.2 
          60700           12966 
          60900         12800.7 
          61100         12637.4 
          61300         12476.9 
          61500         12319.1 
          61700         12163.2 
          61900           12010 
          62100         11857.5 
          62300         11706.8 
          62500           11551 
          62700         11353.8 
          62900         10876.1 
          63100         11043.8 
          63300         10985.4 
          63500         10862.1 
          63700         10731.8 
          63900           10614 
          64200         10429.1 
          64600         10176.7 
          65000          9933.2 
          65400         9696.67 
          65800         9466.91 
          66200         9240.23 
          66600         9024.26 
          67000         8806.04 
          67400         8564.98 
          67800         8198.69 
          68200         8196.78 
          68600          8031.8 
          69000         7854.05 
          69400         7661.95 
          69800         7503.45 
          70200         7339.31 
          70600         7172.56 
          71000         6999.73 
          71400         6865.16 
          71800         6716.22 
          72200          6570.4 
          72600         6406.56 
          73000         6283.59 
          73400         6157.95 
          73800          6020.7 
          74200         5875.84 
          74600         5603.81 
          75000         5418.81 
          75400          5497.2 
          75800         5411.19 
          76200         5306.78 
          76600          5205.6 
          77000         5100.31 
          77400         4984.41 
          77800         4850.88 
          78200          4787.6 
          78600         4703.62 
          79000         4610.54 
          79400         4519.73 
          79800         4431.17 
          80200         4344.74 
          80600         4260.38 
          81000         4173.59 
          81400         4051.79 
          81800         3996.14 
          82200         3942.12 
          82600          3868.1 
          83000         3795.13 
          83400         3723.84 
          83800         3654.02 
          84200         3586.24 
          84600         3519.89 
          85000         3455.02 
          85400         3391.58 
          85800         3329.64 
          86200          3261.5 
          86600         3148.66 
          87000         3137.48 
          87400          3041.9 
          87800          2988.1 
          88200         2983.63 
          88600         2933.28 
          89000         2881.62 
          89400         2831.05 
          89800         2781.59 
          90200         2733.18 
          90600         2685.83 
          91000         2639.52 
          91400         2594.19 
          91800         2549.86 
          92200         2505.98 
          92600         2457.71 
          93000         2420.37 
          93400         2375.11 
          93800         2289.77 
          94200         2284.67 
          94600         2261.52 
          95000         2222.27 
          95400         2185.46 
          95800          2154.4 
          96200         2119.22 
          96600         2084.75 
          97000         2050.94 
          97400         2017.84 
          97800         1985.38 
          98200         1949.94 
          98600         1915.63 
          99000         1891.92 
          99400         1861.96 
          99800         1832.62 
         100200         1803.87 
         200000         115.562 
         400000         7.19367 
         600000         1.40971 
         800000        0.442734 
         1.0e+6         0.18016 
         1.2e+6       0.0863864 
         1.4e+6       0.0463956 
         1.6e+6       0.0270746 
