# Kurucz ODFNEW /NOVER models
# teff = 12000 K (value for the effective temperature for the model. Temperatures are given in K)
# logg = 2.50 log(cm/s2) (value for Log(G) for the model.)
# meta = -0.5  (value for the Metallicity for the model.)
# lh = 1.25  (l/Hp where l is the  mixing length of the convective element and Hp is the pressure scale height)
# vtur = 2.0 km/s (Microturbulence velocity)
#
# column 1: WAVELENGTH (ANGSTROM), Wavelength in Angstrom
# column 2: FLUX (ERG/CM2/S/A), Flux in erg/cm2/s/A
              0               0 
           90.9               0 
           93.5               0 
           96.1               0 
           97.7               0 
           99.6               0 
            102               0 
          103.8               0 
          105.6               0 
          107.7               0 
          110.4               0 
            114               0 
          117.8               0 
          121.3               0 
          124.8               0 
          127.1               0 
          128.4               0 
          130.5               0 
          132.4               0 
          133.9               0 
          136.6               0 
          139.8               0 
          143.3               0 
          147.2               0 
            151               0 
          155.2               0 
          158.8               0 
            162               0 
            166               0 
          170.3               0 
          173.4               0 
          176.8               0 
          180.2               0 
          181.7               0 
          186.1               0 
            191               0 
          193.9               0 
          198.4               0 
          201.8               0 
            205               0 
          210.5               0 
          216.2               0 
          219.8               0 
            223               0 
          226.8     4.42095e-24 
            230     8.86777e-23 
            234     3.66877e-22 
            240     2.59055e-21 
          246.5     1.91272e-20 
          252.4     1.07598e-19 
          256.8     3.70912e-19 
            260     8.89496e-19 
            264     2.57748e-18 
          268.5     8.18757e-18 
          273.5     2.83048e-17 
          278.5     9.38689e-17 
            284     3.33921e-16 
            290     1.26068e-15 
            296      4.5036e-15 
            301     1.25351e-14 
            308      4.9621e-14 
            318     3.18637e-13 
            328     1.82423e-12 
            338     9.40044e-12 
            348     4.39867e-11 
            357     1.63918e-10 
            366     5.71132e-10 
            375      1.86893e-9 
            385      6.52585e-9 
            395      2.13347e-8 
            405      6.57754e-8 
            414      1.72478e-7 
            422      3.91763e-7 
            430      8.61571e-7 
            441      2.43262e-6 
            451      5.96599e-6 
            460      1.29149e-5 
            470      2.93471e-5 
            480      6.43286e-5 
            490     0.000136549 
            500     0.000280589 
            506      0.00317144 
            512      0.00724592 
            520       0.0113486 
            530       0.0199591 
            540       0.0321938 
            550       0.0560636 
            560       0.0910545 
            570        0.146576 
            580        0.215825 
            590         0.35276 
            600        0.541077 
            610        0.821608 
            620          1.2132 
            630         1.78342 
            640         2.55424 
            650         3.68847 
            658         4.88329 
            665         6.17294 
            675         8.56939 
            685         11.8408 
            695         16.2945 
            705         22.0501 
            716         30.4379 
            726         40.5652 
            735         51.8995 
            745         68.2496 
            755         88.8912 
            765         114.566 
            775         147.512 
            785         188.211 
            795         237.712 
            805         299.634 
            815         374.186 
            825         465.626 
            835          570.91 
            845         707.585 
            855          864.08 
            865         1055.99 
            875         1277.72 
            885         1546.89 
            895         1856.79 
            905         2195.82 
            915         39609.2 
            925          250429 
            935          564863 
            945      5.77736e+6 
            955      2.89215e+7 
            965      4.50471e+7 
            975      8.54696e+6 
            985      8.04889e+7 
            995      8.23458e+7 
           1005      9.60601e+7 
           1015      8.19995e+7 
           1025      5.09752e+6 
           1035      3.73487e+7 
           1045      1.29672e+8 
           1055      1.51477e+8 
           1065       1.3179e+8 
           1075      1.62356e+8 
           1085      1.49329e+8 
           1095      1.72724e+8 
           1105      1.80768e+8 
           1115       2.2454e+8 
           1125      2.34443e+8 
           1135      2.77176e+8 
           1145      2.62057e+8 
           1155      2.86722e+8 
           1165      3.19516e+8 
           1175      3.02395e+8 
           1185      2.68391e+8 
           1195      4.40962e+7 
           1205       3.8225e+7 
           1215      2.34203e+6 
           1225      3.58171e+7 
           1235      2.06976e+8 
           1245      3.76093e+8 
           1255      4.00547e+8 
           1265      2.81331e+8 
           1275      4.14985e+8 
           1285      4.66183e+8 
           1295      3.54217e+8 
           1305      2.47316e+8 
           1315      4.23958e+8 
           1325        4.461e+8 
           1335      3.65987e+8 
           1345       4.8537e+8 
           1355      4.64648e+8 
           1365      4.00037e+8 
           1375      4.44415e+8 
           1385      4.59801e+8 
           1395      4.59951e+8 
           1405      4.69016e+8 
           1415       4.2843e+8 
           1425      4.45797e+8 
           1435      4.26305e+8 
           1442      4.61998e+8 
           1447      4.82435e+8 
           1455      4.76202e+8 
           1465      4.49098e+8 
           1475      4.29782e+8 
           1485      4.46547e+8 
           1495      4.58107e+8 
           1505      4.53019e+8 
           1512      4.26737e+8 
           1517      4.53838e+8 
           1525      4.28029e+8 
           1535      4.00535e+8 
           1545      4.42176e+8 
           1555      4.06156e+8 
           1565      3.92048e+8 
           1575      3.97228e+8 
           1585      4.28134e+8 
           1595      4.40476e+8 
           1605      4.13435e+8 
           1615      4.16694e+8 
           1625      3.87113e+8 
           1635      4.02193e+8 
           1645      4.07745e+8 
           1655      3.65213e+8 
           1665      4.03092e+8 
           1672      3.28531e+8 
           1677      3.87671e+8 
           1685      4.13747e+8 
           1695      3.93903e+8 
           1705      3.73565e+8 
           1715      3.55362e+8 
           1725      3.53003e+8 
           1735      3.70984e+8 
           1745      3.64949e+8 
           1755      3.91736e+8 
           1765      3.48937e+8 
           1775       3.7484e+8 
           1785      3.75319e+8 
           1795      3.95459e+8 
           1805       3.8651e+8 
           1815      3.73616e+8 
           1825      3.67474e+8 
           1835      3.54397e+8 
           1845      3.36289e+8 
           1855      3.24429e+8 
           1865      3.30143e+8 
           1875      3.61694e+8 
           1885      3.44423e+8 
           1895      3.30821e+8 
           1905      3.42543e+8 
           1915       3.3354e+8 
           1925      3.31681e+8 
           1935      3.38001e+8 
           1945      3.45031e+8 
           1955      3.29505e+8 
           1967      3.49555e+8 
           1976      3.53383e+8 
           1984      3.38864e+8 
           1995      3.23692e+8 
           2005      3.32194e+8 
           2015      3.15268e+8 
           2025       3.3023e+8 
           2035      3.17714e+8 
           2045      3.26615e+8 
           2055      3.08591e+8 
           2065      3.11044e+8 
           2074      3.21782e+8 
           2078      3.17354e+8 
           2085      3.22427e+8 
           2095      3.07674e+8 
           2105      3.07002e+8 
           2115      3.06322e+8 
           2125      3.09269e+8 
           2135      2.80079e+8 
           2145      2.97018e+8 
           2155      3.03768e+8 
           2165      2.90029e+8 
           2175      2.85122e+8 
           2185      2.79062e+8 
           2195      2.93603e+8 
           2205      2.83701e+8 
           2215      2.67032e+8 
           2225      2.55026e+8 
           2235      2.78738e+8 
           2245       2.5631e+8 
           2255      2.51078e+8 
           2265      2.55409e+8 
           2275      2.66001e+8 
           2285      2.71168e+8 
           2295      2.58231e+8 
           2305      2.49025e+8 
           2315      2.39996e+8 
           2325      2.40222e+8 
           2335      2.28261e+8 
           2345      2.17837e+8 
           2355      2.34413e+8 
           2365      2.16411e+8 
           2375      2.23415e+8 
           2385      2.04001e+8 
           2395      2.21414e+8 
           2405      2.09298e+8 
           2415       2.1344e+8 
           2425      2.22593e+8 
           2435      2.12007e+8 
           2445      2.25432e+8 
           2455       2.1748e+8 
           2465      2.17728e+8 
           2475       2.0882e+8 
           2485       2.2251e+8 
           2495      2.15265e+8 
           2505       2.2788e+8 
           2513      2.11136e+8 
           2518      2.19188e+8 
           2525      2.04508e+8 
           2535      2.05307e+8 
           2545       2.0062e+8 
           2555      2.09798e+8 
           2565      2.06516e+8 
           2575      2.19716e+8 
           2585      2.16463e+8 
           2595      2.16829e+8 
           2605      2.07279e+8 
           2615      2.05498e+8 
           2625      2.10277e+8 
           2635      2.11229e+8 
           2645      2.24066e+8 
           2655       2.2041e+8 
           2665      2.08352e+8 
           2675      2.15257e+8 
           2685      2.13003e+8 
           2695       2.0682e+8 
           2705      2.09953e+8 
           2715      2.01872e+8 
           2725      2.02742e+8 
           2735      2.11688e+8 
           2745      1.90164e+8 
           2755      1.89154e+8 
           2765      1.94554e+8 
           2775      2.01965e+8 
           2785      2.02072e+8 
           2795      1.85466e+8 
           2805      1.94311e+8 
           2815      2.02656e+8 
           2825      2.00954e+8 
           2835      1.93347e+8 
           2845       1.8702e+8 
           2855      1.87357e+8 
           2865       1.9244e+8 
           2875      1.87964e+8 
           2885      1.91135e+8 
           2895      1.87623e+8 
           2910      1.95961e+8 
           2930      1.89692e+8 
           2950       1.8783e+8 
           2970      1.86808e+8 
           2990      1.85325e+8 
           3010      1.87261e+8 
           3030      1.85203e+8 
           3050      1.82033e+8 
           3070      1.79561e+8 
           3090      1.79257e+8 
           3110      1.75288e+8 
           3130      1.73151e+8 
           3150      1.72592e+8 
           3170      1.70042e+8 
           3190      1.65051e+8 
           3210      1.66123e+8 
           3230      1.63957e+8 
           3250      1.62498e+8 
           3270      1.61496e+8 
           3290      1.60039e+8 
           3310      1.59122e+8 
           3330      1.56676e+8 
           3350      1.54029e+8 
           3370      1.52601e+8 
           3390      1.50586e+8 
           3410      1.50075e+8 
           3430       1.4841e+8 
           3450      1.47103e+8 
           3470      1.44943e+8 
           3490      1.43558e+8 
           3510      1.42796e+8 
           3530      1.41693e+8 
           3550      1.40259e+8 
           3570      1.38553e+8 
           3590      1.37037e+8 
           3610       1.3565e+8 
           3630      1.34057e+8 
           3640      1.33611e+8 
           3650      1.33375e+8 
           3670      1.31044e+8 
           3690       1.2789e+8 
           3710      1.45816e+8 
           3730      1.65296e+8 
           3750      2.08394e+8 
           3770      2.09285e+8 
           3790      2.23763e+8 
           3810      2.39324e+8 
           3830      2.06416e+8 
           3850      2.42482e+8 
           3870      2.45572e+8 
           3890      1.95186e+8 
           3910      2.40617e+8 
           3930       2.3585e+8 
           3950      2.35066e+8 
           3970       1.8311e+8 
           3990      2.27684e+8 
           4010      2.25924e+8 
           4030      2.20148e+8 
           4050      2.20811e+8 
           4070      2.16704e+8 
           4090      2.04969e+8 
           4110      1.74021e+8 
           4130      2.05309e+8 
           4150      2.05061e+8 
           4170      2.02384e+8 
           4190      2.00175e+8 
           4210      1.97721e+8 
           4230      1.94748e+8 
           4250      1.92075e+8 
           4270      1.88926e+8 
           4290      1.87136e+8 
           4310      1.83842e+8 
           4330      1.69713e+8 
           4350      1.50989e+8 
           4370      1.76699e+8 
           4390      1.73281e+8 
           4410      1.72652e+8 
           4430      1.69959e+8 
           4450      1.68248e+8 
           4470      1.64153e+8 
           4490        1.621e+8 
           4510      1.61204e+8 
           4530      1.58984e+8 
           4550      1.56124e+8 
           4570      1.55534e+8 
           4590      1.52671e+8 
           4610      1.51753e+8 
           4630       1.4877e+8 
           4650      1.47842e+8 
           4670      1.45764e+8 
           4690      1.44099e+8 
           4710      1.41175e+8 
           4730      1.40244e+8 
           4750        1.384e+8 
           4770      1.37132e+8 
           4790       1.3538e+8 
           4810      1.33477e+8 
           4830      1.31402e+8 
           4850      1.22998e+8 
           4870      1.06712e+8 
           4890        1.265e+8 
           4910      1.25475e+8 
           4930      1.22924e+8 
           4950       1.2249e+8 
           4970      1.21098e+8 
           4990       1.1948e+8 
           5010      1.16708e+8 
           5030      1.16278e+8 
           5050        1.139e+8 
           5070      1.13721e+8 
           5090      1.12354e+8 
           5110       1.1084e+8 
           5130      1.09767e+8 
           5150      1.08199e+8 
           5170      1.06699e+8 
           5190      1.05747e+8 
           5210      1.04236e+8 
           5230      1.03002e+8 
           5250      1.02141e+8 
           5270      1.00505e+8 
           5290      9.99427e+7 
           5310      9.83724e+7 
           5330      9.76037e+7 
           5350      9.64684e+7 
           5370      9.54128e+7 
           5390        9.433e+7 
           5410      9.31833e+7 
           5430      9.20471e+7 
           5450      9.11318e+7 
           5470      9.00373e+7 
           5490      8.91037e+7 
           5510      8.80472e+7 
           5530      8.71443e+7 
           5550      8.62056e+7 
           5570      8.52355e+7 
           5590      8.42926e+7 
           5610      8.33972e+7 
           5630      8.25179e+7 
           5650      8.13661e+7 
           5670      8.05632e+7 
           5690      7.97991e+7 
           5710      7.89533e+7 
           5730       7.8092e+7 
           5750      7.72421e+7 
           5770      7.64111e+7 
           5790      7.55312e+7 
           5810      7.47353e+7 
           5830      7.39387e+7 
           5850      7.31566e+7 
           5870      7.16945e+7 
           5890      7.15191e+7 
           5910      7.08341e+7 
           5930      7.01149e+7 
           5950      6.91687e+7 
           5970      6.85823e+7 
           5990      6.77408e+7 
           6010       6.7197e+7 
           6030      6.64889e+7 
           6050      6.57865e+7 
           6070      6.50948e+7 
           6090      6.44173e+7 
           6110      6.37722e+7 
           6130       6.3106e+7 
           6150      6.22768e+7 
           6170      6.18037e+7 
           6190      6.11837e+7 
           6210      6.05605e+7 
           6230      5.99045e+7 
           6250      5.91158e+7 
           6270      5.87305e+7 
           6290      5.81235e+7 
           6310      5.74858e+7 
           6330       5.6954e+7 
           6350      5.59754e+7 
           6370      5.55159e+7 
           6390      5.52419e+7 
           6410      5.46627e+7 
           6430      5.41701e+7 
           6450      5.35423e+7 
           6470      5.31091e+7 
           6490      5.25338e+7 
           6510      5.19891e+7 
           6530      5.13179e+7 
           6550       4.9109e+7 
           6570      4.22315e+7 
           6590      4.95947e+7 
           6610      4.94984e+7 
           6630      4.90709e+7 
           6650       4.8623e+7 
           6670      4.80354e+7 
           6690      4.75894e+7 
           6710      4.72284e+7 
           6730      4.67733e+7 
           6750      4.63314e+7 
           6770      4.58919e+7 
           6790      4.54446e+7 
           6810      4.50165e+7 
           6830      4.45689e+7 
           6850      4.41606e+7 
           6870       4.3749e+7 
           6890      4.33431e+7 
           6910        4.293e+7 
           6930      4.25031e+7 
           6950      4.21355e+7 
           6970      4.17482e+7 
           6990      4.13663e+7 
           7010      4.09687e+7 
           7030      4.06027e+7 
           7050      4.01566e+7 
           7070      3.97186e+7 
           7090      3.94956e+7 
           7110      3.91142e+7 
           7130      3.87632e+7 
           7150      3.84148e+7 
           7170      3.80679e+7 
           7190      3.77247e+7 
           7210      3.73874e+7 
           7230      3.70028e+7 
           7250      3.67051e+7 
           7270      3.63822e+7 
           7290      3.60207e+7 
           7310      3.57257e+7 
           7330      3.54133e+7 
           7350      3.51063e+7 
           7370      3.47933e+7 
           7390      3.44839e+7 
           7410      3.41772e+7 
           7430      3.38571e+7 
           7450      3.35663e+7 
           7470      3.32476e+7 
           7490      3.29763e+7 
           7510      3.26774e+7 
           7530      3.24142e+7 
           7550      3.21336e+7 
           7570       3.1855e+7 
           7590      3.15747e+7 
           7610      3.13094e+7 
           7630      3.10363e+7 
           7650      3.07602e+7 
           7670      3.05021e+7 
           7690       3.0238e+7 
           7710      2.99722e+7 
           7730      2.97259e+7 
           7750       2.9471e+7 
           7770      2.89426e+7 
           7790      2.89718e+7 
           7810      2.87328e+7 
           7830      2.84891e+7 
           7850      2.82053e+7 
           7870      2.79442e+7 
           7890      2.76714e+7 
           7910      2.75406e+7 
           7930      2.73156e+7 
           7950      2.70538e+7 
           7970      2.68612e+7 
           7990      2.65564e+7 
           8010       2.6418e+7 
           8030      2.61996e+7 
           8050      2.59806e+7 
           8070      2.57681e+7 
           8090      2.55522e+7 
           8110      2.53416e+7 
           8130      2.51378e+7 
           8150      2.49318e+7 
           8170      2.47331e+7 
           8190      2.45181e+7 
           8210       2.4296e+7 
           8230      2.40885e+7 
           8250      2.39652e+7 
           8270      2.37905e+7 
           8290      2.35717e+7 
           8310      2.34016e+7 
           8330      2.31694e+7 
           8350      2.29569e+7 
           8370      2.26494e+7 
           8390      2.24522e+7 
           8410      2.21922e+7 
           8430      2.22572e+7 
           8450      2.20227e+7 
           8470      2.12849e+7 
           8490      2.24611e+7 
           8510      2.08746e+7 
           8530      2.25383e+7 
           8550      2.02077e+7 
           8570      2.26228e+7 
           8590      2.13055e+7 
           8610      2.07539e+7 
           8630      2.26579e+7 
           8650      2.22043e+7 
           8670       1.9127e+7 
           8690      2.23151e+7 
           8710      2.24089e+7 
           8730      2.19826e+7 
           8750      1.85628e+7 
           8770      2.13108e+7 
           8790      2.17357e+7 
           8810      2.15978e+7 
           8830      2.13488e+7 
           8850      2.04121e+7 
           8870      1.78964e+7 
           8890      2.07499e+7 
           8910      2.07575e+7 
           8930      2.06074e+7 
           8950      2.04971e+7 
           8970      2.03088e+7 
           8990      1.99906e+7 
           9010      1.73622e+7 
           9030      1.86409e+7 
           9050      1.96133e+7 
           9070      1.94729e+7 
           9090      1.93294e+7 
           9110       1.9245e+7 
           9130      1.90876e+7 
           9150      1.89764e+7 
           9170      1.88045e+7 
           9190      1.85854e+7 
           9210      1.81721e+7 
           9230       1.5365e+7 
           9250      1.77229e+7 
           9270      1.78618e+7 
           9290      1.79661e+7 
           9310      1.78507e+7 
           9330      1.77141e+7 
           9350       1.7594e+7 
           9370      1.74624e+7 
           9390      1.73222e+7 
           9410      1.71057e+7 
           9430      1.70723e+7 
           9450      1.69537e+7 
           9470      1.68153e+7 
           9490      1.66948e+7 
           9510       1.6498e+7 
           9530      1.60227e+7 
           9550      1.37589e+7 
           9570      1.59335e+7 
           9590      1.60522e+7 
           9610      1.59696e+7 
           9630      1.57786e+7 
           9650      1.57497e+7 
           9670      1.56205e+7 
           9690      1.55204e+7 
           9710       1.5409e+7 
           9730      1.52999e+7 
           9750      1.51877e+7 
           9770      1.50814e+7 
           9790      1.49723e+7 
           9810      1.48635e+7 
           9830      1.47532e+7 
           9850      1.46491e+7 
           9870      1.45457e+7 
           9890      1.44338e+7 
           9910      1.43395e+7 
           9930       1.4239e+7 
           9950      1.41377e+7 
           9970      1.40397e+7 
           9990      1.39383e+7 
          10025      1.33549e+7 
          10075      1.27847e+7 
          10125      1.32611e+7 
          10175      1.30579e+7 
          10225       1.2839e+7 
          10275      1.26191e+7 
          10325      1.23979e+7 
          10375      1.21922e+7 
          10425      1.19868e+7 
          10475       1.1782e+7 
          10525      1.15812e+7 
          10575      1.13921e+7 
          10625      1.12037e+7 
          10675      1.09932e+7 
          10725      1.08307e+7 
          10775      1.06561e+7 
          10825      1.04473e+7 
          10875      1.03015e+7 
          10925      9.40914e+6 
          10975      9.83874e+6 
          11025      9.81509e+6 
          11075      9.66309e+6 
          11125      9.50855e+6 
          11175      9.35697e+6 
          11225       9.2092e+6 
          11275       9.0391e+6 
          11325      8.90602e+6 
          11375      8.78131e+6 
          11425      8.64431e+6 
          11475      8.51075e+6 
          11525      8.37923e+6 
          11575      8.25017e+6 
          11625      8.11805e+6 
          11675      7.99394e+6 
          11725      7.87603e+6 
          11775      7.74406e+6 
          11825      7.63856e+6 
          11875      7.52227e+6 
          11925      7.41246e+6 
          11975      7.29707e+6 
          12025       7.1925e+6 
          12075      7.08601e+6 
          12125      6.98055e+6 
          12175      6.87811e+6 
          12225      6.77708e+6 
          12275      6.67749e+6 
          12325      6.58026e+6 
          12375      6.48487e+6 
          12425      6.39155e+6 
          12475      6.29564e+6 
          12525      6.20849e+6 
          12575      6.11777e+6 
          12625      6.03206e+6 
          12675      5.94728e+6 
          12725      5.86295e+6 
          12775      5.74927e+6 
          12825      5.28951e+6 
          12875      5.60327e+6 
          12925      5.54082e+6 
          12975      5.46306e+6 
          13025      5.38811e+6 
          13075      5.31373e+6 
          13125      5.24073e+6 
          13175      5.16608e+6 
          13225      5.09824e+6 
          13275      5.02869e+6 
          13325      4.96046e+6 
          13375      4.89333e+6 
          13425      4.82684e+6 
          13475      4.76205e+6 
          13525      4.69808e+6 
          13575      4.63572e+6 
          13625      4.57396e+6 
          13675      4.51257e+6 
          13725      4.45297e+6 
          13775      4.39547e+6 
          13825      4.33773e+6 
          13875      4.28107e+6 
          13925      4.22495e+6 
          13975      4.17026e+6 
          14025      4.11624e+6 
          14075      4.06309e+6 
          14125      4.01041e+6 
          14175      3.95927e+6 
          14225       3.9086e+6 
          14275       3.8589e+6 
          14325      3.80979e+6 
          14375      3.76147e+6 
          14425      3.71188e+6 
          14475      3.66688e+6 
          14525      3.62041e+6 
          14570      3.58051e+6 
          14620      3.53704e+6 
          14675      3.48976e+6 
          14725      3.44716e+6 
          14775      3.40453e+6 
          14825      3.36397e+6 
          14875      3.32248e+6 
          14925      3.28165e+6 
          14975      3.24046e+6 
          15025      3.19807e+6 
          15075      3.15717e+6 
          15125      3.11622e+6 
          15175      3.07854e+6 
          15225      3.05527e+6 
          15275      2.99187e+6 
          15325      2.95731e+6 
          15375      2.95117e+6 
          15425      2.86731e+6 
          15475      2.89003e+6 
          15525      2.86425e+6 
          15575      2.74308e+6 
          15625      2.82261e+6 
          15675      2.74821e+6 
          15725      2.65261e+6 
          15775      2.73634e+6 
          15825      2.70554e+6 
          15875      2.51706e+6 
          15925        2.632e+6 
          15975      2.62707e+6 
          16050      2.57055e+6 
          16150      2.44117e+6 
          16250       2.4757e+6 
          16350      2.39985e+6 
          16450      2.28138e+6 
          16550      2.31263e+6 
          16650      2.26129e+6 
          16750      2.19194e+6 
          16850      2.08638e+6 
          16950      2.11481e+6 
          17050      2.06869e+6 
          17150      2.02453e+6 
          17250      1.98074e+6 
          17350      1.85823e+6 
          17450      1.89316e+6 
          17550      1.85722e+6 
          17650      1.81821e+6 
          17750      1.77997e+6 
          17850      1.74317e+6 
          17950       1.7072e+6 
          18050      1.67041e+6 
          18150      1.57475e+6 
          18250      1.59645e+6 
          18350      1.57171e+6 
          18450      1.54011e+6 
          18550      1.50877e+6 
          18650      1.47715e+6 
          18750      1.39285e+6 
          18850      1.41936e+6 
          18950      1.39287e+6 
          19050      1.36552e+6 
          19150      1.33907e+6 
          19250        1.313e+6 
          19350      1.28668e+6 
          19450      1.21234e+6 
          19550      1.23753e+6 
          19650       1.2153e+6 
          19750       1.1923e+6 
          19850      1.16981e+6 
          19950      1.14788e+6 
          20050      1.12643e+6 
          20150      1.10554e+6 
          20250      1.08509e+6 
          20350      1.06508e+6 
          20450       1.0456e+6 
          20550      1.02635e+6 
          20650      1.00786e+6 
          20750          989594 
          20850          971804 
          20950          954395 
          21050          937358 
          21150          920597 
          21250          904360 
          21350          888387 
          21450          872918 
          21550          857131 
          21650          809928 
          21750          826627 
          21850          814026 
          21950          799981 
          22050          786389 
          22150          773006 
          22250          759947 
          22350          747146 
          22450          734614 
          22550          722332 
          22650          710316 
          22750          698537 
          22850          687154 
          22950          675924 
          23050          664937 
          23150          654156 
          23250          643600 
          23350          633243 
          23450          623065 
          23550          613079 
          23650          603230 
          23750          593619 
          23850          584128 
          23950          574813 
          24050          565406 
          24150          556076 
          24250          548833 
          24350          538877 
          24450          529883 
          24550          523857 
          24650          514072 
          24750          506340 
          24850          501910 
          24950          486170 
          25050          487070 
          25150          480019 
          25250          462403 
          25350          465551 
          25450          459501 
          25550          452045 
          25650          433212 
          25750          439340 
          25850          433491 
          25950          427195 
          26050          419098 
          26150          400811 
          26250          392048 
          26350          402247 
          26450          398016 
          26550          392302 
          26650          385863 
          26750          365990 
          26850          374920 
          26950          370454 
          27050          365231 
          27150          360105 
          27250          355059 
          27350          350107 
          27450          345085 
          27550          328465 
          27650          332617 
          27750          331130 
          27850          326594 
          27950          322130 
          28050          317744 
          28150          313427 
          28250          309188 
          28350          305018 
          28450          300923 
          28550          296891 
          28650          291417 
          28750          277802 
          28850          284919 
          28950          281389 
          29050          277732 
          29150          274079 
          29250          270499 
          29350          266967 
          29450          263502 
          29550          260091 
          29650          256732 
          29750          253426 
          29850          250175 
          29950          246974 
          30050          243827 
          30150          240729 
          30250          237587 
          30350          227607 
          30450          228443 
          30550          228782 
          30650          225953 
          30750          223135 
          30850          220313 
          30950          217633 
          31050          214944 
          31150          212297 
          31250          209690 
          31350          207124 
          31450          204594 
          31550          202107 
          31650          199651 
          31750          197240 
          31850          194864 
          31950          192520 
          32100          189073 
          32300          184597 
          32500          180249 
          32700          176029 
          32900          167895 
          33100          167172 
          33300          163821 
          33500          160105 
          33700          156479 
          33900          152956 
          34100          149531 
          34300          146194 
          34500          142957 
          34700          139802 
          34900          136723 
          35100          133747 
          35300          130848 
          35500          127976 
          35700          125169 
          35900          122717 
          36100          119814 
          36300          117612 
          36500          114706 
          36700          112796 
          36900          109781 
          37100          108149 
          37300          105075 
          37500          101506 
          37700          101694 
          37900         99681.9 
          38100         96948.4 
          38300         95240.2 
          38500         93986.1 
          38700         92124.4 
          38900         90148.8 
          39100           87016 
          39300         86749.7 
          39500         85076.6 
          39700         83432.8 
          39900         81817.6 
          40100         79635.4 
          40300         77610.6 
          40500         75630.7 
          40700           75706 
          40900         74305.1 
          41100           72908 
          41300         71543.1 
          41500         70183.8 
          41700         67391.2 
          41900         67590.6 
          42100         66392.9 
          42300         65179.1 
          42500         63991.6 
          42700         62831.4 
          42900         61698.5 
          43100         60589.6 
          43300         59506.7 
          43500         58445.1 
          43700         56250.4 
          43900         56200.3 
          44100           55407 
          44300         54437.5 
          44500           53489 
          44700         52615.4 
          44900         51650.6 
          45100         50763.9 
          45300         49894.5 
          45500         49045.4 
          45700         48214.7 
          45900         47398.7 
          46100         46596.4 
          46300         45790.6 
          46500         44022.7 
          46700         43239.1 
          46900         43499.6 
          47100         42852.3 
          47300         42155.6 
          47500         41465.8 
          47700         40792.8 
          47900         40130.8 
          48100         39482.1 
          48300         38851.9 
          48500         38219.9 
          48700         37619.2 
          48900         37012.7 
          49100         36435.3 
          49300         35844.1 
          49500         35353.6 
          49700           34713 
          49900         34256.7 
          50100         33707.5 
          50300         33104.9 
          50500         32710.4 
          50700         32194.7 
          50900         31571.4 
          51100         31131.3 
          51300         29983.1 
          51500         30212.2 
          51700         29666.1 
          51900           29375 
          52100         28947.2 
          52300         28515.5 
          52500         28036.3 
          52700         27502.4 
          52900         27269.2 
          53100         26869.1 
          53300         26475.6 
          53500         26089.8 
          53700           25564 
          53900         25207.3 
          54100         24972.4 
          54300         24613.7 
          54500         24262.2 
          54700         23915.1 
          54900         23576.2 
          55100         23195.6 
          55300         22637.7 
          55500           22591 
          55700         22274.8 
          55900         21963.8 
          56100         21657.8 
          56300         21356.9 
          56500           21062 
          56700         20771.8 
          56900         20477.1 
          57100         19871.8 
          57300         19908.8 
          57500         19660.1 
          57700         19393.9 
          57900           19132 
          58100         18874.4 
          58300           18621 
          58500         18399.2 
          58700         18139.6 
          58900         17849.3 
          59100         17209.9 
          59300         17386.5 
          59500         16880.4 
          59700         16876.3 
          59900         16755.4 
          60100         16548.1 
          60300         16332.9 
          60500         16122.1 
          60700         15913.8 
          60900         15708.9 
          61100         15508.4 
          61300         15310.1 
          61500           15115 
          61700         14923.2 
          61900         14734.5 
          62100         14548.9 
          62300         14365.3 
          62500         14185.8 
          62700         13979.5 
          62900         13497.5 
          63100         13616.4 
          63300         13492.9 
          63500         13325.8 
          63700         13162.4 
          63900         13000.8 
          64200         12763.5 
          64600         12455.2 
          65000         12156.1 
          65400         11865.2 
          65800         11583.9 
          66200         11305.9 
          66600         11044.8 
          67000         10785.8 
          67400         10522.1 
          67800         10149.2 
          68200         10045.1 
          68600         9829.03 
          69000         9606.97 
          69400         9372.98 
          69800            9180 
          70200         8975.55 
          70600         8775.88 
          71000         8562.19 
          71400         8394.85 
          71800         8211.68 
          72200         8033.51 
          72600         7834.45 
          73000         7688.72 
          73400         7527.52 
          73800            7368 
          74200         7208.03 
          74600         6946.79 
          75000         6722.22 
          75400         6757.11 
          75800         6630.24 
          76200         6493.98 
          76600         6361.18 
          77000         6231.79 
          77400         6105.51 
          77800         5933.67 
          78200         5862.23 
          78600         5745.76 
          79000         5631.75 
          79400         5520.47 
          79800         5412.03 
          80200         5306.18 
          80600          5202.9 
          81000         5102.08 
          81400         4958.42 
          81800         4896.81 
          82200         4814.04 
          82600         4722.57 
          83000          4633.2 
          83400         4546.02 
          83800         4460.76 
          84200         4377.63 
          84600         4296.33 
          85000         4216.94 
          85400         4139.38 
          85800         4063.54 
          86200          3989.4 
          86600         3863.58 
          87000          3843.4 
          87400         3743.96 
          87800         3678.15 
          88200         3643.35 
          88600         3578.05 
          89000         3515.46 
          89400         3453.64 
          89800         3393.17 
          90200         3333.93 
          90600         3273.76 
          91000         3219.44 
          91400         3163.98 
          91800         3109.75 
          92200         3056.62 
          92600         2998.46 
          93000         2953.82 
          93400            2904 
          93800         2812.83 
          94200         2800.84 
          94600         2760.83 
          95000         2711.71 
          95400          2665.3 
          95800          2626.3 
          96200         2583.29 
          96600         2541.15 
          97000         2499.86 
          97400         2459.43 
          97800         2419.78 
          98200         2379.01 
          98600         2334.56 
          99000         2305.55 
          99400         2268.99 
          99800         2233.14 
         100200         2198.01 
         200000         139.842 
         400000         8.65255 
         600000         1.68953 
         800000        0.529311 
         1.0e+6        0.215023 
         1.2e+6        0.102968 
         1.4e+6        0.055241 
         1.6e+6       0.0322076 
