# Kurucz ODFNEW /NOVER models
# teff = 30000 K (value for the effective temperature for the model. Temperatures are given in K)
# logg = 5.00 log(cm/s2) (value for Log(G) for the model.)
# meta = -0.5  (value for the Metallicity for the model.)
# lh = 1.25  (l/Hp where l is the  mixing length of the convective element and Hp is the pressure scale height)
# vtur = 2.0 km/s (Microturbulence velocity)
#
# column 1: WAVELENGTH (ANGSTROM), Wavelength in Angstrom
# column 2: FLUX (ERG/CM2/S/A), Flux in erg/cm2/s/A
              0               0 
           90.9     8.75988e-21 
           93.5     6.26099e-20 
           96.1     4.01917e-19 
           97.7     1.20104e-18 
           99.6     4.20966e-18 
            102     1.92048e-17 
          103.8     5.73395e-17 
          105.6     1.65018e-16 
          107.7     5.42004e-16 
          110.4     2.34285e-15 
            114     1.48559e-14 
          117.8     9.30502e-14 
          121.3     4.57852e-13 
          124.8     2.07144e-12 
          127.1     5.35651e-12 
          128.4     9.03793e-12 
          130.5     2.06179e-11 
          132.4     4.26101e-11 
          133.9     7.45845e-11 
          136.6     1.98929e-10 
          139.8     6.09061e-10 
          143.3      1.96686e-9 
          147.2      6.84684e-9 
            151       2.1856e-8 
          155.2      7.42292e-8 
          158.8      2.01979e-7 
            162      4.75666e-7 
            166      1.32974e-6 
          170.3      3.81717e-6 
          173.4      7.92627e-6 
          176.8      1.71732e-5 
          180.2      3.61879e-5 
          181.7      4.98474e-5 
          186.1     0.000124082 
            191     0.000326645 
          193.9      0.00056635 
          198.4      0.00128928 
          201.8      0.00234328 
            205      0.00403847 
          210.5       0.0099109 
          216.2       0.0239373 
          219.8        0.040803 
            223       0.0645939 
          226.8        0.109808 
            230         21.3447 
            234         51.4237 
            240         95.6281 
          246.5         184.446 
          252.4         327.265 
          256.8          450.93 
            260         681.236 
            264         944.043 
          268.5         1402.36 
          273.5         2094.32 
          278.5         3033.87 
            284         4973.98 
            290         7541.34 
            296         11202.7 
            301           15136 
            308         22986.9 
            318         46318.2 
            328         77426.8 
            338          133928 
            348          217398 
            357          432424 
            366          688461 
            375          939649 
            385      1.39344e+6 
            395      2.07289e+6 
            405      2.81907e+6 
            414      3.78782e+6 
            422      4.63773e+6 
            430      5.87977e+6 
            441      7.87045e+6 
            451      1.00868e+7 
            460      1.22601e+7 
            470      1.56071e+7 
            480      1.93271e+7 
            490      2.38622e+7 
            500       2.9278e+7 
            506      1.11293e+8 
            512      5.45988e+8 
            520      5.59982e+8 
            530      6.03935e+8 
            540      5.75407e+8 
            550      7.16597e+8 
            560       7.9338e+8 
            570      8.64904e+8 
            580      8.18325e+8 
            590      9.42994e+8 
            600      9.63395e+8 
            610      1.04839e+9 
            620      1.13098e+9 
            630       1.1693e+9 
            640      1.14868e+9 
            650      1.24361e+9 
            658       1.2816e+9 
            665       1.3454e+9 
            675      1.35759e+9 
            685       1.3339e+9 
            695      1.56666e+9 
            705      1.54474e+9 
            716       1.6901e+9 
            726      1.71105e+9 
            735      1.74876e+9 
            745      1.86436e+9 
            755      1.91298e+9 
            765      1.98406e+9 
            775      2.05406e+9 
            785      2.14957e+9 
            795      2.18048e+9 
            805      2.21855e+9 
            815      2.24271e+9 
            825      2.35312e+9 
            835      2.20794e+9 
            845      2.39284e+9 
            855      2.42609e+9 
            865      2.51336e+9 
            875      2.59771e+9 
            885      2.69172e+9 
            895      2.75385e+9 
            905      2.74973e+9 
            915      2.96074e+9 
            925     1.05148e+10 
            935     2.22045e+10 
            945     4.75477e+10 
            955     6.04651e+10 
            965     7.93937e+10 
            975     2.55584e+10 
            985     7.89009e+10 
            995     7.15922e+10 
           1005     7.69741e+10 
           1015     7.32855e+10 
           1025     3.21225e+10 
           1035     6.46005e+10 
           1045     8.20544e+10 
           1055     7.80962e+10 
           1065     6.72003e+10 
           1075     7.15239e+10 
           1085     6.40671e+10 
           1095     7.01164e+10 
           1105     6.60916e+10 
           1115     6.48841e+10 
           1125     5.58061e+10 
           1135     6.24654e+10 
           1145     5.71608e+10 
           1155     5.77538e+10 
           1165     5.63142e+10 
           1175     4.07586e+10 
           1185     5.20686e+10 
           1195     4.94385e+10 
           1205     4.25295e+10 
           1215     2.18496e+10 
           1225     4.26104e+10 
           1235      4.7634e+10 
           1245     4.63152e+10 
           1255     4.58742e+10 
           1265     4.57828e+10 
           1275     4.58161e+10 
           1285     4.50372e+10 
           1295     3.95999e+10 
           1305     4.03359e+10 
           1315      4.2483e+10 
           1325      4.0344e+10 
           1335     3.90084e+10 
           1345     3.85638e+10 
           1355     3.83866e+10 
           1365     3.63318e+10 
           1375      3.5642e+10 
           1385     3.47954e+10 
           1395     2.91314e+10 
           1405      2.9869e+10 
           1415     3.18925e+10 
           1425     3.00977e+10 
           1435     3.06748e+10 
           1442     3.09431e+10 
           1447     3.03804e+10 
           1455     2.95117e+10 
           1465     2.83641e+10 
           1475     2.80328e+10 
           1485     2.76172e+10 
           1495     2.69001e+10 
           1505     2.53463e+10 
           1512     2.40229e+10 
           1517     2.42528e+10 
           1525     2.40751e+10 
           1535     2.14185e+10 
           1545     2.06939e+10 
           1555     1.99643e+10 
           1565     2.09482e+10 
           1575     2.14895e+10 
           1585     2.13256e+10 
           1595     2.11079e+10 
           1605       2.029e+10 
           1615     1.95759e+10 
           1625      1.9661e+10 
           1635     1.98496e+10 
           1645     1.92916e+10 
           1655     1.94635e+10 
           1665     1.92386e+10 
           1672     1.85159e+10 
           1677     1.96407e+10 
           1685     1.89916e+10 
           1695      1.8342e+10 
           1705      1.7784e+10 
           1715      1.7161e+10 
           1725     1.66904e+10 
           1735     1.69378e+10 
           1745     1.66205e+10 
           1755     1.64635e+10 
           1765     1.60247e+10 
           1775     1.55194e+10 
           1785     1.55222e+10 
           1795     1.54432e+10 
           1805     1.53663e+10 
           1815     1.45867e+10 
           1825     1.45902e+10 
           1835     1.42951e+10 
           1845     1.32397e+10 
           1855     1.32441e+10 
           1865     1.33385e+10 
           1875     1.33509e+10 
           1885     1.23286e+10 
           1895     1.16753e+10 
           1905     1.21873e+10 
           1915     1.16988e+10 
           1925     1.11689e+10 
           1935      1.1595e+10 
           1945      1.1752e+10 
           1955     1.08051e+10 
           1967     1.12208e+10 
           1976     1.15685e+10 
           1984     1.08724e+10 
           1995      1.0608e+10 
           2005     1.07105e+10 
           2015     1.06945e+10 
           2025      1.0749e+10 
           2035     1.01469e+10 
           2045     1.00695e+10 
           2055      9.38743e+9 
           2065      9.29671e+9 
           2074      9.52713e+9 
           2078       9.0883e+9 
           2085      9.17644e+9 
           2095      8.96113e+9 
           2105       9.2945e+9 
           2115      9.27336e+9 
           2125      9.26802e+9 
           2135      9.08059e+9 
           2145      8.80778e+9 
           2155      8.85197e+9 
           2165      8.71494e+9 
           2175      8.59757e+9 
           2185      8.44959e+9 
           2195       8.4111e+9 
           2205      8.28848e+9 
           2215      8.14854e+9 
           2225      8.01612e+9 
           2235      7.86838e+9 
           2245      7.81637e+9 
           2255      7.64051e+9 
           2265      7.59668e+9 
           2275       7.4922e+9 
           2285      7.38347e+9 
           2295      6.99692e+9 
           2305      7.13323e+9 
           2315      7.03166e+9 
           2325      6.94065e+9 
           2335      6.81443e+9 
           2345      6.77468e+9 
           2355      6.68315e+9 
           2365      6.59498e+9 
           2375      6.47723e+9 
           2385      6.36906e+9 
           2395      6.29522e+9 
           2405      6.21857e+9 
           2415      6.12938e+9 
           2425      6.06534e+9 
           2435      5.94689e+9 
           2445      5.88756e+9 
           2455      5.82308e+9 
           2465      5.74678e+9 
           2475      5.66164e+9 
           2485      5.58016e+9 
           2495      5.10942e+9 
           2505      5.40622e+9 
           2513      5.20835e+9 
           2518      5.29967e+9 
           2525      5.29332e+9 
           2535      5.22895e+9 
           2545       5.1022e+9 
           2555      5.06349e+9 
           2565      5.01385e+9 
           2575      4.95596e+9 
           2585      4.89783e+9 
           2595      4.83655e+9 
           2605      4.79416e+9 
           2615       4.7304e+9 
           2625       4.6761e+9 
           2635      4.61752e+9 
           2645      4.55118e+9 
           2655      4.49713e+9 
           2665      4.40515e+9 
           2675      4.35559e+9 
           2685      4.33323e+9 
           2695      4.21559e+9 
           2705      4.18774e+9 
           2715       4.1479e+9 
           2725      4.08185e+9 
           2735      4.04561e+9 
           2745      3.99794e+9 
           2755      3.96047e+9 
           2765      3.88102e+9 
           2775      3.87913e+9 
           2785       3.8252e+9 
           2795      3.71488e+9 
           2805      3.71248e+9 
           2815      3.69617e+9 
           2825      3.61577e+9 
           2835      3.54094e+9 
           2845      3.56501e+9 
           2855      3.51336e+9 
           2865      3.47648e+9 
           2875       3.4367e+9 
           2885      3.39719e+9 
           2895      3.35567e+9 
           2910      3.29058e+9 
           2930       3.2222e+9 
           2950      3.11931e+9 
           2970      3.07602e+9 
           2990      3.00143e+9 
           3010      2.92221e+9 
           3030      2.87075e+9 
           3050       2.8116e+9 
           3070      2.75394e+9 
           3090      2.66861e+9 
           3110      2.63226e+9 
           3130      2.57104e+9 
           3150       2.5178e+9 
           3170      2.46124e+9 
           3190      2.39153e+9 
           3210      2.36013e+9 
           3230       2.3085e+9 
           3250       2.2637e+9 
           3270      2.21594e+9 
           3290      2.16796e+9 
           3310      2.12702e+9 
           3330      2.08123e+9 
           3350      2.03721e+9 
           3370      1.99791e+9 
           3390      1.96047e+9 
           3410      1.92132e+9 
           3430      1.87617e+9 
           3450      1.83239e+9 
           3470      1.80007e+9 
           3490      1.76443e+9 
           3510      1.73237e+9 
           3530      1.70136e+9 
           3550        1.669e+9 
           3570      1.64731e+9 
           3590      1.59946e+9 
           3610       1.5769e+9 
           3630      1.54175e+9 
           3640      1.54123e+9 
           3650      1.50969e+9 
           3670      1.48926e+9 
           3690      1.46297e+9 
           3710       1.4138e+9 
           3730      1.37238e+9 
           3750      1.34961e+9 
           3770      1.30578e+9 
           3790      1.34105e+9 
           3810      1.38452e+9 
           3830      1.22086e+9 
           3850      1.41268e+9 
           3870      1.42903e+9 
           3890      1.14213e+9 
           3910      1.40825e+9 
           3930      1.39383e+9 
           3950      1.35778e+9 
           3970      1.05871e+9 
           3990      1.30099e+9 
           4010       1.3077e+9 
           4030      1.22468e+9 
           4050      1.27653e+9 
           4070      1.22888e+9 
           4090        1.116e+9 
           4110      9.86245e+8 
           4130      1.15922e+9 
           4150      1.15501e+9 
           4170      1.14887e+9 
           4190      1.13089e+9 
           4210      1.11609e+9 
           4230      1.09527e+9 
           4250      1.07022e+9 
           4270      1.04317e+9 
           4290       1.0298e+9 
           4310      1.00015e+9 
           4330      8.94641e+8 
           4350      8.19222e+8 
           4370      9.47857e+8 
           4390      9.21295e+8 
           4410      9.30682e+8 
           4430       9.1988e+8 
           4450      9.05295e+8 
           4470      8.46341e+8 
           4490      8.74773e+8 
           4510      8.65234e+8 
           4530      8.51315e+8 
           4550      8.36205e+8 
           4570      8.22517e+8 
           4590      8.08747e+8 
           4610      7.94672e+8 
           4630      7.81847e+8 
           4650      7.59314e+8 
           4670      7.57402e+8 
           4690      7.46162e+8 
           4710      7.22158e+8 
           4730      7.24149e+8 
           4750      7.11968e+8 
           4770      7.04983e+8 
           4790      6.93264e+8 
           4810      6.79402e+8 
           4830        6.624e+8 
           4850      6.03953e+8 
           4870      5.41866e+8 
           4890      6.30775e+8 
           4910      6.28209e+8 
           4930       6.0356e+8 
           4950       6.1184e+8 
           4970      6.05278e+8 
           4990      5.96047e+8 
           5010      5.76246e+8 
           5030      5.78237e+8 
           5050      5.66149e+8 
           5070      5.62012e+8 
           5090      5.53504e+8 
           5110      5.45284e+8 
           5130      5.36545e+8 
           5150      5.28921e+8 
           5170      5.22104e+8 
           5190      5.14995e+8 
           5210      5.07483e+8 
           5230      5.00426e+8 
           5250       4.9341e+8 
           5270      4.86266e+8 
           5290      4.79647e+8 
           5310       4.7289e+8 
           5330      4.66336e+8 
           5350      4.59723e+8 
           5370      4.53628e+8 
           5390      4.47233e+8 
           5410      4.40959e+8 
           5430       4.3511e+8 
           5450      4.29093e+8 
           5470       4.2328e+8 
           5490      4.17578e+8 
           5510      4.12107e+8 
           5530      4.06384e+8 
           5550      4.01137e+8 
           5570      3.95735e+8 
           5590      3.90522e+8 
           5610      3.85299e+8 
           5630      3.80275e+8 
           5650      3.74965e+8 
           5670      3.69479e+8 
           5690      3.63861e+8 
           5710      3.60321e+8 
           5730      3.55767e+8 
           5750      3.50664e+8 
           5770      3.46824e+8 
           5790      3.42309e+8 
           5810      3.37935e+8 
           5830       3.3336e+8 
           5850      3.29256e+8 
           5870      3.14096e+8 
           5890      3.19207e+8 
           5910      3.16674e+8 
           5930       3.1257e+8 
           5950      3.08621e+8 
           5970      3.05276e+8 
           5990      3.01121e+8 
           6010      2.97608e+8 
           6030      2.93772e+8 
           6050      2.90237e+8 
           6070      2.86794e+8 
           6090      2.83268e+8 
           6110      2.79812e+8 
           6130      2.76435e+8 
           6150      2.72718e+8 
           6170      2.69557e+8 
           6190      2.66442e+8 
           6210      2.63283e+8 
           6230      2.60139e+8 
           6250      2.56895e+8 
           6270      2.53898e+8 
           6290      2.50915e+8 
           6310      2.47888e+8 
           6330      2.45008e+8 
           6350      2.41991e+8 
           6370      2.39258e+8 
           6390      2.36434e+8 
           6410      2.33677e+8 
           6430      2.30986e+8 
           6450      2.28288e+8 
           6470      2.25349e+8 
           6490      2.22809e+8 
           6510      2.19895e+8 
           6530      2.16156e+8 
           6550      2.04634e+8 
           6570      1.81493e+8 
           6590       2.0653e+8 
           6610      2.07222e+8 
           6630      2.05614e+8 
           6650      2.03467e+8 
           6670      1.98785e+8 
           6690      1.96647e+8 
           6710      1.96774e+8 
           6730      1.94417e+8 
           6750      1.92431e+8 
           6770      1.90309e+8 
           6790      1.87744e+8 
           6810       1.8605e+8 
           6830      1.83993e+8 
           6850      1.82036e+8 
           6870      1.80036e+8 
           6890      1.78001e+8 
           6910      1.76001e+8 
           6930      1.74226e+8 
           6950      1.72343e+8 
           6970      1.70487e+8 
           6990      1.68649e+8 
           7010      1.66838e+8 
           7030      1.65028e+8 
           7050      1.63274e+8 
           7070      1.58908e+8 
           7090      1.59826e+8 
           7110      1.58101e+8 
           7130      1.56445e+8 
           7150      1.54804e+8 
           7170      1.53165e+8 
           7190      1.51578e+8 
           7210      1.49992e+8 
           7230      1.47376e+8 
           7250      1.46793e+8 
           7270      1.45352e+8 
           7290      1.42642e+8 
           7310      1.42342e+8 
           7330      1.40886e+8 
           7350      1.39444e+8 
           7370      1.38022e+8 
           7390      1.36607e+8 
           7410      1.35219e+8 
           7430      1.33837e+8 
           7450      1.32494e+8 
           7470      1.30989e+8 
           7490      1.29821e+8 
           7510      1.28489e+8 
           7530      1.27209e+8 
           7550      1.25961e+8 
           7570      1.24705e+8 
           7590       1.2346e+8 
           7610      1.22174e+8 
           7630      1.21017e+8 
           7650      1.19825e+8 
           7670      1.18644e+8 
           7690      1.17473e+8 
           7710      1.16319e+8 
           7730       1.1517e+8 
           7750      1.14062e+8 
           7770       1.1287e+8 
           7790       1.1185e+8 
           7810      1.10716e+8 
           7830      1.09697e+8 
           7850      1.08711e+8 
           7870      1.07617e+8 
           7890       1.0651e+8 
           7910      1.05617e+8 
           7930      1.04569e+8 
           7950      1.03573e+8 
           7970      1.02532e+8 
           7990      1.01606e+8 
           8010       1.0063e+8 
           8030      9.96147e+7 
           8050      9.86554e+7 
           8070      9.77503e+7 
           8090      9.66864e+7 
           8110      9.56947e+7 
           8130       9.5042e+7 
           8150      9.40884e+7 
           8170      9.33065e+7 
           8190      9.22392e+7 
           8210      9.12481e+7 
           8230      9.04992e+7 
           8250      8.97899e+7 
           8270      8.85188e+7 
           8290      8.81195e+7 
           8310      8.73685e+7 
           8330      8.65315e+7 
           8350      8.54097e+7 
           8370      8.48623e+7 
           8390      8.42225e+7 
           8410      8.34496e+7 
           8430      8.26726e+7 
           8450      8.14161e+7 
           8470      8.12054e+7 
           8490      8.03111e+7 
           8510      7.97052e+7 
           8530        7.884e+7 
           8550      7.80953e+7 
           8570      7.77365e+7 
           8590      7.57818e+7 
           8610      7.58064e+7 
           8630      7.59662e+7 
           8650      7.42712e+7 
           8670      7.24502e+7 
           8690      7.39231e+7 
           8710      7.38868e+7 
           8730      7.18483e+7 
           8750      6.81743e+7 
           8770      6.99014e+7 
           8790      7.15437e+7 
           8810      7.13359e+7 
           8830       7.0182e+7 
           8850      6.61711e+7 
           8870      6.30814e+7 
           8890       6.7536e+7 
           8910      6.84099e+7 
           8930      6.81371e+7 
           8950      6.77246e+7 
           8970      6.68189e+7 
           8990       6.4471e+7 
           9010      5.85654e+7 
           9030      6.03944e+7 
           9050      6.37847e+7 
           9070      6.35494e+7 
           9090       6.3776e+7 
           9110      6.35326e+7 
           9130       6.3047e+7 
           9150      6.24612e+7 
           9170      6.16199e+7 
           9190      6.06606e+7 
           9210      5.74705e+7 
           9230      5.16719e+7 
           9250      5.64197e+7 
           9270      5.84913e+7 
           9290      5.87069e+7 
           9310      5.81855e+7 
           9330      5.79796e+7 
           9350      5.76024e+7 
           9370      5.72109e+7 
           9390       5.6754e+7 
           9410      5.62662e+7 
           9430      5.58073e+7 
           9450      5.52383e+7 
           9470      5.43665e+7 
           9490      5.40625e+7 
           9510      5.26106e+7 
           9530      4.97395e+7 
           9550      4.48966e+7 
           9570      5.00114e+7 
           9590      5.14867e+7 
           9610      5.14315e+7 
           9630      5.10193e+7 
           9650      5.10265e+7 
           9670      5.06703e+7 
           9690      5.02206e+7 
           9710      4.96825e+7 
           9730      4.94744e+7 
           9750      4.90814e+7 
           9770      4.86992e+7 
           9790      4.83158e+7 
           9810      4.79191e+7 
           9830      4.75606e+7 
           9850      4.71813e+7 
           9870      4.68048e+7 
           9890      4.64229e+7 
           9910      4.59174e+7 
           9930      4.57288e+7 
           9950      4.53205e+7 
           9970       4.4866e+7 
           9990      4.43846e+7 
          10025      4.15713e+7 
          10075      4.01947e+7 
          10125      4.20846e+7 
          10175      4.16172e+7 
          10225      4.08221e+7 
          10275      4.00796e+7 
          10325      3.91481e+7 
          10375      3.86037e+7 
          10425      3.78911e+7 
          10475      3.71973e+7 
          10525      3.65147e+7 
          10575      3.58537e+7 
          10625      3.52034e+7 
          10675      3.44974e+7 
          10725      3.39506e+7 
          10775      3.33408e+7 
          10825      3.23779e+7 
          10875       3.1915e+7 
          10925      2.86175e+7 
          10975       2.9934e+7 
          11025      3.02197e+7 
          11075      2.99177e+7 
          11125      2.94549e+7 
          11175      2.89485e+7 
          11225      2.84367e+7 
          11275       2.7961e+7 
          11325      2.74779e+7 
          11375      2.70212e+7 
          11425      2.65615e+7 
          11475      2.61199e+7 
          11525      2.56831e+7 
          11575      2.52499e+7 
          11625      2.48336e+7 
          11675      2.44174e+7 
          11725      2.40229e+7 
          11775      2.36284e+7 
          11825      2.32425e+7 
          11875       2.2865e+7 
          11925      2.24941e+7 
          11975      2.18292e+7 
          12025      2.17755e+7 
          12075      2.14273e+7 
          12125      2.10854e+7 
          12175      2.07507e+7 
          12225      2.04223e+7 
          12275      2.01007e+7 
          12325      1.97852e+7 
          12375      1.94756e+7 
          12425      1.91727e+7 
          12475      1.88717e+7 
          12525      1.85378e+7 
          12575      1.82944e+7 
          12625      1.80144e+7 
          12675      1.77415e+7 
          12725      1.74148e+7 
          12775      1.67612e+7 
          12825       1.5322e+7 
          12875      1.64657e+7 
          12925      1.63986e+7 
          12975      1.60462e+7 
          13025      1.59525e+7 
          13075       1.5719e+7 
          13125      1.54871e+7 
          13175      1.52588e+7 
          13225      1.50353e+7 
          13275      1.48158e+7 
          13325      1.45992e+7 
          13375      1.43864e+7 
          13425       1.4167e+7 
          13475       1.3976e+7 
          13525       1.3774e+7 
          13575      1.35784e+7 
          13625      1.33811e+7 
          13675      1.31952e+7 
          13725      1.30063e+7 
          13775      1.28257e+7 
          13825      1.26455e+7 
          13875      1.24683e+7 
          13925      1.22913e+7 
          13975      1.21226e+7 
          14025      1.19542e+7 
          14075      1.17907e+7 
          14125      1.16283e+7 
          14175      1.14689e+7 
          14225      1.13123e+7 
          14275      1.11581e+7 
          14325      1.10066e+7 
          14375      1.08576e+7 
          14425      1.07116e+7 
          14475      1.05677e+7 
          14525      1.04261e+7 
          14570      1.03007e+7 
          14620      1.01611e+7 
          14675      1.00139e+7 
          14725      9.88227e+6 
          14775      9.75252e+6 
          14825      9.62547e+6 
          14875      9.50009e+6 
          14925      9.37685e+6 
          14975      9.25552e+6 
          15025      9.13579e+6 
          15075      8.99854e+6 
          15125      8.90309e+6 
          15175       8.7892e+6 
          15225      8.67713e+6 
          15275      8.56633e+6 
          15325      8.45759e+6 
          15375      8.35039e+6 
          15425      8.24204e+6 
          15475      8.14041e+6 
          15525      8.03585e+6 
          15575      7.92951e+6 
          15625       7.8432e+6 
          15675      7.72976e+6 
          15725       7.6266e+6 
          15775      7.55789e+6 
          15825      7.45818e+6 
          15875      7.31335e+6 
          15925      7.26052e+6 
          15975      7.20302e+6 
          16050      7.04446e+6 
          16150      6.83401e+6 
          16250      6.75145e+6 
          16350      6.53056e+6 
          16450      6.31387e+6 
          16550      6.29405e+6 
          16650      6.15195e+6 
          16750      5.91568e+6 
          16850      5.69908e+6 
          16950      5.72801e+6 
          17050      5.57431e+6 
          17150      5.48887e+6 
          17250      5.34059e+6 
          17350      5.00012e+6 
          17450      5.07387e+6 
          17550      5.01058e+6 
          17650      4.90284e+6 
          17750        4.795e+6 
          17850      4.68869e+6 
          17950       4.5882e+6 
          18050      4.47365e+6 
          18150      4.17773e+6 
          18250      4.22821e+6 
          18350      4.20282e+6 
          18450      4.11765e+6 
          18550      4.02774e+6 
          18650      3.89778e+6 
          18750      3.65069e+6 
          18850      3.76941e+6 
          18950      3.70537e+6 
          19050      3.61187e+6 
          19150      3.55431e+6 
          19250      3.48323e+6 
          19350      3.38825e+6 
          19450      3.14368e+6 
          19550      3.24882e+6 
          19650      3.21192e+6 
          19750      3.14887e+6 
          19850      3.08681e+6 
          19950      3.02623e+6 
          20050      2.96715e+6 
          20150      2.90948e+6 
          20250      2.85325e+6 
          20350      2.79826e+6 
          20450      2.74375e+6 
          20550      2.68723e+6 
          20650       2.6413e+6 
          20750      2.59132e+6 
          20850       2.5426e+6 
          20950      2.49504e+6 
          21050      2.44844e+6 
          21150      2.39308e+6 
          21250      2.35885e+6 
          21350      2.31548e+6 
          21450      2.27175e+6 
          21550      2.21705e+6 
          21650      2.05572e+6 
          21750      2.12812e+6 
          21850      2.10948e+6 
          21950      2.07529e+6 
          22050       2.0383e+6 
          22150       2.0022e+6 
          22250      1.96659e+6 
          22350      1.93229e+6 
          22450      1.89852e+6 
          22550      1.86542e+6 
          22650      1.83305e+6 
          22750      1.80139e+6 
          22850      1.77029e+6 
          22950      1.74002e+6 
          23050      1.70999e+6 
          23150       1.6814e+6 
          23250      1.65303e+6 
          23350      1.62522e+6 
          23450      1.59803e+6 
          23550      1.57138e+6 
          23650      1.54525e+6 
          23750      1.51971e+6 
          23850      1.49474e+6 
          23950       1.4702e+6 
          24050      1.44614e+6 
          24150      1.42263e+6 
          24250      1.39952e+6 
          24350      1.37693e+6 
          24450      1.35472e+6 
          24550      1.33308e+6 
          24650      1.31169e+6 
          24750      1.28838e+6 
          24850      1.27047e+6 
          24950      1.24977e+6 
          25050      1.23075e+6 
          25150      1.21145e+6 
          25250      1.19124e+6 
          25350      1.17383e+6 
          25450      1.15625e+6 
          25550       1.1374e+6 
          25650      1.11755e+6 
          25750      1.10293e+6 
          25850      1.08708e+6 
          25950      1.06999e+6 
          26050      1.05002e+6 
          26150        1.023e+6 
          26250          961315 
          26350          997167 
          26450          991633 
          26550          976643 
          26650          960097 
          26750          937928 
          26850          931632 
          26950          922500 
          27050          910494 
          27150          897309 
          27250          884292 
          27350          870987 
          27450          854903 
          27550          829250 
          27650          823806 
          27750          820325 
          27850          811044 
          27950          799561 
          28050          788316 
          28150          777257 
          28250          766383 
          28350          755690 
          28450          745221 
          28550          732474 
          28650          714933 
          28750          692374 
          28850          700030 
          28950          694529 
          29050          685916 
          29150          676608 
          29250          667497 
          29350          658494 
          29450          649644 
          29550          640941 
          29650          632424 
          29750          624009 
          29850          615735 
          29950          607595 
          30050          599597 
          30150          591149 
          30250          580659 
          30350          557332 
          30450          555141 
          30550          559020 
          30650          554052 
          30750          547028 
          30850          540124 
          30950          533217 
          31050          526430 
          31150          519714 
          31250          513116 
          31350          506703 
          31450          500327 
          31550          494055 
          31650          487855 
          31750          481757 
          31850          475804 
          31950          469880 
          32100          461219 
          32300          449964 
          32500          439058 
          32700          427855 
          32900          405023 
          33100          403617 
          33300          397867 
          33500          388831 
          33700          379819 
          33900          370990 
          34100          362440 
          34300          354094 
          34500          346011 
          34700          338157 
          34900          330518 
          35100          323092 
          35300          315873 
          35500          308828 
          35700          302245 
          35900          295787 
          36100          289137 
          36300          283009 
          36500          276588 
          36700          270804 
          36900          264639 
          37100          258473 
          37300          248791 
          37500          242340 
          37700          242770 
          37900          238209 
          38100          232968 
          38300          228238 
          38500          223974 
          38700          219397 
          38900          214637 
          39100          209852 
          39300          206219 
          39500          202209 
          39700          198178 
          39900          194230 
          40100          189613 
          40300          185246 
          40500          176983 
          40700          178901 
          40900          175984 
          41100          172594 
          41300          169138 
          41500          165691 
          41700          161387 
          41900          159391 
          42100          156809 
          42300          153872 
          42500          150936 
          42700          148201 
          42900          145255 
          43100          142788 
          43300          140172 
          43500          137383 
          43700          133327 
          43900          131738 
          44100          130218 
          44300          127964 
          44500          125685 
          44700          123569 
          44900          121387 
          45100          119251 
          45300          117163 
          45500          115120 
          45700          113121 
          45900          111164 
          46100          109104 
          46300          106865 
          46500          101336 
          46700          101057 
          46900          101124 
          47100          100051 
          47300         98593.9 
          47500         96947.2 
          47700         95334.6 
          47900         93753.5 
          48100         92206.9 
          48300         90690.8 
          48500         89205.9 
          48700         87752.3 
          48900         86326.7 
          49100         84929.7 
          49300         83561.5 
          49500           82222 
          49700         80907.1 
          49900         79619.8 
          50100         78356.5 
          50300         77119.8 
          50500           75906 
          50700         74716.1 
          50900         73443.8 
          51100         71875.8 
          51300         69273.9 
          51500         69779.4 
          51700         69029.3 
          51900         68047.8 
          52100         67010.2 
          52300         65991.8 
          52500         64992.3 
          52700         64011.7 
          52900         63049.4 
          53100         62106.2 
          53300         61179.5 
          53500         60270.3 
          53700         59378.1 
          53900         58501.2 
          54100           57642 
          54300         56797.8 
          54500         55969.5 
          54700         55155.5 
          54900         54356.9 
          55100         53571.1 
          55300         52800.9 
          55500         52044.6 
          55700         51301.1 
          55900         50571.7 
          56100         49855.2 
          56300         49149.8 
          56500         48457.9 
          56700         47777.9 
          56900         47108.5 
          57100         46335.3 
          57300         45791.2 
          57500         45174.5 
          57700         44551.9 
          57900         43939.1 
          58100         43336.8 
          58300           42745 
          58500         42185.9 
          58700         41527.3 
          58900         40685.1 
          59100         39121.4 
          59300         39659.2 
          59500           39188 
          59700         38740.7 
          59900           38345 
          60100         37868.9 
          60300         37369.4 
          60500         36878.1 
          60700         36393.9 
          60900         35918.7 
          61100         35450.8 
          61300         34990.3 
          61500           34537 
          61700         34090.9 
          61900         33652.6 
          62100         33221.2 
          62300         32795.8 
          62500         32372.2 
          62700         31858.3 
          62900         31278.8 
          63100         31032.7 
          63300         30746.7 
          63500         30385.2 
          63700           30005 
          63900         29631.3 
          64200         29080.8 
          64600           28367 
          65000         27674.7 
          65400         27003.4 
          65800         26352.4 
          66200         25721.2 
          66600         25108.2 
          67000         24513.1 
          67400         23861.4 
          67800         23131.6 
          68200           22810 
          68600           22303 
          69000         21790.4 
          69400         21291.2 
          69800         20807.4 
          70200         20336.2 
          70600         19878.9 
          71000         19434.4 
          71400         19002.2 
          71800         18581.3 
          72200         18172.9 
          72600         17774.5 
          73000           17388 
          73400         17011.6 
          73800         16645.1 
          74200         16233.4 
          74600         15509.5 
          75000         15115.4 
          75400         15178.1 
          75800         14945.6 
          76200         14643.1 
          76600           14339 
          77000           14043 
          77400         13754.3 
          77800         13473.2 
          78200         13199.5 
          78600         12932.6 
          79000         12672.2 
          79400         12418.1 
          79800         12170.9 
          80200         11929.1 
          80600         11693.9 
          81000         11463.8 
          81400         11226.4 
          81800         11017.2 
          82200         10808.2 
          82600         10599.9 
          83000         10396.9 
          83400         10198.2 
          83800         10004.6 
          84200         9815.68 
          84600         9630.95 
          85000         9450.33 
          85400          9274.2 
          85800         9101.94 
          86200          8932.5 
          86600         8734.63 
          87000         8586.81 
          87400         8347.12 
          87800         8196.96 
          88200         8144.55 
          88600         8003.05 
          89000         7859.45 
          89400         7719.51 
          89800         7582.68 
          90200         7448.91 
          90600         7317.63 
          91000         7189.77 
          91400         7064.28 
          91800          6941.6 
          92200         6821.69 
          92600         6704.44 
          93000         6589.41 
          93400         6473.06 
          93800         6325.92 
          94200         6238.77 
          94600         6153.69 
          95000         6050.65 
          95400          5949.5 
          95800         5850.66 
          96200         5753.68 
          96600         5658.88 
          97000         5565.86 
          97400         5474.57 
          97800         5385.38 
          98200         5298.23 
          98600         5212.31 
          99000          5128.4 
          99400         5046.02 
          99800         4965.55 
         100200         4886.59 
         200000         304.454 
         400000         18.6731 
         600000         3.63627 
         800000          1.1379 
         1.0e+6        0.461947 
         1.2e+6        0.221149 
         1.4e+6        0.118653 
         1.6e+6       0.0691993 
