# Kurucz ODFNEW /NOVER models
# teff = 4250 K (value for the effective temperature for the model. Temperatures are given in K)
# logg = 4.00 log(cm/s2) (value for Log(G) for the model.)
# meta = -0.5  (value for the Metallicity for the model.)
# lh = 1.25  (l/Hp where l is the  mixing length of the convective element and Hp is the pressure scale height)
# vtur = 2.0 km/s (Microturbulence velocity)
#
# column 1: WAVELENGTH (ANGSTROM), Wavelength in Angstrom
# column 2: FLUX (ERG/CM2/S/A), Flux in erg/cm2/s/A
              0               0 
           90.9               0 
           93.5               0 
           96.1               0 
           97.7               0 
           99.6               0 
            102               0 
          103.8               0 
          105.6               0 
          107.7               0 
          110.4               0 
            114               0 
          117.8               0 
          121.3               0 
          124.8               0 
          127.1               0 
          128.4               0 
          130.5               0 
          132.4               0 
          133.9               0 
          136.6               0 
          139.8               0 
          143.3               0 
          147.2               0 
            151               0 
          155.2               0 
          158.8               0 
            162               0 
            166               0 
          170.3               0 
          173.4               0 
          176.8               0 
          180.2               0 
          181.7               0 
          186.1               0 
            191               0 
          193.9               0 
          198.4               0 
          201.8               0 
            205               0 
          210.5               0 
          216.2               0 
          219.8               0 
            223               0 
          226.8               0 
            230               0 
            234               0 
            240               0 
          246.5               0 
          252.4               0 
          256.8               0 
            260               0 
            264               0 
          268.5               0 
          273.5               0 
          278.5               0 
            284               0 
            290               0 
            296               0 
            301               0 
            308               0 
            318               0 
            328               0 
            338               0 
            348               0 
            357               0 
            366               0 
            375               0 
            385               0 
            395               0 
            405               0 
            414               0 
            422               0 
            430               0 
            441               0 
            451               0 
            460               0 
            470               0 
            480               0 
            490               0 
            500               0 
            506               0 
            512               0 
            520               0 
            530               0 
            540               0 
            550               0 
            560               0 
            570               0 
            580               0 
            590               0 
            600               0 
            610               0 
            620               0 
            630               0 
            640               0 
            650               0 
            658               0 
            665               0 
            675               0 
            685               0 
            695     3.98595e-25 
            705     1.10095e-24 
            716     3.25542e-24 
            726     8.45768e-24 
            735     1.95107e-23 
            745     4.81677e-23 
            755     1.15929e-22 
            765     2.72313e-22 
            775     6.24639e-22 
            785     1.40116e-21 
            795     3.06904e-21 
            805     6.60533e-21 
            815     1.39218e-20 
            825     2.87718e-20 
            835     5.83663e-20 
            845     1.16244e-19 
            855     2.27195e-19 
            865     4.36573e-19 
            875     8.24933e-19 
            885     1.53487e-18 
            895     2.81664e-18 
            905     5.07537e-18 
            915     5.25887e-13 
            925     3.10726e-12 
            935     4.45324e-12 
            945     6.50885e-12 
            955     6.54054e-12 
            965     1.46481e-11 
            975     8.68604e-12 
            985     2.50316e-11 
            995      3.8806e-11 
           1005     3.86753e-11 
           1015     4.60241e-11 
           1025     5.59811e-11 
           1035     1.47066e-10 
           1045     2.13527e-10 
           1055     2.51713e-10 
           1065     6.50346e-10 
           1075     8.24708e-10 
           1085      1.72978e-9 
           1095      2.34806e-9 
           1105      3.00995e-9 
           1115      3.95753e-9 
           1125      9.22815e-9 
           1135      1.49081e-8 
           1145      2.37652e-8 
           1155      3.31511e-8 
           1165      3.86549e-8 
           1175      5.92345e-8 
           1185      6.92011e-8 
           1195      5.56592e-8 
           1205      3.06984e-8 
           1215      8.71886e-9 
           1225      4.78676e-8 
           1235       2.1035e-7 
           1245      4.39577e-7 
           1255      6.67125e-7 
           1265       9.2632e-7 
           1275       1.2485e-6 
           1285      1.40768e-6 
           1295      1.74066e-6 
           1305      2.38777e-6 
           1315      2.94679e-6 
           1325      3.44303e-6 
           1335      3.91838e-6 
           1345      5.19127e-6 
           1355      6.95668e-6 
           1365      7.84668e-6 
           1375      9.05667e-6 
           1385      1.08381e-5 
           1395      1.27882e-5 
           1405       1.7634e-5 
           1415      2.28271e-5 
           1425      2.62387e-5 
           1435      3.54259e-5 
           1442      5.05009e-5 
           1447      4.42185e-5 
           1455      5.29694e-5 
           1465      7.36602e-5 
           1475      7.36293e-5 
           1485        9.425e-5 
           1495     0.000140469 
           1505      0.00019648 
           1512     0.000130242 
           1517     0.000203189 
           1525     0.000317729 
           1535      0.00106891 
           1545     0.000871569 
           1555      0.00152711 
           1565      0.00134098 
           1575      0.00301993 
           1585      0.00298808 
           1595      0.00282678 
           1605      0.00287283 
           1615      0.00286409 
           1625      0.00273707 
           1635      0.00382829 
           1645      0.00543428 
           1655      0.00402283 
           1665      0.00729728 
           1672      0.00544372 
           1677      0.00974053 
           1685       0.0140901 
           1695       0.0204925 
           1705       0.0225349 
           1715       0.0240981 
           1725       0.0347951 
           1735       0.0397804 
           1745       0.0580656 
           1755         0.05715 
           1765       0.0757615 
           1775       0.0641091 
           1785        0.140229 
           1795        0.104688 
           1805        0.208738 
           1815        0.132556 
           1825        0.231018 
           1835        0.195334 
           1845        0.296103 
           1855        0.207917 
           1865        0.406632 
           1875        0.360632 
           1885        0.473381 
           1895        0.589986 
           1905        0.608837 
           1915        0.904651 
           1925         0.72003 
           1935        0.479911 
           1945         1.03926 
           1955         1.53274 
           1967         1.61506 
           1976          1.8855 
           1984         2.47098 
           1995         2.11223 
           2005         2.50281 
           2015         2.81753 
           2025         2.52646 
           2035         3.22208 
           2045         3.30758 
           2055         4.01224 
           2065         3.66886 
           2074         3.18131 
           2078         4.62676 
           2085          5.7582 
           2095         8.52097 
           2105         9.19841 
           2115         8.82193 
           2125         10.1757 
           2135         13.5436 
           2145          9.8927 
           2155         12.6809 
           2165         12.1823 
           2175         13.2316 
           2185         11.8932 
           2195          21.753 
           2205         17.1457 
           2215         21.3873 
           2225          18.443 
           2235         33.4871 
           2245         37.2072 
           2255         46.1432 
           2265         22.1241 
           2275         46.8639 
           2285         44.3111 
           2295          73.951 
           2305         25.4811 
           2315          97.247 
           2325         70.1661 
           2335         116.822 
           2345         68.3305 
           2355         56.5927 
           2365         80.1993 
           2375         75.8853 
           2385         137.553 
           2395         126.949 
           2405         233.736 
           2415         135.293 
           2425         178.556 
           2435         261.566 
           2445          369.62 
           2455         422.746 
           2465         255.152 
           2475         450.405 
           2485          154.25 
           2495         183.281 
           2505         386.411 
           2513         263.543 
           2518         265.201 
           2525         319.708 
           2535         735.613 
           2545         916.202 
           2555         1153.79 
           2565         608.336 
           2575         1094.91 
           2585         763.922 
           2595         977.905 
           2605         1363.91 
           2615         1121.06 
           2625          1908.3 
           2635          4493.5 
           2645         3545.59 
           2655          8242.7 
           2665         4254.17 
           2675         3701.33 
           2685         5711.65 
           2695         2414.01 
           2705         5718.63 
           2715         3554.49 
           2725         2637.85 
           2735         3037.77 
           2745         3874.49 
           2755         4075.32 
           2765         6137.38 
           2775         7389.19 
           2785         4322.11 
           2795         4139.68 
           2805          4453.9 
           2815         5384.09 
           2825         5503.23 
           2835         4625.83 
           2845         3323.35 
           2855         1584.24 
           2865         4898.55 
           2875         5842.63 
           2885         8347.33 
           2895         10761.1 
           2910         16889.5 
           2930         20105.4 
           2950           16948 
           2970           16946 
           2990         18698.5 
           3010           17961 
           3030         26052.6 
           3050         28200.2 
           3070           42510 
           3090         33484.4 
           3110           69869 
           3130         59815.2 
           3150         85688.5 
           3170          118700 
           3190         92430.5 
           3210          100708 
           3230         89956.9 
           3250          161221 
           3270          225484 
           3290          248802 
           3310          186888 
           3330          186081 
           3350          160420 
           3370         80813.6 
           3390          108058 
           3410          124853 
           3430          155673 
           3450          138304 
           3470          137903 
           3490          200123 
           3510          264134 
           3530          248464 
           3550          353848 
           3570          151485 
           3590          146064 
           3610          224666 
           3630          276167 
           3640          314929 
           3650          364473 
           3670          447470 
           3690          350278 
           3710          281451 
           3730          112847 
           3750          147914 
           3770          341718 
           3790          374525 
           3810          325473 
           3830          132690 
           3850          219727 
           3870          205959 
           3890          246454 
           3910          360563 
           3930          122516 
           3950          277239 
           3970          183148 
           3990          585087 
           4010          737687 
           4030          597330 
           4050          631087 
           4070          575368 
           4090          789623 
           4110          557353 
           4130          619842 
           4150          560837 
           4170          566647 
           4190          592024 
           4210          556187 
           4230          424083 
           4250          601477 
           4270          555665 
           4290          536026 
           4310          549112 
           4330          820415 
           4350          849999 
           4370          893588 
           4390          769426 
           4410          831097 
           4430          925657 
           4450          952570 
           4470       1.0535e+6 
           4490      1.10438e+6 
           4510      1.26926e+6 
           4530       1.0653e+6 
           4550       1.1758e+6 
           4570      1.25333e+6 
           4590      1.22079e+6 
           4610      1.25824e+6 
           4630      1.26783e+6 
           4650      1.23059e+6 
           4670      1.32648e+6 
           4690      1.29122e+6 
           4710      1.22883e+6 
           4730      1.23497e+6 
           4750      1.22093e+6 
           4770      1.12172e+6 
           4790      1.15541e+6 
           4810      1.30276e+6 
           4830      1.29541e+6 
           4850      1.33405e+6 
           4870      1.26369e+6 
           4890      1.30845e+6 
           4910      1.32033e+6 
           4930      1.23511e+6 
           4950      1.25285e+6 
           4970      1.22988e+6 
           4990      1.10552e+6 
           5010          984431 
           5030      1.05198e+6 
           5050          972371 
           5070          950807 
           5090          901122 
           5110          904816 
           5130          863046 
           5150          806697 
           5170          746657 
           5190          838801 
           5210          959837 
           5230       1.3461e+6 
           5250      1.43229e+6 
           5270      1.22387e+6 
           5290       1.4472e+6 
           5310      1.55723e+6 
           5330      1.36602e+6 
           5350       1.4781e+6 
           5370       1.4709e+6 
           5390      1.43627e+6 
           5410      1.41756e+6 
           5430      1.41519e+6 
           5450      1.44655e+6 
           5470       1.4856e+6 
           5490      1.49879e+6 
           5510      1.45567e+6 
           5530      1.54359e+6 
           5550      1.57174e+6 
           5570      1.51992e+6 
           5590      1.45288e+6 
           5610      1.53447e+6 
           5630      1.58385e+6 
           5650      1.61821e+6 
           5670      1.57763e+6 
           5690      1.60508e+6 
           5710      1.54209e+6 
           5730      1.64677e+6 
           5750      1.64115e+6 
           5770      1.65401e+6 
           5790      1.59371e+6 
           5810      1.64917e+6 
           5830      1.68309e+6 
           5850      1.63484e+6 
           5870      1.62776e+6 
           5890      1.10156e+6 
           5910       1.5797e+6 
           5930      1.63088e+6 
           5950      1.63483e+6 
           5970      1.66152e+6 
           5990      1.65265e+6 
           6010      1.63427e+6 
           6030      1.65971e+6 
           6050      1.68066e+6 
           6070       1.6648e+6 
           6090      1.63448e+6 
           6110       1.6358e+6 
           6130      1.54214e+6 
           6150      1.62097e+6 
           6170      1.49163e+6 
           6190      1.63037e+6 
           6210      1.61725e+6 
           6230      1.58766e+6 
           6250      1.54039e+6 
           6270      1.59248e+6 
           6290      1.62208e+6 
           6310      1.59857e+6 
           6330      1.61838e+6 
           6350      1.64146e+6 
           6370      1.63702e+6 
           6390      1.64459e+6 
           6410      1.61362e+6 
           6430      1.61855e+6 
           6450      1.59023e+6 
           6470      1.59139e+6 
           6490      1.57471e+6 
           6510      1.62897e+6 
           6530      1.65496e+6 
           6550      1.62494e+6 
           6570      1.60424e+6 
           6590      1.63112e+6 
           6610      1.63912e+6 
           6630      1.64313e+6 
           6650      1.63692e+6 
           6670      1.61687e+6 
           6690      1.63819e+6 
           6710      1.60276e+6 
           6730      1.63583e+6 
           6750      1.60962e+6 
           6770      1.62601e+6 
           6790      1.61996e+6 
           6810       1.6185e+6 
           6830      1.63431e+6 
           6850      1.61314e+6 
           6870      1.61486e+6 
           6890      1.62351e+6 
           6910      1.62186e+6 
           6930        1.614e+6 
           6950      1.60847e+6 
           6970       1.6219e+6 
           6990      1.60098e+6 
           7010      1.59746e+6 
           7030      1.60843e+6 
           7050      1.60932e+6 
           7070      1.58516e+6 
           7090       1.5763e+6 
           7110      1.58041e+6 
           7130      1.55785e+6 
           7150      1.53146e+6 
           7170      1.56785e+6 
           7190      1.53946e+6 
           7210      1.53883e+6 
           7230      1.57797e+6 
           7250      1.56326e+6 
           7270      1.57726e+6 
           7290      1.56564e+6 
           7310      1.57069e+6 
           7330      1.55386e+6 
           7350      1.55225e+6 
           7370      1.57068e+6 
           7390      1.55667e+6 
           7410      1.54244e+6 
           7430      1.55701e+6 
           7450      1.55179e+6 
           7470      1.55524e+6 
           7490      1.55043e+6 
           7510      1.55515e+6 
           7530      1.56038e+6 
           7550      1.56112e+6 
           7570      1.55524e+6 
           7590       1.5464e+6 
           7610      1.54564e+6 
           7630      1.54796e+6 
           7650      1.54484e+6 
           7670      1.48979e+6 
           7690      1.53664e+6 
           7710      1.50536e+6 
           7730      1.52646e+6 
           7750      1.51137e+6 
           7770      1.53418e+6 
           7790      1.52594e+6 
           7810      1.52715e+6 
           7830      1.51113e+6 
           7850      1.51157e+6 
           7870      1.52196e+6 
           7890      1.51286e+6 
           7910      1.49583e+6 
           7930      1.48775e+6 
           7950      1.47306e+6 
           7970      1.50186e+6 
           7990      1.49293e+6 
           8010      1.48625e+6 
           8030      1.48674e+6 
           8050      1.47501e+6 
           8070      1.47436e+6 
           8090      1.46627e+6 
           8110      1.47039e+6 
           8130      1.47707e+6 
           8150      1.47431e+6 
           8170      1.47037e+6 
           8190       1.4113e+6 
           8210      1.44121e+6 
           8230      1.44679e+6 
           8250      1.45063e+6 
           8270      1.46048e+6 
           8290       1.4536e+6 
           8310      1.43336e+6 
           8330      1.40917e+6 
           8350      1.42874e+6 
           8370      1.42568e+6 
           8390      1.35965e+6 
           8410      1.42105e+6 
           8430      1.37768e+6 
           8450      1.41886e+6 
           8470      1.40508e+6 
           8490      1.40061e+6 
           8510       1.3441e+6 
           8530      1.38891e+6 
           8550       1.2309e+6 
           8570      1.41059e+6 
           8590      1.40051e+6 
           8610      1.39503e+6 
           8630      1.39853e+6 
           8650      1.39152e+6 
           8670      1.22959e+6 
           8690      1.33539e+6 
           8710      1.38602e+6 
           8730       1.3822e+6 
           8750      1.37781e+6 
           8770      1.37579e+6 
           8790      1.37724e+6 
           8810      1.33726e+6 
           8830      1.34711e+6 
           8850      1.36551e+6 
           8870      1.35395e+6 
           8890      1.36736e+6 
           8910      1.36663e+6 
           8930       1.3523e+6 
           8950      1.34302e+6 
           8970      1.34701e+6 
           8990      1.34964e+6 
           9010      1.30514e+6 
           9030      1.33462e+6 
           9050      1.34713e+6 
           9070      1.34284e+6 
           9090      1.31067e+6 
           9110      1.31868e+6 
           9130      1.32697e+6 
           9150      1.31501e+6 
           9170       1.3073e+6 
           9190      1.30938e+6 
           9210      1.29362e+6 
           9230      1.29899e+6 
           9250      1.28523e+6 
           9270      1.29135e+6 
           9290      1.28314e+6 
           9310      1.29497e+6 
           9330      1.29193e+6 
           9350      1.28559e+6 
           9370      1.27359e+6 
           9390      1.27958e+6 
           9410      1.25985e+6 
           9430      1.27154e+6 
           9450      1.25418e+6 
           9470      1.26902e+6 
           9490      1.26786e+6 
           9510       1.2659e+6 
           9530      1.25985e+6 
           9550      1.24528e+6 
           9570      1.24778e+6 
           9590      1.25699e+6 
           9610      1.24128e+6 
           9630      1.24649e+6 
           9650      1.21111e+6 
           9670      1.21582e+6 
           9690      1.23163e+6 
           9710      1.22236e+6 
           9730      1.21269e+6 
           9750      1.21513e+6 
           9770      1.21884e+6 
           9790       1.1937e+6 
           9810      1.22517e+6 
           9830      1.21648e+6 
           9850      1.22199e+6 
           9870      1.21573e+6 
           9890      1.21425e+6 
           9910      1.21081e+6 
           9930      1.21052e+6 
           9950      1.20718e+6 
           9970      1.20606e+6 
           9990      1.20353e+6 
          10025       1.1953e+6 
          10075       1.1868e+6 
          10125      1.18272e+6 
          10175       1.1724e+6 
          10225       1.1673e+6 
          10275      1.16428e+6 
          10325      1.14738e+6 
          10375      1.14163e+6 
          10425      1.14332e+6 
          10475      1.13075e+6 
          10525      1.13024e+6 
          10575      1.11752e+6 
          10625      1.11333e+6 
          10675      1.10002e+6 
          10725      1.09755e+6 
          10775      1.08894e+6 
          10825      1.07222e+6 
          10875      1.07353e+6 
          10925      1.07001e+6 
          10975      1.04715e+6 
          11025      1.04346e+6 
          11075      1.04328e+6 
          11125      1.03599e+6 
          11175      1.03178e+6 
          11225      1.03005e+6 
          11275      1.01374e+6 
          11325      1.01702e+6 
          11375      1.00318e+6 
          11425          994421 
          11475      1.00434e+6 
          11525      1.00243e+6 
          11575          991731 
          11625          975273 
          11675          978049 
          11725          983784 
          11775          966888 
          11825          957381 
          11875          949281 
          11925          963776 
          11975          929920 
          12025          946226 
          12075          936597 
          12125          941010 
          12175          939927 
          12225          935053 
          12275          928325 
          12325          925052 
          12375          920959 
          12425          914052 
          12475          912841 
          12525          905445 
          12575          903931 
          12625          898511 
          12675          892044 
          12725          891517 
          12775          889008 
          12825          870085 
          12875          876203 
          12925          866844 
          12975          872150 
          13025          867066 
          13075          865912 
          13125          848239 
          13175          848736 
          13225          854070 
          13275          843502 
          13325          841023 
          13375          838810 
          13425          837590 
          13475          835621 
          13525          831882 
          13575          824192 
          13625          818215 
          13675          822637 
          13725          822813 
          13775          818302 
          13825          817261 
          13875          808291 
          13925          794045 
          13975          798887 
          14025          794234 
          14075          796797 
          14125          787351 
          14175          789662 
          14225          781796 
          14275          768323 
          14325          781748 
          14375          782174 
          14425          771111 
          14475          780699 
          14525          770368 
          14570          768830 
          14620          761113 
          14675          759983 
          14725          758151 
          14775          758307 
          14825          760109 
          14875          740400 
          14925          764570 
          14975          761791 
          15025          719331 
          15075          738970 
          15125          754677 
          15175          756748 
          15225          753621 
          15275          749487 
          15325          753810 
          15375          749076 
          15425          744939 
          15475          755660 
          15525          743284 
          15575          742106 
          15625          749307 
          15675          741132 
          15725          734992 
          15775          708041 
          15825          733979 
          15875          716624 
          15925          731281 
          15975          732171 
          16050          727072 
          16150          719958 
          16250          713149 
          16350          708062 
          16450          694661 
          16550          690653 
          16650          675519 
          16750          655379 
          16850          646919 
          16950          641538 
          17050          623239 
          17150          604681 
          17250          597804 
          17350          582425 
          17450          575161 
          17550          564086 
          17650          553639 
          17750          541596 
          17850          531595 
          17950          523360 
          18050          508190 
          18150          500306 
          18250          488788 
          18350          481862 
          18450          466150 
          18550          460973 
          18650          451982 
          18750          439436 
          18850          437373 
          18950          423160 
          19050          423526 
          19150          415282 
          19250          409433 
          19350          396458 
          19450          387014 
          19550          385383 
          19650          379537 
          19750          365786 
          19850          362356 
          19950          356918 
          20050          355569 
          20150          349747 
          20250          341212 
          20350          335591 
          20450          332533 
          20550          325922 
          20650          318146 
          20750          315385 
          20850          309689 
          20950          302919 
          21050          300218 
          21150          294884 
          21250          290897 
          21350          286699 
          21450          282542 
          21550          278141 
          21650          272499 
          21750          267921 
          21850          264188 
          21950          261012 
          22050          253040 
          22150          253786 
          22250          247248 
          22350          244415 
          22450          241017 
          22550          237758 
          22650          232432 
          22750          230713 
          22850          225386 
          22950          207412 
          23050          212536 
          23150          210564 
          23250          192922 
          23350          198052 
          23450          199298 
          23550          182346 
          23650          189240 
          23750          188251 
          23850          173827 
          23950          179064 
          24050          178399 
          24150          167475 
          24250          169523 
          24350          168884 
          24450          161676 
          24550          158642 
          24650          160235 
          24750          155252 
          24850          149985 
          24950          151878 
          25050          150223 
          25150          144433 
          25250          142174 
          25350          142228 
          25450          140367 
          25550          139334 
          25650          136698 
          25750          137042 
          25850          133469 
          25950          133416 
          26050          132138 
          26150          132105 
          26250          128645 
          26350          128051 
          26450          126551 
          26550          123130 
          26650          122113 
          26750          121428 
          26850          120070 
          26950          117319 
          27050          116427 
          27150          114385 
          27250          112751 
          27350          111530 
          27450          110829 
          27550          108323 
          27650          107324 
          27750          106405 
          27850          104210 
          27950          103306 
          28050         99061.3 
          28150           99690 
          28250         98791.8 
          28350         97238.3 
          28450         97314.7 
          28550         94438.8 
          28650         94556.3 
          28750         92883.2 
          28850         91507.2 
          28950           91011 
          29050         88327.6 
          29150         89549.2 
          29250         85049.9 
          29350         86758.4 
          29450         82843.1 
          29550         84552.6 
          29650         81197.9 
          29750         82393.8 
          29850         79838.6 
          29950         80759.6 
          30050           77386 
          30150         79057.7 
          30250         76460.9 
          30350         76824.8 
          30450         73972.6 
          30550         74893.9 
          30650         73876.7 
          30750         72671.8 
          30850         71686.7 
          30950         70390.4 
          31050         70961.5 
          31150         68868.3 
          31250         69365.7 
          31350         66957.4 
          31450         67362.5 
          31550         66497.3 
          31650         66367.2 
          31750         64955.7 
          31850         64385.2 
          31950         63654.3 
          32100         63254.4 
          32300         61105.2 
          32500         60526.6 
          32700         59111.9 
          32900         57354.8 
          33100         56790.9 
          33300         55091.7 
          33500         54261.2 
          33700           53450 
          33900         51536.1 
          34100         51020.8 
          34300         50363.6 
          34500         48483.6 
          34700           48114 
          34900         47226.9 
          35100         45843.4 
          35300         44935.3 
          35500         44391.5 
          35700         43035.5 
          35900         42241.7 
          36100         41806.7 
          36300         40603.9 
          36500         39863.1 
          36700         39057.9 
          36900         38270.3 
          37100         37330.8 
          37300         36736.3 
          37500         36166.1 
          37700         35192.3 
          37900         34832.3 
          38100         33953.9 
          38300         33381.9 
          38500         32713.1 
          38700         32172.2 
          38900         31418.8 
          39100         30898.7 
          39300         30287.4 
          39500         29805.2 
          39700         29223.6 
          39900         28349.2 
          40100         28090.6 
          40300           27548 
          40500         26918.3 
          40700         26329.2 
          40900         26011.5 
          41100         25471.3 
          41300         25041.9 
          41500         24582.4 
          41700         24030.8 
          41900         23692.5 
          42100         23072.6 
          42300         22905.5 
          42500         22394.2 
          42700         22023.7 
          42900         20989.8 
          43100           19951 
          43300         19962.3 
          43500           18936 
          43700           18344 
          43900         18033.4 
          44100         17179.2 
          44300         16904.9 
          44500         16595.7 
          44700         15921.1 
          44900         15864.3 
          45100         15408.8 
          45300         14994.4 
          45500         14916.9 
          45700         14786.6 
          45900         14242.7 
          46100         14264.5 
          46300         13991.8 
          46500         13947.7 
          46700         13819.3 
          46900           13569 
          47100         13357.2 
          47300         13366.4 
          47500           13037 
          47700         12858.2 
          47900           12755 
          48100         12385.2 
          48300         12476.3 
          48500         12226.1 
          48700         11933.5 
          48900         11764.9 
          49100         11698.3 
          49300           11424 
          49500         11269.1 
          49700         11149.1 
          49900         11017.3 
          50100         10707.5 
          50300         10692.1 
          50500         10461.3 
          50700         10377.5 
          50900         10243.6 
          51100         10064.4 
          51300         9987.98 
          51500         9829.15 
          51700         9736.63 
          51900         9558.79 
          52100         9466.94 
          52300         9311.19 
          52500            9211 
          52700         9169.99 
          52900         8921.46 
          53100          8869.9 
          53300         8719.22 
          53500         8653.78 
          53700         8531.82 
          53900         8471.36 
          54100         8344.72 
          54300         8134.39 
          54500         8138.59 
          54700         8024.54 
          54900         7929.57 
          55100         7825.06 
          55300         7809.47 
          55500         7595.03 
          55700         7576.03 
          55900         7479.01 
          56100         7367.25 
          56300         7254.02 
          56500         7219.15 
          56700         7122.74 
          56900         6987.68 
          57100         6967.24 
          57300         6843.99 
          57500         6813.23 
          57700         6691.85 
          57900         6631.08 
          58100         6552.68 
          58300         6450.06 
          58500         6397.99 
          58700         6307.36 
          58900         6236.13 
          59100         6165.74 
          59300         6099.58 
          59500         6021.18 
          59700         5953.97 
          59900         5896.11 
          60100         5836.81 
          60300         5740.64 
          60500         5656.24 
          60700         5611.34 
          60900         5549.07 
          61100         5459.82 
          61300         5433.05 
          61500         5351.27 
          61700         5297.12 
          61900            5238 
          62100         5174.33 
          62300         5117.76 
          62500         5041.64 
          62700          4980.9 
          62900         4935.54 
          63100         4867.04 
          63300         4823.81 
          63500         4745.92 
          63700         4707.16 
          63900         4637.43 
          64200         4549.32 
          64600         4402.15 
          65000         4286.16 
          65400         4184.56 
          65800         4053.97 
          66200         3950.04 
          66600         3877.94 
          67000          3777.8 
          67400         3704.81 
          67800         3603.03 
          68200         3512.79 
          68600         3463.29 
          69000         3381.09 
          69400         3298.74 
          69800         3249.27 
          70200         3157.92 
          70600         3095.78 
          71000         3030.66 
          71400         2971.08 
          71800         2914.24 
          72200         2837.38 
          72600         2781.54 
          73000         2735.87 
          73400         2666.84 
          73800         2620.85 
          74200         2558.11 
          74600         2511.73 
          75000         2463.25 
          75400         2409.94 
          75800         2344.25 
          76200         2294.14 
          76600         2242.51 
          77000         2199.13 
          77400         2137.03 
          77800         2099.36 
          78200         2051.02 
          78600         2007.27 
          79000         1961.82 
          79400         1929.97 
          79800         1885.12 
          80200          1855.7 
          80600         1818.36 
          81000         1783.45 
          81400         1755.56 
          81800         1724.59 
          82200         1690.39 
          82600          1667.6 
          83000         1632.21 
          83400          1599.8 
          83800         1568.63 
          84200         1549.29 
          84600         1517.99 
          85000         1486.17 
          85400         1465.57 
          85800         1438.16 
          86200         1414.81 
          86600          1387.9 
          87000         1367.41 
          87400         1340.08 
          87800         1316.36 
          88200         1293.45 
          88600         1273.02 
          89000         1252.95 
          89400         1230.82 
          89800         1208.62 
          90200         1192.05 
          90600         1172.64 
          91000         1151.75 
          91400         1131.37 
          91800          1114.6 
          92200         1096.04 
          92600         1077.37 
          93000         1061.98 
          93400         1043.57 
          93800         1025.79 
          94200            1010 
          94600          991.63 
          95000         978.205 
          95400         966.087 
          95800         945.147 
          96200         932.459 
          96600         915.305 
          97000         903.368 
          97400         889.529 
          97800         873.526 
          98200         861.891 
          98600         848.712 
          99000         828.644 
          99400         820.007 
          99800         808.264 
         100200         795.745 
         200000         52.5509 
         400000         3.34913 
         600000        0.662616 
         800000        0.209109 
         1.0e+6       0.0853521 
         1.2e+6       0.0410035 
         1.4e+6       0.0220483 
         1.6e+6       0.0128773 
