# Kurucz ODFNEW /NOVER models
# teff = 26000 K (value for the effective temperature for the model. Temperatures are given in K)
# logg = 3.50 log(cm/s2) (value for Log(G) for the model.)
# meta = -0.5  (value for the Metallicity for the model.)
# lh = 1.25  (l/Hp where l is the  mixing length of the convective element and Hp is the pressure scale height)
# vtur = 2.0 km/s (Microturbulence velocity)
#
# column 1: WAVELENGTH (ANGSTROM), Wavelength in Angstrom
# column 2: FLUX (ERG/CM2/S/A), Flux in erg/cm2/s/A
              0               0 
           90.9               0 
           93.5               0 
           96.1               0 
           97.7               0 
           99.6               0 
            102               0 
          103.8               0 
          105.6     1.32502e-22 
          107.7     7.40742e-22 
          110.4     4.57091e-21 
            114     4.33836e-20 
          117.8     4.09528e-19 
          121.3     2.90376e-18 
          124.8     1.87175e-17 
          127.1     6.06639e-17 
          128.4     1.16029e-16 
          130.5     3.22948e-16 
          132.4     7.95829e-16 
          133.9     1.59625e-15 
          136.6     5.41326e-15 
          139.8     2.17857e-14 
          143.3     9.36225e-14 
          147.2     4.41187e-13 
            151     1.86126e-12 
          155.2     8.46395e-12 
          158.8     2.92033e-11 
            162     8.40738e-11 
            166     2.98434e-10 
          170.3      1.09199e-9 
          173.4       2.6773e-9 
          176.8      6.90662e-9 
          180.2      1.71983e-8 
          181.7      2.54418e-8 
          186.1      7.74604e-8 
            191      2.52035e-7 
          193.9       4.9249e-7 
          198.4      1.33905e-6 
          201.8      2.76679e-6 
            205      5.35696e-6 
          210.5       1.5904e-5 
          216.2      4.62748e-5 
          219.8       8.8225e-5 
            223     0.000153779 
          226.8     0.000291815 
            230       0.0660497 
            234        0.153256 
            240        0.325461 
          246.5        0.725843 
          252.4         1.45681 
          256.8           2.163 
            260         3.57137 
            264          5.3769 
          268.5         8.61505 
          273.5         14.0333 
          278.5         22.2141 
            284         40.0658 
            290         66.6514 
            296         108.574 
            301         156.674 
            308         266.039 
            318         616.223 
            328         1167.93 
            338         2280.82 
            348         4142.02 
            357           12054 
            366         21544.5 
            375         31555.6 
            385           50751 
            395         84422.5 
            405          123202 
            414          176562 
            422          228089 
            430          308636 
            441          443636 
            451          596227 
            460          763308 
            470      1.03332e+6 
            480         1.35e+6 
            490      1.76519e+6 
            500       2.2655e+6 
            506      1.33001e+7 
            512       6.0761e+7 
            520       6.4745e+7 
            530      7.13614e+7 
            540      7.21639e+7 
            550      9.78103e+7 
            560      1.14443e+8 
            570      1.30366e+8 
            580      1.24666e+8 
            590      1.54469e+8 
            600      1.64841e+8 
            610      1.89054e+8 
            620      2.10847e+8 
            630      2.23646e+8 
            640      2.20474e+8 
            650      2.06538e+8 
            658      2.55171e+8 
            665      2.84772e+8 
            675      2.93413e+8 
            685      2.94873e+8 
            695      3.62695e+8 
            705      3.59862e+8 
            716      4.07766e+8 
            726      4.18345e+8 
            735      4.32019e+8 
            745      4.78202e+8 
            755      5.00429e+8 
            765      5.30414e+8 
            775      5.61346e+8 
            785      5.97109e+8 
            795      6.16454e+8 
            805      6.35011e+8 
            815       6.4635e+8 
            825      6.95372e+8 
            835      6.33318e+8 
            845      7.17451e+8 
            855      7.33799e+8 
            865       7.7282e+8 
            875      8.14893e+8 
            885      8.64065e+8 
            895      8.96131e+8 
            905      9.01134e+8 
            915      1.39956e+9 
            925      1.0775e+10 
            935     2.01714e+10 
            945     2.97073e+10 
            955     3.23596e+10 
            965     3.58423e+10 
            975     1.12259e+10 
            985     3.02775e+10 
            995     2.91533e+10 
           1005     3.19597e+10 
           1015     3.23935e+10 
           1025     2.27883e+10 
           1035     2.82654e+10 
           1045     3.59679e+10 
           1055     3.36958e+10 
           1065     2.91519e+10 
           1075      3.1814e+10 
           1085     2.90584e+10 
           1095     3.17058e+10 
           1105     2.97599e+10 
           1115     2.93766e+10 
           1125      2.4868e+10 
           1135     2.92675e+10 
           1145     2.71824e+10 
           1155     2.75081e+10 
           1165     2.71539e+10 
           1175     1.82465e+10 
           1185     2.53705e+10 
           1195     2.43298e+10 
           1205     2.02217e+10 
           1215     1.61796e+10 
           1225     2.29255e+10 
           1235     2.43522e+10 
           1245     2.35494e+10 
           1255     2.33961e+10 
           1265     2.35098e+10 
           1275     2.38628e+10 
           1285     2.35134e+10 
           1295     1.97921e+10 
           1305     2.07041e+10 
           1315     2.26619e+10 
           1325     2.15507e+10 
           1335     2.08862e+10 
           1345      2.0873e+10 
           1355     2.07568e+10 
           1365     1.97237e+10 
           1375     1.92533e+10 
           1385     1.88787e+10 
           1395     1.47322e+10 
           1405     1.55996e+10 
           1415     1.73378e+10 
           1425     1.65239e+10 
           1435     1.70121e+10 
           1442     1.72293e+10 
           1447     1.69242e+10 
           1455     1.64311e+10 
           1465     1.56644e+10 
           1475     1.57226e+10 
           1485     1.55447e+10 
           1495     1.51744e+10 
           1505      1.4285e+10 
           1512     1.31989e+10 
           1517     1.35059e+10 
           1525     1.35424e+10 
           1535     1.18392e+10 
           1545     1.15133e+10 
           1555     1.10732e+10 
           1565     1.18806e+10 
           1575     1.24416e+10 
           1585      1.2349e+10 
           1595     1.22543e+10 
           1605     1.18732e+10 
           1615     1.15257e+10 
           1625     1.15399e+10 
           1635     1.18865e+10 
           1645     1.17057e+10 
           1655     1.16954e+10 
           1665      1.1622e+10 
           1672     1.11581e+10 
           1677     1.20878e+10 
           1685     1.16199e+10 
           1695     1.11264e+10 
           1705     1.08434e+10 
           1715     1.03673e+10 
           1725     1.01881e+10 
           1735     1.04039e+10 
           1745     1.02134e+10 
           1755     1.01938e+10 
           1765     1.00314e+10 
           1775      9.56944e+9 
           1785      9.66093e+9 
           1795      9.69904e+9 
           1805      9.71744e+9 
           1815      9.01209e+9 
           1825      9.17263e+9 
           1835      8.98553e+9 
           1845      8.25646e+9 
           1855      8.35261e+9 
           1865       8.4617e+9 
           1875       8.5574e+9 
           1885      7.77512e+9 
           1895      7.28634e+9 
           1905      7.74499e+9 
           1915      7.42226e+9 
           1925      7.05936e+9 
           1935      7.42661e+9 
           1945      7.57381e+9 
           1955      6.86183e+9 
           1967      7.29686e+9 
           1976      7.59437e+9 
           1984       7.0885e+9 
           1995      6.93834e+9 
           2005      7.07987e+9 
           2015       7.0671e+9 
           2025      7.17892e+9 
           2035      6.65015e+9 
           2045      6.67608e+9 
           2055      6.26959e+9 
           2065      6.23691e+9 
           2074      6.55505e+9 
           2078      6.11358e+9 
           2085      6.34595e+9 
           2095      6.11511e+9 
           2105      6.28698e+9 
           2115      6.26749e+9 
           2125      6.31768e+9 
           2135      6.20187e+9 
           2145      5.92834e+9 
           2155      6.08126e+9 
           2165      6.01558e+9 
           2175      5.93115e+9 
           2185      5.80875e+9 
           2195      5.82233e+9 
           2205      5.76327e+9 
           2215       5.6835e+9 
           2225      5.56181e+9 
           2235      5.45748e+9 
           2245      5.46444e+9 
           2255      5.34029e+9 
           2265      5.32965e+9 
           2275      5.26421e+9 
           2285      5.21519e+9 
           2295      4.85835e+9 
           2305      5.05027e+9 
           2315      4.94873e+9 
           2325      4.88788e+9 
           2335      4.79212e+9 
           2345      4.80121e+9 
           2355      4.74652e+9 
           2365      4.69388e+9 
           2375      4.60622e+9 
           2385      4.55292e+9 
           2395       4.4923e+9 
           2405      4.43906e+9 
           2415      4.37571e+9 
           2425      4.34726e+9 
           2435      4.25537e+9 
           2445       4.2289e+9 
           2455      4.19907e+9 
           2465      4.14172e+9 
           2475      4.07886e+9 
           2485      4.01083e+9 
           2495       3.4915e+9 
           2505      3.88753e+9 
           2513      3.76308e+9 
           2518      3.84097e+9 
           2525      3.83147e+9 
           2535      3.79175e+9 
           2545       3.6861e+9 
           2555      3.67779e+9 
           2565      3.64275e+9 
           2575      3.61319e+9 
           2585       3.5675e+9 
           2595      3.52853e+9 
           2605      3.50122e+9 
           2615      3.45355e+9 
           2625      3.41979e+9 
           2635      3.37935e+9 
           2645      3.33396e+9 
           2655      3.30119e+9 
           2665      3.22736e+9 
           2675       3.2028e+9 
           2685      3.19048e+9 
           2695      3.10195e+9 
           2705      3.07635e+9 
           2715      3.05545e+9 
           2725      3.01957e+9 
           2735      2.99345e+9 
           2745      2.95359e+9 
           2755      2.92945e+9 
           2765      2.88086e+9 
           2775      2.87769e+9 
           2785      2.83642e+9 
           2795      2.75492e+9 
           2805      2.76011e+9 
           2815         2.75e+9 
           2825      2.70403e+9 
           2835      2.64337e+9 
           2845      2.65721e+9 
           2855      2.61663e+9 
           2865      2.59569e+9 
           2875      2.56795e+9 
           2885      2.54204e+9 
           2895      2.50877e+9 
           2910      2.46126e+9 
           2930       2.4165e+9 
           2950      2.34791e+9 
           2970      2.31149e+9 
           2990      2.25998e+9 
           3010      2.19507e+9 
           3030      2.16689e+9 
           3050      2.12625e+9 
           3070      2.08569e+9 
           3090      2.01786e+9 
           3110      1.99748e+9 
           3130      1.95243e+9 
           3150      1.91495e+9 
           3170      1.87295e+9 
           3190      1.82825e+9 
           3210      1.80152e+9 
           3230      1.76205e+9 
           3250      1.73134e+9 
           3270      1.69507e+9 
           3290      1.66067e+9 
           3310       1.6309e+9 
           3330      1.59683e+9 
           3350      1.56563e+9 
           3370      1.53623e+9 
           3390      1.50943e+9 
           3410      1.48122e+9 
           3430      1.44757e+9 
           3450      1.41576e+9 
           3470      1.39155e+9 
           3490      1.36488e+9 
           3510      1.34463e+9 
           3530      1.32284e+9 
           3550      1.29806e+9 
           3570      1.27879e+9 
           3590      1.24623e+9 
           3610      1.22491e+9 
           3630      1.20336e+9 
           3640      1.20009e+9 
           3650      1.17404e+9 
           3670      1.15898e+9 
           3690       1.1296e+9 
           3710      1.09674e+9 
           3730      1.06687e+9 
           3750       1.1264e+9 
           3770      1.11846e+9 
           3790      1.14442e+9 
           3810      1.17394e+9 
           3830      1.05875e+9 
           3850      1.17407e+9 
           3870      1.15266e+9 
           3890      1.00969e+9 
           3910      1.13307e+9 
           3930       1.1009e+9 
           3950      1.08961e+9 
           3970       9.3546e+8 
           3990       1.0529e+9 
           4010      1.03816e+9 
           4030      9.97191e+8 
           4050       1.0071e+9 
           4070       9.7423e+8 
           4090       9.3225e+8 
           4110      8.50047e+8 
           4130      9.25696e+8 
           4150      9.15899e+8 
           4170      9.07286e+8 
           4190      8.93432e+8 
           4210      8.82073e+8 
           4230      8.66064e+8 
           4250      8.47276e+8 
           4270      8.27289e+8 
           4290      8.17855e+8 
           4310      7.99816e+8 
           4330      7.58286e+8 
           4350      7.02036e+8 
           4370      7.61809e+8 
           4390      7.47221e+8 
           4410      7.42163e+8 
           4430      7.33041e+8 
           4450      7.21804e+8 
           4470      6.94637e+8 
           4490      6.99395e+8 
           4510      6.90596e+8 
           4530       6.7983e+8 
           4550      6.68369e+8 
           4570      6.57499e+8 
           4590      6.47132e+8 
           4610      6.36124e+8 
           4630      6.26632e+8 
           4650      6.07751e+8 
           4670      6.07065e+8 
           4690       5.9957e+8 
           4710      5.82074e+8 
           4730       5.8154e+8 
           4750      5.71911e+8 
           4770      5.67375e+8 
           4790      5.58558e+8 
           4810      5.49184e+8 
           4830      5.39575e+8 
           4850      5.17454e+8 
           4870      4.72515e+8 
           4890      5.16995e+8 
           4910      5.10648e+8 
           4930      4.95416e+8 
           4950      4.94604e+8 
           4970      4.89687e+8 
           4990      4.82363e+8 
           5010       4.6776e+8 
           5030      4.68468e+8 
           5050      4.59345e+8 
           5070       4.5561e+8 
           5090      4.48924e+8 
           5110      4.42476e+8 
           5130      4.35311e+8 
           5150      4.29492e+8 
           5170       4.2423e+8 
           5190      4.18687e+8 
           5210      4.12757e+8 
           5230      4.07142e+8 
           5250      4.01599e+8 
           5270      3.95858e+8 
           5290      3.90782e+8 
           5310      3.85347e+8 
           5330      3.80311e+8 
           5350      3.75079e+8 
           5370      3.70226e+8 
           5390      3.65072e+8 
           5410      3.60279e+8 
           5430      3.55572e+8 
           5450      3.50787e+8 
           5470      3.46173e+8 
           5490       3.4162e+8 
           5510      3.37344e+8 
           5530      3.32728e+8 
           5550      3.28632e+8 
           5570      3.24274e+8 
           5590      3.20148e+8 
           5610      3.16005e+8 
           5630      3.12015e+8 
           5650      3.07698e+8 
           5670      3.03129e+8 
           5690      2.98477e+8 
           5710      2.95973e+8 
           5730      2.92339e+8 
           5750      2.88087e+8 
           5770      2.85256e+8 
           5790      2.81569e+8 
           5810      2.78094e+8 
           5830       2.7436e+8 
           5850      2.71166e+8 
           5870      2.61844e+8 
           5890      2.63576e+8 
           5910      2.61018e+8 
           5930      2.57589e+8 
           5950      2.54424e+8 
           5970      2.51929e+8 
           5990      2.48444e+8 
           6010      2.45719e+8 
           6030      2.42569e+8 
           6050      2.39773e+8 
           6070       2.3703e+8 
           6090      2.34196e+8 
           6110      2.31424e+8 
           6130      2.28704e+8 
           6150      2.25655e+8 
           6170      2.23106e+8 
           6190      2.20614e+8 
           6210      2.18092e+8 
           6230      2.15558e+8 
           6250      2.12927e+8 
           6270      2.10507e+8 
           6290      2.08104e+8 
           6310      2.05642e+8 
           6330      2.03329e+8 
           6350      2.00854e+8 
           6370      1.98666e+8 
           6390      1.96364e+8 
           6410      1.94141e+8 
           6430      1.91969e+8 
           6450      1.89776e+8 
           6470       1.8738e+8 
           6490      1.85306e+8 
           6510      1.83387e+8 
           6530      1.81081e+8 
           6550      1.76359e+8 
           6570      1.59769e+8 
           6590      1.74043e+8 
           6610      1.73276e+8 
           6630       1.7146e+8 
           6650      1.69562e+8 
           6670      1.66548e+8 
           6690      1.64754e+8 
           6710      1.64133e+8 
           6730      1.62153e+8 
           6750       1.6059e+8 
           6770      1.58853e+8 
           6790      1.56709e+8 
           6810      1.55368e+8 
           6830      1.53684e+8 
           6850      1.52089e+8 
           6870      1.50463e+8 
           6890      1.48773e+8 
           6910      1.47132e+8 
           6930      1.45703e+8 
           6950      1.44172e+8 
           6970      1.42648e+8 
           6990      1.41131e+8 
           7010      1.39652e+8 
           7030      1.38173e+8 
           7050      1.36738e+8 
           7070      1.33425e+8 
           7090       1.3391e+8 
           7110      1.32308e+8 
           7130      1.31004e+8 
           7150      1.29786e+8 
           7170      1.28433e+8 
           7190      1.27136e+8 
           7210       1.2583e+8 
           7230       1.2355e+8 
           7250      1.23155e+8 
           7270      1.22016e+8 
           7290      1.19915e+8 
           7310      1.19534e+8 
           7330      1.18336e+8 
           7350      1.17156e+8 
           7370      1.15987e+8 
           7390      1.14822e+8 
           7410      1.13675e+8 
           7430      1.12538e+8 
           7450      1.11433e+8 
           7470      1.10148e+8 
           7490      1.09218e+8 
           7510      1.08116e+8 
           7530      1.07071e+8 
           7550      1.06042e+8 
           7570      1.05002e+8 
           7590      1.03979e+8 
           7610      1.02906e+8 
           7630      1.01953e+8 
           7650       1.0097e+8 
           7670      9.99958e+7 
           7690      9.90241e+7 
           7710      9.80672e+7 
           7730      9.71193e+7 
           7750      9.61983e+7 
           7770      9.52045e+7 
           7790       9.4375e+7 
           7810      9.34228e+7 
           7830      9.25897e+7 
           7850      9.17761e+7 
           7870      9.08662e+7 
           7890      8.99281e+7 
           7910       8.9179e+7 
           7930      8.83222e+7 
           7950      8.74671e+7 
           7970      8.65603e+7 
           7990       8.5791e+7 
           8010      8.49402e+7 
           8030      8.41907e+7 
           8050      8.34589e+7 
           8070      8.26986e+7 
           8090      8.18182e+7 
           8110      8.09512e+7 
           8130      8.04679e+7 
           8150      7.96027e+7 
           8170      7.90271e+7 
           8190      7.81361e+7 
           8210       7.7225e+7 
           8230      7.66332e+7 
           8250      7.60738e+7 
           8270      7.49187e+7 
           8290       7.4618e+7 
           8310      7.39756e+7 
           8330      7.33005e+7 
           8350      7.23444e+7 
           8370      7.18378e+7 
           8390      7.12924e+7 
           8410      7.06236e+7 
           8430      6.99335e+7 
           8450      6.89487e+7 
           8470      6.84765e+7 
           8490      6.81281e+7 
           8510      6.69862e+7 
           8530      6.71229e+7 
           8550      6.50418e+7 
           8570      6.67236e+7 
           8590      6.39982e+7 
           8610      6.35743e+7 
           8630      6.55106e+7 
           8650      6.38891e+7 
           8670      5.97303e+7 
           8690      6.39508e+7 
           8710      6.39253e+7 
           8730      6.23182e+7 
           8750      5.69702e+7 
           8770      6.07811e+7 
           8790      6.18993e+7 
           8810      6.14146e+7 
           8830      6.07889e+7 
           8850      5.80083e+7 
           8870      5.40745e+7 
           8890      5.89701e+7 
           8910      5.88765e+7 
           8930      5.84146e+7 
           8950      5.80644e+7 
           8970      5.75155e+7 
           8990      5.62998e+7 
           9010      5.12375e+7 
           9030       5.3575e+7 
           9050      5.54223e+7 
           9070      5.47706e+7 
           9090      5.46072e+7 
           9110      5.43044e+7 
           9130      5.38814e+7 
           9150      5.34344e+7 
           9170      5.28702e+7 
           9190      5.24172e+7 
           9210       5.0751e+7 
           9230      4.58658e+7 
           9250      5.01367e+7 
           9270      5.06307e+7 
           9290       5.0435e+7 
           9310      4.98447e+7 
           9330      4.95404e+7 
           9350      4.91908e+7 
           9370      4.88266e+7 
           9390      4.84393e+7 
           9410      4.80336e+7 
           9430      4.76565e+7 
           9450      4.72776e+7 
           9470       4.6675e+7 
           9490      4.65035e+7 
           9510      4.56626e+7 
           9530      4.43345e+7 
           9550       4.0338e+7 
           9570      4.43801e+7 
           9590      4.45926e+7 
           9610      4.42236e+7 
           9630      4.38003e+7 
           9650      4.36675e+7 
           9670       4.3326e+7 
           9690      4.29546e+7 
           9710      4.25061e+7 
           9730      4.23157e+7 
           9750      4.19877e+7 
           9770      4.16622e+7 
           9790      4.13387e+7 
           9810       4.1002e+7 
           9830      4.07028e+7 
           9850      4.03862e+7 
           9870      4.00682e+7 
           9890      3.97444e+7 
           9910      3.93424e+7 
           9930      3.91649e+7 
           9950       3.8863e+7 
           9970      3.85596e+7 
           9990      3.82733e+7 
          10025      3.67405e+7 
          10075      3.55956e+7 
          10125      3.62776e+7 
          10175      3.56948e+7 
          10225        3.502e+7 
          10275      3.43883e+7 
          10325      3.36502e+7 
          10375      3.31412e+7 
          10425      3.25389e+7 
          10475      3.19501e+7 
          10525      3.13718e+7 
          10575      3.08115e+7 
          10625      3.02614e+7 
          10675      2.96777e+7 
          10725      2.91976e+7 
          10775      2.86829e+7 
          10825       2.7899e+7 
          10875       2.7667e+7 
          10925      2.56231e+7 
          10975       2.6432e+7 
          11025      2.61478e+7 
          11075      2.58164e+7 
          11125       2.5381e+7 
          11175      2.49501e+7 
          11225      2.45155e+7 
          11275      2.41091e+7 
          11325      2.36958e+7 
          11375      2.33095e+7 
          11425       2.2918e+7 
          11475      2.25419e+7 
          11525        2.217e+7 
          11575      2.18007e+7 
          11625      2.14454e+7 
          11675      2.10899e+7 
          11725      2.07545e+7 
          11775       2.0417e+7 
          11825      2.00882e+7 
          11875      1.97663e+7 
          11925      1.94501e+7 
          11975      1.90072e+7 
          12025      1.88359e+7 
          12075      1.85387e+7 
          12125      1.82464e+7 
          12175      1.79601e+7 
          12225      1.76797e+7 
          12275      1.74044e+7 
          12325      1.71345e+7 
          12375      1.68697e+7 
          12425      1.66104e+7 
          12475      1.63521e+7 
          12525      1.60739e+7 
          12575       1.5858e+7 
          12625      1.56182e+7 
          12675      1.53848e+7 
          12725      1.51531e+7 
          12775      1.47448e+7 
          12825      1.38676e+7 
          12875      1.44478e+7 
          12925      1.42699e+7 
          12975      1.39832e+7 
          13025        1.385e+7 
          13075      1.36496e+7 
          13125      1.34504e+7 
          13175      1.32543e+7 
          13225      1.30623e+7 
          13275      1.28737e+7 
          13325      1.26873e+7 
          13375      1.25043e+7 
          13425      1.23161e+7 
          13475      1.21516e+7 
          13525      1.19773e+7 
          13575      1.18095e+7 
          13625      1.16406e+7 
          13675      1.14797e+7 
          13725      1.13168e+7 
          13775      1.11617e+7 
          13825      1.10066e+7 
          13875       1.0854e+7 
          13925       1.0701e+7 
          13975      1.05561e+7 
          14025      1.04109e+7 
          14075      1.02703e+7 
          14125        1.013e+7 
          14175       9.9928e+6 
          14225       9.8579e+6 
          14275      9.72479e+6 
          14325      9.59423e+6 
          14375      9.46562e+6 
          14425      9.33964e+6 
          14475      9.21556e+6 
          14525      9.09292e+6 
          14570      8.98502e+6 
          14620      8.86375e+6 
          14675      8.73673e+6 
          14725      8.62293e+6 
          14775      8.51066e+6 
          14825      8.40108e+6 
          14875      8.29277e+6 
          14925      8.18604e+6 
          14975      8.08091e+6 
          15025      7.97649e+6 
          15075      7.86134e+6 
          15125      7.77353e+6 
          15175      7.67349e+6 
          15225      7.57797e+6 
          15275      7.47532e+6 
          15325        7.379e+6 
          15375      7.29521e+6 
          15425      7.18198e+6 
          15475       7.1147e+6 
          15525      7.02645e+6 
          15575      6.89211e+6 
          15625      6.87646e+6 
          15675      6.74863e+6 
          15725       6.6226e+6 
          15775      6.63519e+6 
          15825      6.55121e+6 
          15875      6.30775e+6 
          15925      6.37056e+6 
          15975      6.33075e+6 
          16050      6.19419e+6 
          16150      5.95553e+6 
          16250      5.94096e+6 
          16350       5.7618e+6 
          16450      5.53021e+6 
          16550      5.53318e+6 
          16650      5.40508e+6 
          16750      5.24121e+6 
          16850      5.02701e+6 
          16950      5.04155e+6 
          17050      4.90574e+6 
          17150      4.81668e+6 
          17250      4.70794e+6 
          17350      4.45384e+6 
          17450       4.4929e+6 
          17550      4.40269e+6 
          17650      4.30628e+6 
          17750      4.21232e+6 
          17850      4.11939e+6 
          17950      4.03212e+6 
          18050      3.94512e+6 
          18150      3.73913e+6 
          18250       3.7632e+6 
          18350      3.69971e+6 
          18450      3.62185e+6 
          18550      3.54349e+6 
          18650      3.45199e+6 
          18750       3.2916e+6 
          18850       3.3295e+6 
          18950      3.26171e+6 
          19050      3.18592e+6 
          19150      3.13139e+6 
          19250      3.06835e+6 
          19350      3.00431e+6 
          19450      2.83945e+6 
          19550      2.88204e+6 
          19650      2.83112e+6 
          19750      2.77538e+6 
          19850       2.7211e+6 
          19950      2.66805e+6 
          20050      2.61638e+6 
          20150      2.56589e+6 
          20250      2.51663e+6 
          20350      2.46849e+6 
          20450      2.42081e+6 
          20550      2.37099e+6 
          20650      2.33094e+6 
          20750      2.28727e+6 
          20850      2.24458e+6 
          20950      2.20286e+6 
          21050        2.162e+6 
          21150      2.11466e+6 
          21250      2.08345e+6 
          21350      2.04539e+6 
          21450      2.00777e+6 
          21550      1.97044e+6 
          21650      1.86355e+6 
          21750      1.89806e+6 
          21850      1.86668e+6 
          21950      1.83462e+6 
          22050      1.80221e+6 
          22150      1.77046e+6 
          22250      1.73906e+6 
          22350      1.70905e+6 
          22450      1.67936e+6 
          22550      1.65027e+6 
          22650      1.62178e+6 
          22750      1.59401e+6 
          22850      1.56653e+6 
          22950      1.53996e+6 
          23050      1.51358e+6 
          23150      1.48844e+6 
          23250      1.46347e+6 
          23350      1.43901e+6 
          23450      1.41504e+6 
          23550      1.39164e+6 
          23650      1.36865e+6 
          23750      1.34613e+6 
          23850      1.32407e+6 
          23950      1.30239e+6 
          24050       1.2811e+6 
          24150      1.26018e+6 
          24250      1.24013e+6 
          24350      1.21986e+6 
          24450      1.20001e+6 
          24550       1.1815e+6 
          24650      1.16196e+6 
          24750      1.14188e+6 
          24850       1.1271e+6 
          24950      1.10513e+6 
          25050      1.09224e+6 
          25150      1.07548e+6 
          25250      1.05191e+6 
          25350      1.04198e+6 
          25450      1.02898e+6 
          25550      1.01044e+6 
          25650          984881 
          25750          980942 
          25850          967616 
          25950          953010 
          26050          934216 
          26150          905325 
          26250          875040 
          26350          894563 
          26450          883881 
          26550          870019 
          26650          855866 
          26750          823734 
          26850          830620 
          26950          820889 
          27050          809011 
          27150          797289 
          27250          785816 
          27350          774490 
          27450          762909 
          27550          732660 
          27650          735649 
          27750          731335 
          27850          720992 
          27950          710877 
          28050          700885 
          28150          691112 
          28250          681506 
          28350          672069 
          28450          662742 
          28550          653350 
          28650          641223 
          28750          615120 
          28850          626479 
          28950          618652 
          29050          610294 
          29150          602034 
          29250          593919 
          29350          585986 
          29450          578147 
          29550          570445 
          29650          562875 
          29750          555393 
          29850          548084 
          29950          540862 
          30050          533804 
          30150          526747 
          30250          519729 
          30350          499130 
          30450          499475 
          30550          500006 
          30650          493578 
          30750          487187 
          30850          481026 
          30950          474934 
          31050          468908 
          31150          462952 
          31250          457100 
          31350          451392 
          31450          445707 
          31550          440161 
          31650          434675 
          31750          429288 
          31850          423961 
          31950          418729 
          32100          411021 
          32300          401035 
          32500          391337 
          32700          381948 
          32900          364440 
          33100          362491 
          33300          355023 
          33500          346803 
          33700          338718 
          33900          330899 
          34100          323269 
          34300          315867 
          34500          308672 
          34700          301681 
          34900          294890 
          35100          288282 
          35300          281859 
          35500          275601 
          35700          269504 
          35900          263771 
          36100          257809 
          36300          252623 
          36500          246760 
          36700          242061 
          36900          236122 
          37100          231385 
          37300          224334 
          37500          218047 
          37700          217404 
          37900          213012 
          38100          207890 
          38300          203755 
          38500          200119 
          38700          196038 
          38900          191919 
          39100          186715 
          39300          184403 
          39500          180717 
          39700          177125 
          39900          173619 
          40100          169333 
          40300          165237 
          40500          160242 
          40700          160404 
          40900          157337 
          41100          154313 
          41300          151243 
          41500          148413 
          41700          143307 
          41900          142805 
          42100          140234 
          42300          137612 
          42500          134989 
          42700          132552 
          42900          129900 
          43100          127722 
          43300          125387 
          43500          123106 
          43700          118813 
          43900          118247 
          44100          116571 
          44300          114488 
          44500          112453 
          44700          110576 
          44900          108627 
          45100          106721 
          45300          104856 
          45500          103031 
          45700          101246 
          45900         99498.4 
          46100         97753.9 
          46300         96029.2 
          46500         91931.1 
          46700         90642.6 
          46900         90960.6 
          47100         89770.2 
          47300         88268.5 
          47500         86795.3 
          47700         85353.6 
          47900         83941.3 
          48100         82557.4 
          48300         81203.6 
          48500         79875.2 
          48700         78575.6 
          48900         77300.9 
          49100           76052 
          49300         74828.8 
          49500         73630.2 
          49700         72454.7 
          49900         71303.2 
          50100         70175.1 
          50300         69067.4 
          50500         67983.6 
          50700         66919.1 
          50900         65850.6 
          51100         64718.6 
          51300         62255.2 
          51500         62782.5 
          51700         61832.5 
          51900         60954.1 
          52100         60026.2 
          52300         59114.9 
          52500         58197.8 
          52700         57255.3 
          52900         56482.4 
          53100         55638.2 
          53300         54810.5 
          53500         53995.9 
          53700         53100.7 
          53900         52331.2 
          54100         51643.7 
          54300         50889.8 
          54500         50147.8 
          54700         49419.3 
          54900         48703.7 
          55100         47951.2 
          55300         47102.2 
          55500         46634.8 
          55700         45970.5 
          55900         45316.6 
          56100         44674.5 
          56300         44043.7 
          56500         43424.3 
          56700         42816.4 
          56900         42200.6 
          57100         41309.3 
          57300         41013.4 
          57500         40484.6 
          57700         39927.3 
          57900         39378.6 
          58100         38840.2 
          58300         38310.5 
          58500         37813.4 
          58700         37300.2 
          58900         36697.9 
          59100         35308.7 
          59300         35714.9 
          59500           34942 
          59700         34700.7 
          59900         34402.4 
          60100         33947.3 
          60300         33499.7 
          60500         33059.3 
          60700         32626.1 
          60900         32199.8 
          61100         31780.7 
          61300         31368.2 
          61500         30962.3 
          61700         30562.9 
          61900         30169.9 
          62100         29782.6 
          62300         29402.4 
          62500         29027.4 
          62700         28609.6 
          62900           27790 
          63100         27855.4 
          63300         27588.5 
          63500         27242.1 
          63700         26902.4 
          63900         26567.2 
          64200         26073.6 
          64600           25434 
          65000         24813.4 
          65400         24212.2 
          65800           23629 
          66200         23062.3 
          66600         22513.5 
          67000         21980.3 
          67400           21439 
          67800           20700 
          68200         20472.5 
          68600         19999.8 
          69000           19540 
          69400         19092.5 
          69800         18658.5 
          70200           18237 
          70600         17826.9 
          71000         17427.8 
          71400         17040.2 
          71800         16663.8 
          72200         16296.8 
          72600         15930.5 
          73000         15593.8 
          73400         15256.4 
          73800         14927.6 
          74200         14584.4 
          74600           14054 
          75000         13626.6 
          75400         13674.6 
          75800         13412.6 
          76200         13133.3 
          76600           12861 
          77000         12595.6 
          77400         12336.8 
          77800         12043.5 
          78200         11839.3 
          78600         11599.6 
          79000         11366.5 
          79400         11138.7 
          79800         10916.7 
          80200         10700.3 
          80600         10489.4 
          81000         10283.3 
          81400         10039.7 
          81800         9872.56 
          82200         9694.75 
          82600         9508.31 
          83000         9326.12 
          83400         9148.05 
          83800         8974.56 
          84200         8804.45 
          84600         8638.76 
          85000         8477.35 
          85400         8319.09 
          85800         8164.94 
          86200         8013.78 
          86600         7800.27 
          87000         7717.26 
          87400         7515.11 
          87800         7378.37 
          88200         7310.14 
          88600         7178.56 
          89000         7050.43 
          89400         6924.79 
          89800         6801.57 
          90200         6681.65 
          90600         6564.05 
          91000         6449.14 
          91400         6336.89 
          91800         6226.81 
          92200         6119.27 
          92600         6013.81 
          93000         5910.77 
          93400         5809.74 
          93800         5648.09 
          94200         5600.66 
          94600         5520.14 
          95000         5427.41 
          95400         5336.46 
          95800         5247.66 
          96200         5160.96 
          96600         5075.94 
          97000         4992.11 
          97400         4910.69 
          97800         4830.44 
          98200         4752.07 
          98600         4672.54 
          99000         4599.87 
          99400         4525.94 
          99800         4453.81 
         100200         4383.03 
         200000         272.819 
         400000         16.7499 
         600000          3.2675 
         800000         1.02382 
         1.0e+6        0.415947 
         1.2e+6        0.199204 
         1.4e+6        0.106874 
         1.6e+6       0.0623152 
