# Kurucz ODFNEW /NOVER models
# teff = 4250 K (value for the effective temperature for the model. Temperatures are given in K)
# logg = 1.00 log(cm/s2) (value for Log(G) for the model.)
# meta = -0.5  (value for the Metallicity for the model.)
# lh = 1.25  (l/Hp where l is the  mixing length of the convective element and Hp is the pressure scale height)
# vtur = 2.0 km/s (Microturbulence velocity)
#
# column 1: WAVELENGTH (ANGSTROM), Wavelength in Angstrom
# column 2: FLUX (ERG/CM2/S/A), Flux in erg/cm2/s/A
              0               0 
           90.9               0 
           93.5               0 
           96.1               0 
           97.7               0 
           99.6               0 
            102               0 
          103.8               0 
          105.6               0 
          107.7               0 
          110.4               0 
            114               0 
          117.8               0 
          121.3               0 
          124.8               0 
          127.1               0 
          128.4               0 
          130.5               0 
          132.4               0 
          133.9               0 
          136.6               0 
          139.8               0 
          143.3               0 
          147.2               0 
            151               0 
          155.2               0 
          158.8               0 
            162               0 
            166               0 
          170.3               0 
          173.4               0 
          176.8               0 
          180.2               0 
          181.7               0 
          186.1               0 
            191               0 
          193.9               0 
          198.4               0 
          201.8               0 
            205               0 
          210.5               0 
          216.2               0 
          219.8               0 
            223               0 
          226.8               0 
            230               0 
            234               0 
            240               0 
          246.5               0 
          252.4               0 
          256.8               0 
            260               0 
            264               0 
          268.5               0 
          273.5               0 
          278.5               0 
            284               0 
            290               0 
            296               0 
            301               0 
            308               0 
            318               0 
            328               0 
            338               0 
            348               0 
            357               0 
            366               0 
            375               0 
            385               0 
            395               0 
            405               0 
            414               0 
            422               0 
            430               0 
            441               0 
            451               0 
            460               0 
            470               0 
            480               0 
            490               0 
            500               0 
            506               0 
            512               0 
            520               0 
            530               0 
            540               0 
            550               0 
            560               0 
            570               0 
            580               0 
            590               0 
            600               0 
            610               0 
            620               0 
            630               0 
            640               0 
            650               0 
            658               0 
            665               0 
            675               0 
            685               0 
            695               0 
            705               0 
            716               0 
            726               0 
            735               0 
            745               0 
            755               0 
            765               0 
            775               0 
            785               0 
            795               0 
            805               0 
            815      2.6386e-25 
            825     6.07805e-25 
            835     1.37076e-24 
            845      3.0285e-24 
            855     6.55829e-24 
            865     1.39338e-23 
            875     2.90505e-23 
            885     5.95574e-23 
            895     1.20009e-22 
            905     2.37627e-22 
            915       3.687e-17 
            925     1.20444e-16 
            935     1.72032e-16 
            945     3.26231e-16 
            955     6.05973e-16 
            965     1.04929e-15 
            975     1.20015e-15 
            985     3.12411e-15 
            995     5.34257e-15 
           1005     7.65004e-15 
           1015     9.93803e-15 
           1025     2.00495e-14 
           1035     4.55076e-14 
           1045     7.19082e-14 
           1055     9.08737e-14 
           1065     2.04713e-13 
           1075     2.96123e-13 
           1085     4.90263e-13 
           1095     6.58242e-13 
           1105     9.58407e-13 
           1115     1.33447e-12 
           1125     2.64929e-12 
           1135     4.64367e-12 
           1145     7.04108e-12 
           1155      9.9154e-12 
           1165     1.31279e-11 
           1175     1.88757e-11 
           1185     2.45286e-11 
           1195      1.7982e-11 
           1205     1.72966e-11 
           1215     8.47768e-12 
           1225     3.67561e-11 
           1235     7.43296e-11 
           1245     1.61957e-10 
           1255     2.67223e-10 
           1265     3.87506e-10 
           1275      5.7883e-10 
           1285     6.57307e-10 
           1295     9.57852e-10 
           1305      1.21804e-9 
           1315      1.75866e-9 
           1325      2.19842e-9 
           1335      2.75325e-9 
           1345      3.78119e-9 
           1355      5.29466e-9 
           1365       6.4819e-9 
           1375      8.18967e-9 
           1385      1.04036e-8 
           1395       1.2449e-8 
           1405      1.91168e-8 
           1415      2.44283e-8 
           1425      3.05743e-8 
           1435      4.20267e-8 
           1442      5.62405e-8 
           1447      5.20023e-8 
           1455      6.84726e-8 
           1465      9.50891e-8 
           1475      1.13262e-7 
           1485       1.3482e-7 
           1495      2.10141e-7 
           1505      2.86561e-7 
           1512      2.15082e-7 
           1517      3.34937e-7 
           1525      4.77081e-7 
           1535      1.21167e-6 
           1545      1.05042e-6 
           1555      1.66629e-6 
           1565      1.62338e-6 
           1575      4.17731e-6 
           1585      4.17215e-6 
           1595      3.91445e-6 
           1605      4.20762e-6 
           1615      4.37247e-6 
           1625       4.7277e-6 
           1635      6.66136e-6 
           1645      9.58691e-6 
           1655      8.61478e-6 
           1665      1.42907e-5 
           1672      1.16623e-5 
           1677      1.93219e-5 
           1685      2.74027e-5 
           1695      4.29821e-5 
           1705      4.96432e-5 
           1715      5.44174e-5 
           1725      8.24669e-5 
           1735      9.79938e-5 
           1745     0.000142773 
           1755     0.000137579 
           1765     0.000225308 
           1775     0.000168718 
           1785     0.000451595 
           1795     0.000294425 
           1805     0.000815942 
           1815     0.000414799 
           1825     0.000818958 
           1835     0.000633159 
           1845      0.00124838 
           1855     0.000659903 
           1865       0.0018975 
           1875      0.00147161 
           1885      0.00222578 
           1895      0.00275795 
           1905      0.00295725 
           1915      0.00493416 
           1925       0.0035067 
           1935      0.00260254 
           1945      0.00576705 
           1955      0.00990907 
           1967      0.00988494 
           1976       0.0127272 
           1984       0.0191215 
           1995       0.0143204 
           2005       0.0175591 
           2015       0.0199137 
           2025       0.0177937 
           2035       0.0221132 
           2045       0.0223469 
           2055       0.0301702 
           2065       0.0252831 
           2074       0.0203978 
           2078       0.0330185 
           2085       0.0448969 
           2095       0.0839875 
           2105       0.0904114 
           2115       0.0643148 
           2125       0.0753082 
           2135        0.160197 
           2145       0.0799319 
           2155        0.152452 
           2165        0.119653 
           2175        0.156247 
           2185        0.111893 
           2195        0.416529 
           2205        0.226804 
           2215         0.43156 
           2225         0.28513 
           2235         1.45346 
           2245         1.12637 
           2255         2.10923 
           2265        0.274032 
           2275         2.01903 
           2285         1.03937 
           2295         3.51567 
           2305        0.277579 
           2315         5.99291 
           2325         1.88873 
           2335         7.13836 
           2345         3.30341 
           2355          1.2511 
           2365         3.07704 
           2375         2.27977 
           2385         9.15362 
           2395         6.86926 
           2405         20.2583 
           2415         6.55958 
           2425         17.6724 
           2435         26.6344 
           2445         49.3851 
           2455         60.8135 
           2465         19.3498 
           2475         36.6035 
           2485         2.68064 
           2495         7.62717 
           2505         29.2846 
           2513         11.8952 
           2518         7.69049 
           2525         12.2385 
           2535         109.844 
           2545          135.86 
           2555          309.77 
           2565         102.743 
           2575         289.612 
           2585         123.068 
           2595         181.774 
           2605         256.149 
           2615          189.83 
           2625         426.734 
           2635         1224.89 
           2645         1249.52 
           2655         2769.75 
           2665         1652.16 
           2675         1401.81 
           2685         2249.18 
           2695         943.663 
           2705            2296 
           2715         1296.56 
           2725         632.295 
           2735         962.448 
           2745         1012.59 
           2755          1243.7 
           2765         2171.42 
           2775         2652.65 
           2785         1145.51 
           2795          504.62 
           2805         628.968 
           2815         1836.53 
           2825          2242.5 
           2835         1404.55 
           2845         421.976 
           2855         75.6877 
           2865         1014.27 
           2875         2244.58 
           2885          4749.4 
           2895         8021.85 
           2910         12389.1 
           2930         12637.4 
           2950         10283.5 
           2970         10661.8 
           2990         10687.8 
           3010         9095.91 
           3030         14196.2 
           3050         16071.5 
           3070         26187.1 
           3090         31492.9 
           3110         48298.4 
           3130         39626.9 
           3150         49380.3 
           3170         62817.6 
           3190         54609.9 
           3210         59338.8 
           3230         44826.8 
           3250           77511 
           3270          107073 
           3290          115921 
           3310         96767.6 
           3330         98452.1 
           3350         87645.8 
           3370         59115.8 
           3390         70002.1 
           3410         87238.7 
           3430          110753 
           3450          104538 
           3470          113830 
           3490          137905 
           3510          154351 
           3530          125963 
           3550          160339 
           3570           81161 
           3590         92869.4 
           3610          150040 
           3630          183578 
           3640          202883 
           3650          214795 
           3670          247972 
           3690          234287 
           3710          239095 
           3730          113973 
           3750          140217 
           3770          207151 
           3790          212165 
           3810          183848 
           3830         82820.1 
           3850          103583 
           3870          113105 
           3890          202607 
           3910          237626 
           3930         68838.9 
           3950          165479 
           3970           95879 
           3990          357844 
           4010          473486 
           4030          458083 
           4050          444772 
           4070          420057 
           4090          543224 
           4110          497940 
           4130          455825 
           4150          408764 
           4170          419413 
           4190          434903 
           4210          477267 
           4230          518767 
           4250          564476 
           4270          536452 
           4290          485199 
           4310          411225 
           4330          660674 
           4350          658854 
           4370          705921 
           4390          636169 
           4410          690578 
           4430          785504 
           4450          801039 
           4470          877621 
           4490          927153 
           4510      1.06653e+6 
           4530          932918 
           4550          973048 
           4570      1.06378e+6 
           4590      1.03849e+6 
           4610      1.09551e+6 
           4630      1.08528e+6 
           4650      1.09903e+6 
           4670      1.15094e+6 
           4690      1.14044e+6 
           4710      1.12465e+6 
           4730      1.16687e+6 
           4750      1.22604e+6 
           4770      1.24072e+6 
           4790      1.23013e+6 
           4810      1.23904e+6 
           4830      1.26328e+6 
           4850      1.22929e+6 
           4870      1.17078e+6 
           4890      1.27415e+6 
           4910      1.27445e+6 
           4930      1.25286e+6 
           4950      1.34643e+6 
           4970       1.3225e+6 
           4990      1.23369e+6 
           5010       1.1788e+6 
           5030      1.25328e+6 
           5050      1.25581e+6 
           5070      1.31452e+6 
           5090      1.22283e+6 
           5110      1.26213e+6 
           5130       1.2086e+6 
           5150      1.17496e+6 
           5170       1.1247e+6 
           5190      1.20149e+6 
           5210      1.24429e+6 
           5230      1.33474e+6 
           5250      1.37338e+6 
           5270      1.24853e+6 
           5290      1.41085e+6 
           5310      1.50967e+6 
           5330      1.35355e+6 
           5350       1.4852e+6 
           5370      1.50173e+6 
           5390      1.44055e+6 
           5410       1.4379e+6 
           5430       1.4433e+6 
           5450      1.53812e+6 
           5470      1.48799e+6 
           5490      1.47954e+6 
           5510      1.47428e+6 
           5530      1.53472e+6 
           5550      1.57333e+6 
           5570      1.54141e+6 
           5590       1.4999e+6 
           5610      1.57409e+6 
           5630      1.55806e+6 
           5650      1.57348e+6 
           5670      1.53311e+6 
           5690      1.59274e+6 
           5710       1.5147e+6 
           5730      1.65572e+6 
           5750      1.60583e+6 
           5770      1.64077e+6 
           5790      1.56405e+6 
           5810      1.64158e+6 
           5830      1.69562e+6 
           5850      1.64683e+6 
           5870      1.65739e+6 
           5890       1.4824e+6 
           5910      1.63762e+6 
           5930      1.64395e+6 
           5950      1.64228e+6 
           5970       1.6907e+6 
           5990      1.65979e+6 
           6010      1.62916e+6 
           6030      1.67235e+6 
           6050      1.70464e+6 
           6070      1.69169e+6 
           6090      1.63173e+6 
           6110      1.64569e+6 
           6130      1.55517e+6 
           6150      1.61987e+6 
           6170      1.55981e+6 
           6190       1.6464e+6 
           6210      1.62633e+6 
           6230      1.58184e+6 
           6250      1.51695e+6 
           6270      1.59248e+6 
           6290      1.62627e+6 
           6310      1.59118e+6 
           6330      1.62007e+6 
           6350       1.6324e+6 
           6370      1.62467e+6 
           6390      1.64081e+6 
           6410      1.61546e+6 
           6430      1.63258e+6 
           6450      1.63768e+6 
           6470      1.63333e+6 
           6490      1.58455e+6 
           6510      1.63759e+6 
           6530      1.65461e+6 
           6550      1.62643e+6 
           6570      1.59761e+6 
           6590      1.64171e+6 
           6610      1.64946e+6 
           6630       1.6559e+6 
           6650      1.64885e+6 
           6670      1.62517e+6 
           6690      1.67675e+6 
           6710      1.61891e+6 
           6730      1.67942e+6 
           6750      1.64236e+6 
           6770      1.65798e+6 
           6790      1.65501e+6 
           6810      1.64783e+6 
           6830      1.67033e+6 
           6850      1.62896e+6 
           6870      1.64647e+6 
           6890      1.67136e+6 
           6910      1.65342e+6 
           6930      1.62914e+6 
           6950      1.58874e+6 
           6970      1.60848e+6 
           6990      1.58957e+6 
           7010       1.5635e+6 
           7030      1.59669e+6 
           7050      1.61887e+6 
           7070      1.58614e+6 
           7090      1.58042e+6 
           7110      1.55925e+6 
           7130      1.53347e+6 
           7150      1.53456e+6 
           7170      1.56316e+6 
           7190      1.51447e+6 
           7210       1.5455e+6 
           7230      1.58222e+6 
           7250      1.57164e+6 
           7270      1.56629e+6 
           7290      1.52722e+6 
           7310      1.55123e+6 
           7330      1.55113e+6 
           7350      1.54479e+6 
           7370      1.58171e+6 
           7390      1.55349e+6 
           7410      1.53812e+6 
           7430       1.5607e+6 
           7450      1.56353e+6 
           7470      1.56206e+6 
           7490      1.55158e+6 
           7510      1.57151e+6 
           7530      1.57865e+6 
           7550      1.58854e+6 
           7570      1.57674e+6 
           7590      1.56864e+6 
           7610      1.57556e+6 
           7630      1.57812e+6 
           7650      1.58108e+6 
           7670      1.53353e+6 
           7690      1.58124e+6 
           7710      1.54427e+6 
           7730      1.55212e+6 
           7750      1.54412e+6 
           7770      1.57811e+6 
           7790      1.56753e+6 
           7810      1.57175e+6 
           7830      1.55568e+6 
           7850      1.54281e+6 
           7870      1.53729e+6 
           7890      1.47667e+6 
           7910       1.4317e+6 
           7930      1.43857e+6 
           7950      1.41787e+6 
           7970      1.47392e+6 
           7990      1.46974e+6 
           8010      1.47022e+6 
           8030      1.47594e+6 
           8050      1.45815e+6 
           8070      1.44213e+6 
           8090       1.4052e+6 
           8110       1.3989e+6 
           8130      1.42064e+6 
           8150      1.42491e+6 
           8170      1.42962e+6 
           8190      1.40956e+6 
           8210      1.40684e+6 
           8230      1.42499e+6 
           8250      1.43624e+6 
           8270      1.44996e+6 
           8290      1.43798e+6 
           8310      1.38879e+6 
           8330      1.39315e+6 
           8350      1.39869e+6 
           8370      1.40906e+6 
           8390      1.35825e+6 
           8410      1.41561e+6 
           8430      1.37572e+6 
           8450      1.41723e+6 
           8470      1.40996e+6 
           8490      1.39894e+6 
           8510      1.32547e+6 
           8530      1.38072e+6 
           8550      1.16401e+6 
           8570        1.419e+6 
           8590      1.40464e+6 
           8610      1.40656e+6 
           8630      1.41457e+6 
           8650      1.40441e+6 
           8670       1.1894e+6 
           8690      1.36412e+6 
           8710      1.40285e+6 
           8730      1.40682e+6 
           8750      1.39385e+6 
           8770      1.40841e+6 
           8790      1.40084e+6 
           8810      1.37065e+6 
           8830      1.38624e+6 
           8850      1.39846e+6 
           8870      1.37822e+6 
           8890      1.39987e+6 
           8910      1.40849e+6 
           8930      1.38187e+6 
           8950      1.37077e+6 
           8970      1.37801e+6 
           8990      1.38349e+6 
           9010      1.33331e+6 
           9030      1.36752e+6 
           9050      1.38912e+6 
           9070      1.37998e+6 
           9090      1.33411e+6 
           9110      1.33121e+6 
           9130      1.35661e+6 
           9150      1.26218e+6 
           9170      1.22577e+6 
           9190      1.23904e+6 
           9210      1.21696e+6 
           9230      1.23805e+6 
           9250      1.23156e+6 
           9270      1.25089e+6 
           9290      1.23582e+6 
           9310      1.26972e+6 
           9330      1.27423e+6 
           9350      1.25646e+6 
           9370      1.24613e+6 
           9390      1.22677e+6 
           9410      1.20739e+6 
           9430      1.21329e+6 
           9450      1.19314e+6 
           9470      1.22487e+6 
           9490      1.21674e+6 
           9510      1.24391e+6 
           9530      1.23065e+6 
           9550      1.22541e+6 
           9570      1.22955e+6 
           9590      1.24229e+6 
           9610       1.2286e+6 
           9630      1.22582e+6 
           9650      1.19966e+6 
           9670      1.19785e+6 
           9690      1.21778e+6 
           9710      1.21069e+6 
           9730      1.20942e+6 
           9750      1.20478e+6 
           9770      1.21182e+6 
           9790      1.18584e+6 
           9810      1.22458e+6 
           9830      1.22034e+6 
           9850        1.227e+6 
           9870       1.2232e+6 
           9890      1.22807e+6 
           9910       1.2158e+6 
           9930      1.22626e+6 
           9950      1.21955e+6 
           9970      1.22425e+6 
           9990      1.22433e+6 
          10025      1.21265e+6 
          10075      1.20577e+6 
          10125      1.20539e+6 
          10175      1.19063e+6 
          10225      1.19288e+6 
          10275      1.19365e+6 
          10325      1.17282e+6 
          10375      1.16798e+6 
          10425      1.17251e+6 
          10475      1.16093e+6 
          10525      1.16139e+6 
          10575      1.14949e+6 
          10625      1.14377e+6 
          10675      1.12739e+6 
          10725      1.12745e+6 
          10775      1.11691e+6 
          10825      1.10315e+6 
          10875      1.08713e+6 
          10925      1.06127e+6 
          10975          989189 
          11025          983586 
          11075      1.00221e+6 
          11125      1.00138e+6 
          11175      1.01603e+6 
          11225      1.01409e+6 
          11275      1.00171e+6 
          11325      1.01144e+6 
          11375          989060 
          11425          995923 
          11475      1.00594e+6 
          11525      1.00552e+6 
          11575          995275 
          11625          982717 
          11675          985954 
          11725          998033 
          11775          980717 
          11825          977425 
          11875          965017 
          11925          980969 
          11975          947785 
          12025          962897 
          12075          955226 
          12125          955999 
          12175          956602 
          12225          952926 
          12275          947455 
          12325          942583 
          12375          937862 
          12425          932645 
          12475          932181 
          12525          925043 
          12575          922416 
          12625          919098 
          12675          912119 
          12725          912107 
          12775          910752 
          12825          886897 
          12875          895954 
          12925          886621 
          12975          893498 
          13025          887383 
          13075          888102 
          13125          876341 
          13175          872915 
          13225          874642 
          13275          861265 
          13325          866016 
          13375          862566 
          13425          864410 
          13475          860683 
          13525          858492 
          13575          846578 
          13625          841430 
          13675          844413 
          13725          844974 
          13775          840795 
          13825          840519 
          13875          831675 
          13925          828821 
          13975          824252 
          14025          816278 
          14075          799346 
          14125          775533 
          14175          773408 
          14225          770530 
          14275          764144 
          14325          775323 
          14375          780860 
          14425          763688 
          14475          785462 
          14525          764333 
          14570          762156 
          14620          753939 
          14675          749067 
          14725          744547 
          14775          751853 
          14825          751694 
          14875          751313 
          14925          762354 
          14975          759473 
          15025          746816 
          15075          742202 
          15125          746426 
          15175          752083 
          15225          749655 
          15275          748600 
          15325          751277 
          15375          753585 
          15425          749721 
          15475          754811 
          15525          744394 
          15575          730645 
          15625          747209 
          15675          739474 
          15725          738209 
          15775          712160 
          15825          725944 
          15875          707522 
          15925          728858 
          15975          723552 
          16050          719964 
          16150          714339 
          16250          710640 
          16350          711542 
          16450          681770 
          16550          692110 
          16650          669661 
          16750          663905 
          16850          640734 
          16950          647660 
          17050          625262 
          17150          618580 
          17250          605047 
          17350          585414 
          17450          584194 
          17550          573176 
          17650          564185 
          17750          551747 
          17850          544093 
          17950          535918 
          18050          521567 
          18150          511398 
          18250          502677 
          18350          495032 
          18450          482774 
          18550          476445 
          18650          464720 
          18750          451523 
          18850          449991 
          18950          433578 
          19050          436252 
          19150          426788 
          19250          420933 
          19350          408875 
          19450          398538 
          19550          397081 
          19650          387812 
          19750          377568 
          19850          372750 
          19950          365852 
          20050          363372 
          20150          358618 
          20250          348662 
          20350          342276 
          20450          339929 
          20550          331927 
          20650          325302 
          20750          320283 
          20850          315460 
          20950          308471 
          21050          306043 
          21150          300764 
          21250          295578 
          21350          291493 
          21450          286407 
          21550          282270 
          21650          274782 
          21750          271107 
          21850          267605 
          21950          264460 
          22050          257627 
          22150          256788 
          22250          250231 
          22350          246889 
          22450          243431 
          22550          239536 
          22650          235046 
          22750          233166 
          22850          228193 
          22950          195867 
          23050          208573 
          23150          207098 
          23250          179123 
          23350          191971 
          23450          191289 
          23550          164956 
          23650          179426 
          23750          177665 
          23850          156640 
          23950          167939 
          24050          168974 
          24150          151978 
          24250          159907 
          24350          161151 
          24450          149941 
          24550          149716 
          24650          155591 
          24750          148942 
          24850          141841 
          24950          147054 
          25050          148386 
          25150          137006 
          25250          140756 
          25350          141928 
          25450          138175 
          25550          136028 
          25650          136492 
          25750          136735 
          25850          129376 
          25950          131380 
          26050          131444 
          26150          128876 
          26250          126688 
          26350          126868 
          26450          126093 
          26550          122254 
          26650          120537 
          26750          122791 
          26850          120906 
          26950          118107 
          27050          118312 
          27150          116869 
          27250          116378 
          27350          113620 
          27450          113464 
          27550          112622 
          27650          110976 
          27750          109282 
          27850          108479 
          27950          107381 
          28050          105252 
          28150          104420 
          28250          103767 
          28350          103079 
          28450          101653 
          28550          100299 
          28650         99109.3 
          28750         98024.6 
          28850         97024.8 
          28950         96054.4 
          29050         94563.8 
          29150         93960.7 
          29250         91919.1 
          29350         91197.5 
          29450         89884.1 
          29550         89281.2 
          29650         87690.2 
          29750         87182.3 
          29850         86307.6 
          29950         85085.3 
          30050         83572.8 
          30150         83342.9 
          30250         82257.4 
          30350         80939.2 
          30450         79278.9 
          30550         79374.3 
          30650         78275.8 
          30750         77496.7 
          30850         76017.2 
          30950         75129.5 
          31050         74794.9 
          31150         73368.2 
          31250         73049.8 
          31350           71308 
          31450         71220.8 
          31550         70240.2 
          31650           69688 
          31750         68543.3 
          31850         67671.9 
          31950         67049.5 
          32100         66153.7 
          32300         64058.8 
          32500         63094.6 
          32700         61581.6 
          32900         59697.1 
          33100           58878 
          33300         57160.5 
          33500         56164.6 
          33700         55068.6 
          33900           53280 
          34100         52504.8 
          34300         51621.9 
          34500         50028.2 
          34700         49321.6 
          34900         48368.2 
          35100         47090.8 
          35300         46017.5 
          35500         45354.1 
          35700         44111.5 
          35900         43191.4 
          36100         42633.2 
          36300           41553 
          36500         40666.2 
          36700         39829.8 
          36900         38926.3 
          37100         38001.1 
          37300         37375.4 
          37500         36546.5 
          37700         35878.9 
          37900           35315 
          38100         34527.4 
          38300         33959.6 
          38500         33295.3 
          38700         32665.1 
          38900         31941.7 
          39100         31413.8 
          39300         30799.8 
          39500         30205.9 
          39700         29663.4 
          39900         28839.1 
          40100         28456.1 
          40300         27974.9 
          40500         27345.5 
          40700         26840.9 
          40900         26394.4 
          41100         25937.4 
          41300         25457.1 
          41500         24991.4 
          41700         24464.1 
          41900           24111 
          42100         23531.7 
          42300         23290.8 
          42500           22778 
          42700         22422.5 
          42900         20934.6 
          43100         19836.2 
          43300         20248.2 
          43500         18882.2 
          43700           18393 
          43900         18103.4 
          44100         16639.2 
          44300           16754 
          44500         16188.2 
          44700         15164.1 
          44900         15518.2 
          45100         15011.2 
          45300         14190.8 
          45500         14445.8 
          45700         14222.8 
          45900         13300.8 
          46100         13673.2 
          46300         13235.8 
          46500         13167.1 
          46700         13015.4 
          46900         12800.3 
          47100         12482.5 
          47300         12644.9 
          47500         12330.4 
          47700         12205.7 
          47900         12011.5 
          48100         11679.5 
          48300         11889.9 
          48500         11640.7 
          48700         11324.7 
          48900         11303.1 
          49100         11080.9 
          49300         10946.2 
          49500         10774.8 
          49700           10741 
          49900         10547.4 
          50100         10286.2 
          50300         10374.3 
          50500         10080.8 
          50700         9992.44 
          50900         9893.87 
          51100         9707.64 
          51300         9600.58 
          51500         9483.13 
          51700         9493.92 
          51900          9281.3 
          52100          9111.5 
          52300         9037.81 
          52500         8987.81 
          52700         9032.72 
          52900          8672.7 
          53100         8580.36 
          53300         8525.77 
          53500         8428.19 
          53700         8353.75 
          53900         8256.73 
          54100         8169.28 
          54300         7997.29 
          54500          8005.3 
          54700         7837.44 
          54900         7776.83 
          55100         7644.14 
          55300         7731.38 
          55500         7462.82 
          55700         7512.65 
          55900         7353.61 
          56100          7320.9 
          56300         7151.22 
          56500         7155.78 
          56700         7056.07 
          56900         6898.67 
          57100         6908.09 
          57300         6831.04 
          57500         6740.41 
          57700         6652.12 
          57900         6626.58 
          58100         6508.82 
          58300         6443.65 
          58500         6384.14 
          58700         6268.75 
          58900         6213.89 
          59100         6153.99 
          59300         6088.55 
          59500         5994.17 
          59700         5963.26 
          59900         5894.94 
          60100         5828.24 
          60300         5756.91 
          60500         5664.04 
          60700         5607.86 
          60900         5540.94 
          61100         5463.33 
          61300         5418.72 
          61500         5365.63 
          61700          5319.7 
          61900         5258.06 
          62100         5203.44 
          62300          5132.6 
          62500         5056.42 
          62700         5007.13 
          62900         4948.97 
          63100         4888.99 
          63300         4853.64 
          63500          4778.9 
          63700         4754.71 
          63900         4671.67 
          64200         4606.16 
          64600          4495.6 
          65000         4398.61 
          65400         4297.49 
          65800         4208.61 
          66200         4106.83 
          66600         4021.12 
          67000         3933.13 
          67400         3841.06 
          67800         3758.41 
          68200         3674.71 
          68600         3597.15 
          69000         3515.61 
          69400         3437.96 
          69800         3365.41 
          70200         3290.16 
          70600         3220.79 
          71000         3151.06 
          71400          3084.5 
          71800         3017.29 
          72200         2953.74 
          72600          2890.4 
          73000         2830.39 
          73400         2769.84 
          73800         2712.99 
          74200         2654.94 
          74600         2598.79 
          75000         2546.96 
          75400         2491.39 
          75800         2426.93 
          76200         2367.59 
          76600         2303.51 
          77000         2246.66 
          77400         2185.95 
          77800         2134.09 
          78200         2085.09 
          78600         2033.31 
          79000         1997.56 
          79400         1945.39 
          79800         1911.62 
          80200          1876.2 
          80600         1842.31 
          81000         1811.53 
          81400         1787.75 
          81800         1752.57 
          82200         1726.58 
          82600         1694.49 
          83000         1662.67 
          83400         1634.03 
          83800         1605.81 
          84200         1569.81 
          84600         1545.36 
          85000         1515.53 
          85400         1488.96 
          85800         1461.25 
          86200         1434.84 
          86600         1405.24 
          87000         1382.24 
          87400         1362.32 
          87800         1332.24 
          88200         1308.95 
          88600          1290.1 
          89000         1268.21 
          89400         1243.74 
          89800          1223.2 
          90200         1206.59 
          90600         1187.24 
          91000         1166.31 
          91400         1145.21 
          91800          1130.2 
          92200            1110 
          92600         1093.89 
          93000         1075.83 
          93400         1059.03 
          93800          1040.9 
          94200         1026.73 
          94600         1010.07 
          95000         995.194 
          95400         980.615 
          95800         963.371 
          96200         950.045 
          96600         934.039 
          97000         921.346 
          97400         905.892 
          97800         891.682 
          98200         879.315 
          98600         865.684 
          99000         851.863 
          99400         838.043 
          99800         826.912 
         100200         813.981 
         200000         52.9541 
         400000          3.3482 
         600000        0.659184 
         800000        0.207219 
         1.0e+6       0.0842935 
         1.2e+6       0.0403808 
         1.4e+6        0.021662 
         1.6e+6        0.012625 
