# Kurucz ODFNEW /NOVER models
# teff = 46000 K (value for the effective temperature for the model. Temperatures are given in K)
# logg = 5.00 log(cm/s2) (value for Log(G) for the model.)
# meta = -0.5  (value for the Metallicity for the model.)
# lh = 1.25  (l/Hp where l is the  mixing length of the convective element and Hp is the pressure scale height)
# vtur = 2.0 km/s (Microturbulence velocity)
#
# column 1: WAVELENGTH (ANGSTROM), Wavelength in Angstrom
# column 2: FLUX (ERG/CM2/S/A), Flux in erg/cm2/s/A
              0               0 
           90.9     0.000157352 
           93.5     0.000423574 
           96.1      0.00106869 
           97.7        0.001871 
           99.6      0.00351474 
            102      0.00753495 
          103.8        0.013057 
          105.6       0.0222041 
          107.7       0.0403353 
          110.4       0.0840615 
            114         0.21204 
          117.8        0.530555 
          121.3         1.17676 
          124.8         2.49597 
          127.1         4.00532 
          128.4         5.20197 
          130.5          7.8203 
          132.4         11.1937 
          133.9         14.7723 
          136.6         23.8803 
          139.8         41.5821 
          143.3         73.7594 
          147.2         133.279 
            151         239.197 
          155.2         433.488 
          158.8         705.999 
            162          1084.3 
            166         1795.61 
          170.3         2966.86 
          173.4         4210.91 
          176.8         6179.05 
          180.2         8885.37 
          181.7         10204.5 
          186.1         16158.8 
            191         25813.8 
          193.9         34033.6 
          198.4         50724.3 
          201.8         67584.9 
            205         88824.9 
          210.5          138125 
          216.2          212486 
          219.8          278040 
            223          347450 
          226.8          448043 
            230       6.4143e+7 
            234      3.65357e+8 
            240      1.09409e+9 
          246.5      4.27942e+9 
          252.4     1.42033e+10 
          256.8     1.98961e+10 
            260     2.61666e+10 
            264     7.17397e+10 
          268.5     8.94059e+10 
          273.5     1.02706e+11 
          278.5     7.87342e+10 
            284     1.32441e+11 
            290     1.64059e+11 
            296     1.29905e+11 
            301     5.95984e+10 
            308     9.72761e+10 
            318     5.69768e+10 
            328     7.06755e+10 
            338     5.00938e+10 
            348     5.02395e+10 
            357     1.05642e+11 
            366     1.63445e+11 
            375     1.89701e+11 
            385     1.66364e+11 
            395     2.26224e+11 
            405     2.78462e+11 
            414     2.72751e+11 
            422     2.55337e+11 
            430     2.37469e+11 
            441     2.68405e+11 
            451     2.72656e+11 
            460     2.42044e+11 
            470     2.46503e+11 
            480      2.6116e+11 
            490      2.2461e+11 
            500     2.60577e+11 
            506     2.25889e+11 
            512     2.84448e+11 
            520     2.67125e+11 
            530      2.4869e+11 
            540     2.16465e+11 
            550     1.95153e+11 
            560     2.38676e+11 
            570     2.46376e+11 
            580     2.37629e+11 
            590     2.36125e+11 
            600     2.14412e+11 
            610     1.97335e+11 
            620      2.2446e+11 
            630     2.10263e+11 
            640     2.19536e+11 
            650     2.07277e+11 
            658     1.91165e+11 
            665     2.05469e+11 
            675     2.05743e+11 
            685      1.8813e+11 
            695     1.96475e+11 
            705     1.79275e+11 
            716       1.898e+11 
            726     1.88417e+11 
            735     1.85197e+11 
            745     1.77395e+11 
            755     1.72277e+11 
            765     1.61687e+11 
            775     1.65194e+11 
            785     1.55913e+11 
            795     1.58411e+11 
            805     1.56558e+11 
            815     1.54328e+11 
            825     1.52198e+11 
            835     1.39691e+11 
            845     1.45252e+11 
            855     1.39679e+11 
            865     1.40532e+11 
            875     1.38327e+11 
            885     1.34478e+11 
            895      1.3203e+11 
            905     1.27781e+11 
            915     9.56782e+10 
            925     1.47857e+11 
            935     1.87881e+11 
            945      2.2129e+11 
            955     2.43612e+11 
            965      2.6836e+11 
            975      2.0271e+11 
            985     2.46138e+11 
            995     2.21101e+11 
           1005     2.27864e+11 
           1015     2.26819e+11 
           1025      1.8835e+11 
           1035      2.2419e+11 
           1045     2.25333e+11 
           1055     2.19565e+11 
           1065     2.06825e+11 
           1075     2.07034e+11 
           1085     1.89958e+11 
           1095     1.97071e+11 
           1105     1.90265e+11 
           1115     1.85992e+11 
           1125     1.77884e+11 
           1135     1.78828e+11 
           1145     1.75385e+11 
           1155     1.67639e+11 
           1165     1.59649e+11 
           1175      1.4586e+11 
           1185     1.51996e+11 
           1195     1.46643e+11 
           1205     1.43189e+11 
           1215     1.15939e+11 
           1225     1.35574e+11 
           1235     1.31826e+11 
           1245       1.283e+11 
           1255     1.28663e+11 
           1265     1.26691e+11 
           1275     1.24405e+11 
           1285     1.22007e+11 
           1295     1.19458e+11 
           1305     1.15449e+11 
           1315     1.13516e+11 
           1325     1.10623e+11 
           1335     1.08661e+11 
           1345      1.0637e+11 
           1355     1.02311e+11 
           1365     9.83343e+10 
           1375     9.49506e+10 
           1385     9.43111e+10 
           1395      9.1264e+10 
           1405     8.74408e+10 
           1415      9.0281e+10 
           1425     8.58459e+10 
           1435     8.63714e+10 
           1442     8.33897e+10 
           1447      8.2818e+10 
           1455     8.07566e+10 
           1465     7.96336e+10 
           1475     7.83079e+10 
           1485     7.79556e+10 
           1495     7.58322e+10 
           1505     7.47233e+10 
           1512     7.40643e+10 
           1517     7.23948e+10 
           1525     7.16747e+10 
           1535     6.80112e+10 
           1545     6.14425e+10 
           1555     6.13139e+10 
           1565     6.34061e+10 
           1575     6.32961e+10 
           1585     6.19239e+10 
           1595     6.10611e+10 
           1605     5.86865e+10 
           1615     5.71851e+10 
           1625     5.64362e+10 
           1635     5.51729e+10 
           1645     5.24535e+10 
           1655      5.4457e+10 
           1665     5.35888e+10 
           1672     5.15643e+10 
           1677     5.31112e+10 
           1685     5.22152e+10 
           1695     5.13727e+10 
           1705     5.00204e+10 
           1715     4.81245e+10 
           1725     4.75087e+10 
           1735     4.77497e+10 
           1745     4.67994e+10 
           1755     4.57357e+10 
           1765     4.50375e+10 
           1775     4.42074e+10 
           1785     4.36519e+10 
           1795     4.25822e+10 
           1805     4.18678e+10 
           1815     4.11114e+10 
           1825      4.0332e+10 
           1835     3.97324e+10 
           1845     3.90507e+10 
           1855     3.83252e+10 
           1865     3.76803e+10 
           1875     3.69077e+10 
           1885     3.62233e+10 
           1895     3.58957e+10 
           1905     3.52841e+10 
           1915     3.46545e+10 
           1925     3.35096e+10 
           1935     3.35162e+10 
           1945     3.29646e+10 
           1955     3.22328e+10 
           1967     3.17025e+10 
           1976     3.11886e+10 
           1984       3.084e+10 
           1995     3.02413e+10 
           2005     2.97775e+10 
           2015     2.92748e+10 
           2025     2.87888e+10 
           2035     2.82828e+10 
           2045     2.77168e+10 
           2055     2.08971e+10 
           2065     1.99496e+10 
           2074     2.01306e+10 
           2078     2.04755e+10 
           2085     2.14977e+10 
           2095     2.37109e+10 
           2105      2.4929e+10 
           2115     2.48581e+10 
           2125     2.44002e+10 
           2135     2.40375e+10 
           2145     2.36771e+10 
           2155     2.36615e+10 
           2165     2.24557e+10 
           2175     2.31272e+10 
           2185     2.19297e+10 
           2195     2.24442e+10 
           2205     2.21388e+10 
           2215     2.08713e+10 
           2225     2.14603e+10 
           2235     2.11638e+10 
           2245     2.07881e+10 
           2255     1.96677e+10 
           2265     2.01876e+10 
           2275     1.99188e+10 
           2285     1.95435e+10 
           2295     1.90675e+10 
           2305     1.82443e+10 
           2315     1.86354e+10 
           2325     1.84461e+10 
           2335     1.81773e+10 
           2345     1.78814e+10 
           2355     1.75988e+10 
           2365     1.73344e+10 
           2375     1.70345e+10 
           2385     1.60872e+10 
           2395     1.64602e+10 
           2405     1.62598e+10 
           2415     1.60492e+10 
           2425     1.58927e+10 
           2435     1.56411e+10 
           2445      1.5424e+10 
           2455     1.51492e+10 
           2465     1.49831e+10 
           2475     1.47995e+10 
           2485     1.45562e+10 
           2495     1.37795e+10 
           2505      1.4072e+10 
           2513     1.29397e+10 
           2518     1.37018e+10 
           2525     1.36732e+10 
           2535     1.35867e+10 
           2545      1.3408e+10 
           2555     1.32155e+10 
           2565     1.30422e+10 
           2575     1.28576e+10 
           2585     1.26839e+10 
           2595     1.24163e+10 
           2605     1.23456e+10 
           2615     1.21334e+10 
           2625     1.20204e+10 
           2635     1.18615e+10 
           2645     1.16885e+10 
           2655      1.1545e+10 
           2665     1.13864e+10 
           2675     1.11819e+10 
           2685     1.10774e+10 
           2695     1.09206e+10 
           2705     1.08086e+10 
           2715     1.06581e+10 
           2725       1.051e+10 
           2735     1.00203e+10 
           2745     1.02544e+10 
           2755     1.01176e+10 
           2765      9.98591e+9 
           2775       9.8573e+9 
           2785      9.71669e+9 
           2795      9.57978e+9 
           2805       9.4819e+9 
           2815      9.36474e+9 
           2825      9.23484e+9 
           2835      9.13138e+9 
           2845      9.02354e+9 
           2855      8.91004e+9 
           2865       8.7906e+9 
           2875      8.68169e+9 
           2885      8.57952e+9 
           2895      8.47046e+9 
           2910      8.31438e+9 
           2930       8.1179e+9 
           2950      7.91773e+9 
           2970      7.72047e+9 
           2990      7.51936e+9 
           3010      7.34866e+9 
           3030      7.15512e+9 
           3050      6.99803e+9 
           3070      6.83197e+9 
           3090      6.69134e+9 
           3110        6.537e+9 
           3130      6.38297e+9 
           3150      6.24788e+9 
           3170      6.10183e+9 
           3190      5.96374e+9 
           3210      5.72768e+9 
           3230      5.70823e+9 
           3250      5.58256e+9 
           3270      5.43098e+9 
           3290      5.33454e+9 
           3310      5.21663e+9 
           3330      5.10421e+9 
           3350      4.98099e+9 
           3370       4.8859e+9 
           3390      4.78088e+9 
           3410       4.6767e+9 
           3430      4.58643e+9 
           3450      4.47899e+9 
           3470      4.39529e+9 
           3490      4.30484e+9 
           3510      4.21862e+9 
           3530      4.12862e+9 
           3550      4.04396e+9 
           3570      3.96392e+9 
           3590      3.88186e+9 
           3610      3.80254e+9 
           3630      3.72417e+9 
           3640      3.61415e+9 
           3650      3.26864e+9 
           3670       3.2082e+9 
           3690      3.15277e+9 
           3710      3.11065e+9 
           3730      3.09797e+9 
           3750      3.09904e+9 
           3770      3.09883e+9 
           3790      3.12315e+9 
           3810      3.14416e+9 
           3830      2.97914e+9 
           3850      3.07128e+9 
           3870      3.05396e+9 
           3890      2.77567e+9 
           3910      2.95532e+9 
           3930      2.88971e+9 
           3950      2.84917e+9 
           3970      2.56262e+9 
           3990      2.74358e+9 
           4010      2.70761e+9 
           4030      2.60913e+9 
           4050      2.61903e+9 
           4070      2.56583e+9 
           4090      2.44621e+9 
           4110      2.29288e+9 
           4130       2.4249e+9 
           4150      2.38911e+9 
           4170      2.34957e+9 
           4190      2.29329e+9 
           4210      2.22819e+9 
           4230      2.22886e+9 
           4250      2.18957e+9 
           4270      2.15134e+9 
           4290      2.11372e+9 
           4310      2.07164e+9 
           4330      1.96578e+9 
           4350      1.87492e+9 
           4370      1.96478e+9 
           4390      1.93069e+9 
           4410      1.90278e+9 
           4430      1.87245e+9 
           4450      1.84036e+9 
           4470      1.79774e+9 
           4490      1.78017e+9 
           4510       1.7486e+9 
           4530      1.71581e+9 
           4550      1.65632e+9 
           4570      1.66538e+9 
           4590      1.63829e+9 
           4610      1.61212e+9 
           4630      1.58216e+9 
           4650      1.54496e+9 
           4670      1.53213e+9 
           4690      1.45559e+9 
           4710      1.48484e+9 
           4730      1.46429e+9 
           4750      1.44115e+9 
           4770      1.41836e+9 
           4790      1.39588e+9 
           4810      1.37425e+9 
           4830      1.34996e+9 
           4850      1.29494e+9 
           4870      1.21905e+9 
           4890      1.28609e+9 
           4910      1.27086e+9 
           4930      1.24766e+9 
           4950      1.23289e+9 
           4970      1.21431e+9 
           4990      1.19612e+9 
           5010      1.17569e+9 
           5030      1.16018e+9 
           5050      1.14252e+9 
           5070      1.12605e+9 
           5090      1.10945e+9 
           5110      1.09311e+9 
           5130      1.07694e+9 
           5150      1.06118e+9 
           5170      1.04577e+9 
           5190      1.03054e+9 
           5210      1.01556e+9 
           5230      1.00098e+9 
           5250      9.86215e+8 
           5270      9.71855e+8 
           5290      9.58541e+8 
           5310      9.44895e+8 
           5330       9.3144e+8 
           5350      9.18342e+8 
           5370      9.05385e+8 
           5390      8.92638e+8 
           5410      8.60371e+8 
           5430      8.67512e+8 
           5450      8.55892e+8 
           5470      8.43991e+8 
           5490      8.32404e+8 
           5510      8.20688e+8 
           5530      8.09724e+8 
           5550      7.98677e+8 
           5570      7.87669e+8 
           5590      7.75992e+8 
           5610      7.66638e+8 
           5630      7.56316e+8 
           5650      7.46168e+8 
           5670      7.36179e+8 
           5690      7.16432e+8 
           5710      6.67896e+8 
           5730      6.59376e+8 
           5750      6.50954e+8 
           5770      6.42806e+8 
           5790      6.34912e+8 
           5810      6.25796e+8 
           5830      6.20645e+8 
           5850      6.14733e+8 
           5870      6.06003e+8 
           5890      6.04232e+8 
           5910      5.99813e+8 
           5930      5.95808e+8 
           5950      5.92297e+8 
           5970      5.89107e+8 
           5990      5.86724e+8 
           6010      5.82503e+8 
           6030      5.78396e+8 
           6050      5.74022e+8 
           6070       5.6686e+8 
           6090      5.60372e+8 
           6110      5.53621e+8 
           6130      5.47115e+8 
           6150      5.41023e+8 
           6170      5.32683e+8 
           6190      5.27653e+8 
           6210      5.21486e+8 
           6230       5.1299e+8 
           6250      5.08166e+8 
           6270      5.02611e+8 
           6290      4.96498e+8 
           6310      4.87726e+8 
           6330      4.84168e+8 
           6350      4.78799e+8 
           6370      4.73058e+8 
           6390      4.66927e+8 
           6410      4.58305e+8 
           6430      4.56269e+8 
           6450      4.50873e+8 
           6470      4.45534e+8 
           6490       4.4035e+8 
           6510      4.34564e+8 
           6530       4.2504e+8 
           6550      4.17953e+8 
           6570      3.90408e+8 
           6590      4.13762e+8 
           6610       4.1047e+8 
           6630      4.05742e+8 
           6650       4.0108e+8 
           6670      3.94539e+8 
           6690      3.86106e+8 
           6710       3.8723e+8 
           6730      3.83003e+8 
           6750      3.78644e+8 
           6770      3.74429e+8 
           6790      3.70226e+8 
           6810      3.66065e+8 
           6830       3.6196e+8 
           6850      3.57916e+8 
           6870      3.53854e+8 
           6890      3.44524e+8 
           6910      3.45706e+8 
           6930      3.42285e+8 
           6950      3.38511e+8 
           6970      3.34787e+8 
           6990      3.31115e+8 
           7010      3.27457e+8 
           7030      3.23791e+8 
           7050       3.2034e+8 
           7070      3.15885e+8 
           7090      3.13499e+8 
           7110       3.1009e+8 
           7130      3.06754e+8 
           7150      3.03486e+8 
           7170      2.96752e+8 
           7190      2.94826e+8 
           7210      2.93867e+8 
           7230      2.90752e+8 
           7250      2.87673e+8 
           7270      2.84639e+8 
           7290      2.81356e+8 
           7310      2.78627e+8 
           7330      2.75763e+8 
           7350      2.72876e+8 
           7370       2.7001e+8 
           7390      2.67219e+8 
           7410      2.64427e+8 
           7430      2.61722e+8 
           7450      2.58948e+8 
           7470      2.56355e+8 
           7490      2.53597e+8 
           7510      2.51093e+8 
           7530      2.48558e+8 
           7550      2.46027e+8 
           7570      2.43506e+8 
           7590      2.36489e+8 
           7610      2.38169e+8 
           7630       2.3621e+8 
           7650      2.33831e+8 
           7670      2.31492e+8 
           7690      2.29092e+8 
           7710      2.26853e+8 
           7730       2.2452e+8 
           7750      2.22397e+8 
           7770      2.20193e+8 
           7790      2.18021e+8 
           7810      2.15868e+8 
           7830       2.1374e+8 
           7850      2.11595e+8 
           7870       2.0956e+8 
           7890      2.07524e+8 
           7910      2.05519e+8 
           7930      2.03525e+8 
           7950      2.01549e+8 
           7970      1.99548e+8 
           7990      1.97677e+8 
           8010      1.95775e+8 
           8030      1.93866e+8 
           8050      1.92038e+8 
           8070      1.90202e+8 
           8090      1.88388e+8 
           8110      1.86601e+8 
           8130      1.84829e+8 
           8150      1.83078e+8 
           8170      1.81302e+8 
           8190      1.78823e+8 
           8210      1.70357e+8 
           8230      1.67616e+8 
           8250      1.66954e+8 
           8270      1.65723e+8 
           8290      1.64245e+8 
           8310      1.62763e+8 
           8330      1.61238e+8 
           8350      1.59802e+8 
           8370       1.5841e+8 
           8390      1.57019e+8 
           8410      1.55671e+8 
           8430      1.54339e+8 
           8450      1.52998e+8 
           8470      1.51767e+8 
           8490      1.50582e+8 
           8510       1.4935e+8 
           8530      1.48246e+8 
           8550      1.47018e+8 
           8570       1.4603e+8 
           8590      1.44758e+8 
           8610      1.43736e+8 
           8630      1.42949e+8 
           8650       1.4174e+8 
           8670        1.402e+8 
           8690      1.39954e+8 
           8710      1.39163e+8 
           8730      1.37938e+8 
           8750      1.35571e+8 
           8770      1.35781e+8 
           8790      1.35569e+8 
           8810      1.34818e+8 
           8830      1.33812e+8 
           8850      1.31265e+8 
           8870       1.2848e+8 
           8890      1.30248e+8 
           8910      1.29916e+8 
           8930      1.29032e+8 
           8950      1.28084e+8 
           8970      1.26863e+8 
           8990      1.24961e+8 
           9010      1.20235e+8 
           9030      1.20826e+8 
           9050      1.22183e+8 
           9070      1.21539e+8 
           9090      1.20727e+8 
           9110      1.19607e+8 
           9130      1.18844e+8 
           9150      1.17907e+8 
           9170      1.16703e+8 
           9190      1.15388e+8 
           9210      1.13036e+8 
           9230      1.07625e+8 
           9250      1.10845e+8 
           9270      1.11494e+8 
           9290      1.10953e+8 
           9310      1.10138e+8 
           9330       1.0903e+8 
           9350      1.05608e+8 
           9370      1.06973e+8 
           9390      1.06513e+8 
           9410      1.05695e+8 
           9430      1.04841e+8 
           9450      1.03988e+8 
           9470      1.03083e+8 
           9490      1.02143e+8 
           9510      1.00826e+8 
           9530      9.84294e+7 
           9550      9.34159e+7 
           9570      9.73903e+7 
           9590      9.77707e+7 
           9610      9.72949e+7 
           9630      9.65661e+7 
           9650      9.58389e+7 
           9670      9.50681e+7 
           9690      9.43069e+7 
           9710      9.33755e+7 
           9730       9.2781e+7 
           9750      9.18936e+7 
           9770      9.07796e+7 
           9790      9.06057e+7 
           9810       8.9888e+7 
           9830      8.91679e+7 
           9850      8.84724e+7 
           9870      8.77738e+7 
           9890       8.7084e+7 
           9910      8.63954e+7 
           9930       8.5723e+7 
           9950      8.50553e+7 
           9970      8.43883e+7 
           9990      8.36583e+7 
          10025      8.09646e+7 
          10075      7.87564e+7 
          10125      7.80099e+7 
          10175      7.79436e+7 
          10225      7.64663e+7 
          10275      7.50174e+7 
          10325      7.35646e+7 
          10375      7.22377e+7 
          10425      7.04926e+7 
          10475      6.95809e+7 
          10525       6.8299e+7 
          10575      6.70483e+7 
          10625      6.58215e+7 
          10675      6.46212e+7 
          10725      6.34568e+7 
          10775       6.2311e+7 
          10825      6.10551e+7 
          10875       6.0014e+7 
          10925      5.67198e+7 
          10975      5.73302e+7 
          11025      5.69384e+7 
          11075       5.5965e+7 
          11125      5.49879e+7 
          11175      5.40658e+7 
          11225      5.31277e+7 
          11275      5.22101e+7 
          11325      5.13125e+7 
          11375      5.04371e+7 
          11425      4.95782e+7 
          11475      4.87379e+7 
          11525      4.79131e+7 
          11575      4.71094e+7 
          11625      4.57432e+7 
          11675      4.51284e+7 
          11725      4.47908e+7 
          11775        4.405e+7 
          11825      4.33227e+7 
          11875       4.2614e+7 
          11925      4.19182e+7 
          11975      4.11801e+7 
          12025      4.05673e+7 
          12075      3.99117e+7 
          12125       3.9268e+7 
          12175      3.86411e+7 
          12225      3.80257e+7 
          12275      3.74216e+7 
          12325      3.68283e+7 
          12375      3.62485e+7 
          12425      3.56792e+7 
          12475      3.51201e+7 
          12525      3.45691e+7 
          12575      3.40372e+7 
          12625      3.35105e+7 
          12675      3.29937e+7 
          12725      3.24882e+7 
          12775      3.17795e+7 
          12825      3.01237e+7 
          12875      3.09266e+7 
          12925      3.05569e+7 
          12975      3.00824e+7 
          13025      2.96453e+7 
          13075      2.92031e+7 
          13125      2.87689e+7 
          13175      2.83404e+7 
          13225      2.79219e+7 
          13275       2.7511e+7 
          13325      2.71076e+7 
          13375      2.67116e+7 
          13425      2.63207e+7 
          13475       2.5941e+7 
          13525      2.55642e+7 
          13575      2.51964e+7 
          13625      2.48352e+7 
          13675      2.44787e+7 
          13725      2.41307e+7 
          13775       2.3787e+7 
          13825      2.34517e+7 
          13875      2.31206e+7 
          13925      2.27955e+7 
          13975      2.24764e+7 
          14025      2.21632e+7 
          14075      2.18539e+7 
          14125      2.15503e+7 
          14175      2.12523e+7 
          14225      2.09617e+7 
          14275      2.06727e+7 
          14325      2.03892e+7 
          14375      2.01127e+7 
          14425      1.98395e+7 
          14475      1.95714e+7 
          14525      1.93065e+7 
          14570      1.90739e+7 
          14620       1.8822e+7 
          14675      1.85448e+7 
          14725       1.8287e+7 
          14775      1.78562e+7 
          14825      1.78148e+7 
          14875      1.75846e+7 
          14925      1.73537e+7 
          14975      1.71271e+7 
          15025      1.69032e+7 
          15075      1.66818e+7 
          15125      1.64678e+7 
          15175      1.62551e+7 
          15225      1.60459e+7 
          15275      1.58395e+7 
          15325      1.56364e+7 
          15375      1.54373e+7 
          15425      1.52392e+7 
          15475      1.50475e+7 
          15525      1.48563e+7 
          15575      1.46655e+7 
          15625       1.4487e+7 
          15675      1.42986e+7 
          15725      1.41165e+7 
          15775       1.3971e+7 
          15825      1.37845e+7 
          15875      1.35812e+7 
          15925      1.34317e+7 
          15975       1.3301e+7 
          16050      1.30326e+7 
          16150      1.26907e+7 
          16250      1.24342e+7 
          16350      1.21004e+7 
          16450      1.17761e+7 
          16550      1.15673e+7 
          16650      1.12953e+7 
          16750      1.09829e+7 
          16850      1.06776e+7 
          16950      1.05257e+7 
          17050      1.02727e+7 
          17150       1.0049e+7 
          17250      9.81634e+6 
          17350      9.45611e+6 
          17450      9.36189e+6 
          17550      9.17344e+6 
          17650      8.96964e+6 
          17750      8.77142e+6 
          17850      8.57871e+6 
          17950      8.39113e+6 
          18050      8.20799e+6 
          18150      7.89045e+6 
          18250      7.82638e+6 
          18350       7.6904e+6 
          18450       7.5268e+6 
          18550      7.36881e+6 
          18650      7.11581e+6 
          18750      6.87361e+6 
          18850      6.91228e+6 
          18950      6.77207e+6 
          19050      6.62901e+6 
          19150      6.49626e+6 
          19250      6.36357e+6 
          19350      6.22645e+6 
          19450        5.965e+6 
          19550      5.97609e+6 
          19650      5.86568e+6 
          19750      5.74885e+6 
          19850      5.63496e+6 
          19950       5.5238e+6 
          20050      5.41542e+6 
          20150      5.30965e+6 
          20250      5.20653e+6 
          20350      5.10583e+6 
          20450      5.00746e+6 
          20550      4.91066e+6 
          20650      4.81799e+6 
          20750       4.7259e+6 
          20850      4.63725e+6 
          20950       4.5501e+6 
          21050      4.46496e+6 
          21150      4.38006e+6 
          21250      4.30055e+6 
          21350       4.2212e+6 
          21450      4.14361e+6 
          21550      4.06369e+6 
          21650      3.88633e+6 
          21750      3.91175e+6 
          21850      3.85062e+6 
          21950      3.78158e+6 
          22050      3.71398e+6 
          22150      3.64787e+6 
          22250      3.58321e+6 
          22350      3.51998e+6 
          22450      3.45814e+6 
          22550      3.39767e+6 
          22650      3.33852e+6 
          22750      3.28063e+6 
          22850      3.22694e+6 
          22950      3.17147e+6 
          23050      3.11715e+6 
          23150      3.06406e+6 
          23250      3.01204e+6 
          23350      2.96114e+6 
          23450      2.91127e+6 
          23550      2.86248e+6 
          23650      2.81469e+6 
          23750      2.76786e+6 
          23850      2.72205e+6 
          23950      2.67716e+6 
          24050      2.63319e+6 
          24150      2.59011e+6 
          24250      2.54785e+6 
          24350      2.50657e+6 
          24450      2.46607e+6 
          24550      2.42639e+6 
          24650      2.38746e+6 
          24750      2.34871e+6 
          24850      2.31197e+6 
          24950      2.27532e+6 
          25050      2.23942e+6 
          25150      2.20426e+6 
          25250      2.16969e+6 
          25350      2.13584e+6 
          25450      2.10269e+6 
          25550       2.0701e+6 
          25650      2.03739e+6 
          25750      2.00688e+6 
          25850      1.97622e+6 
          25950      1.94608e+6 
          26050      1.91479e+6 
          26150      1.87885e+6 
          26250      1.80087e+6 
          26350       1.8257e+6 
          26450      1.80373e+6 
          26550       1.7767e+6 
          26650      1.74939e+6 
          26750      1.71728e+6 
          26850      1.69803e+6 
          26950       1.6742e+6 
          27050      1.64969e+6 
          27150      1.62565e+6 
          27250      1.60202e+6 
          27350      1.57879e+6 
          27450      1.55576e+6 
          27550      1.52384e+6 
          27650      1.50688e+6 
          27750      1.49012e+6 
          27850      1.46894e+6 
          27950      1.44813e+6 
          28050      1.42767e+6 
          28150      1.40756e+6 
          28250      1.38784e+6 
          28350      1.36846e+6 
          28450      1.34936e+6 
          28550      1.33064e+6 
          28650      1.30751e+6 
          28750      1.28024e+6 
          28850      1.27482e+6 
          28950      1.25888e+6 
          29050       1.2417e+6 
          29150      1.22482e+6 
          29250      1.20822e+6 
          29350      1.19191e+6 
          29450      1.17588e+6 
          29550      1.16009e+6 
          29650      1.14456e+6 
          29750       1.1293e+6 
          29850      1.11431e+6 
          29950      1.09953e+6 
          30050      1.08501e+6 
          30150      1.07073e+6 
          30250      1.05597e+6 
          30350       1.0298e+6 
          30450      1.02101e+6 
          30550      1.01571e+6 
          30650      1.00276e+6 
          30750          989834 
          30850          977093 
          30950          964576 
          31050          952237 
          31150          940116 
          31250          928166 
          31350          916430 
          31450          904858 
          31550          893453 
          31650          882253 
          31750          871209 
          31850          860362 
          31950          849672 
          32100          833924 
          32300          813520 
          32500          793728 
          32700          774502 
          32900          745659 
          33100          735574 
          33300          720650 
          33500          703643 
          33700          687124 
          33900          671073 
          34100          655481 
          34300          640366 
          34500          625652 
          34700          611391 
          34900          597504 
          35100          584020 
          35300          570919 
          35500          558199 
          35700          545811 
          35900          533756 
          36100          522047 
          36300          510648 
          36500          499556 
          36700          488755 
          36900          478268 
          37100          467925 
          37300          454338 
          37500          442913 
          37700          438968 
          37900          429785 
          38100          420822 
          38300          412098 
          38500          403608 
          38700          395348 
          38900          387284 
          39100          379414 
          39300          371758 
          39500          364284 
          39700          356990 
          39900          349894 
          40100          342735 
          40300          335699 
          40500          323341 
          40700          323059 
          40900          316890 
          41100          310780 
          41300          304775 
          41500          298956 
          41700          292326 
          41900          287696 
          42100          282270 
          42300          276954 
          42500          271767 
          42700          266727 
          42900          261728 
          43100          256952 
          43300          252233 
          43500          247610 
          43700          241916 
          43900          238250 
          44100          234390 
          44300          230186 
          44500          226067 
          44700          222106 
          44900          218170 
          45100          214332 
          45300          210552 
          45500          206867 
          45700          203275 
          45900          199737 
          46100          196288 
          46300          192803 
          46500          185120 
          46700          184315 
          46900          182849 
          47100          180111 
          47300          177093 
          47500          174118 
          47700          171204 
          47900          168366 
          48100          165568 
          48300          162843 
          48500          160173 
          48700          157545 
          48900          154978 
          49100          152462 
          49300          149997 
          49500          147582 
          49700          145214 
          49900          142895 
          50100          140622 
          50300          138392 
          50500          136208 
          50700          134065 
          50900          131964 
          51100          129661 
          51300          126154 
          51500          125770 
          51700          123962 
          51900          122058 
          52100          120190 
          52300          118357 
          52500          116557 
          52700          114794 
          52900          113062 
          53100          111363 
          53300          109696 
          53500          108060 
          53700          106453 
          53900          104878 
          54100          103332 
          54300          101813 
          54500          100321 
          54700         98857.2 
          54900         97419.7 
          55100         96008.8 
          55300           94622 
          55500         93261.2 
          55700         91925.1 
          55900         90612.6 
          56100         89322.3 
          56300         88055.3 
          56500         86811.2 
          56700           85588 
          56900         84385.9 
          57100         83205.3 
          57300           82046 
          57500         80906.5 
          57700         79787.7 
          57900         78686.8 
          58100         77604.6 
          58300         76541.2 
          58500           75509 
          58700         74480.4 
          58900         73264.2 
          59100         71027.1 
          59300         71353.3 
          59500         70405.4 
          59700         69551.9 
          59900         68666.9 
          60100           67754 
          60300         66856.7 
          60500         65972.6 
          60700         65104.1 
          60900         64249.7 
          61100         63408.8 
          61300         62581.7 
          61500           61768 
          61700         60968.5 
          61900         60180.6 
          62100           59406 
          62300         58642.7 
          62500         57892.9 
          62700         57143.7 
          62900         56196.1 
          63100         55673.9 
          63300         55007.7 
          63500         54315.2 
          63700         53633.8 
          63900         52961.9 
          64200         51974.4 
          64600         50693.7 
          65000         49451.1 
          65400         48247.4 
          65800         47078.8 
          66200         45945.9 
          66600         44846.9 
          67000         43780.2 
          67400         42716.2 
          67800         41545.8 
          68200         40764.3 
          68600         39817.2 
          69000         38898.1 
          69400         38004.1 
          69800         37136.2 
          70200           36292 
          70600         35472.3 
          71000         34675.5 
          71400         33900.8 
          71800         33147.8 
          72200           32416 
          72600         31703.1 
          73000         31010.2 
          73400           30336 
          73800         29679.5 
          74200         29026.4 
          74600         27842.7 
          75000           27209 
          75400         27169.5 
          75800         26652.7 
          76200         26094.7 
          76600         25550.6 
          77000         25020.9 
          77400         24504.5 
          77800         24001.7 
          78200         23511.6 
          78600         23033.9 
          79000         22568.2 
          79400         22113.7 
          79800         21671.3 
          80200         21239.6 
          80600         20818.2 
          81000         20407.5 
          81400         20006.7 
          81800         19616.2 
          82200           19235 
          82600         18862.6 
          83000         18499.7 
          83400           18145 
          83800         17798.9 
          84200         17460.7 
          84600         17130.7 
          85000         16808.7 
          85400         16493.5 
          85800         16186.1 
          86200         15885.6 
          86600         15572.4 
          87000         15305.6 
          87400         14922.7 
          87800         14650.2 
          88200         14484.2 
          88600         14222.7 
          89000         13967.2 
          89400         13717.1 
          89800         13472.8 
          90200         13234.1 
          90600           13000 
          91000         12771.3 
          91400           12548 
          91800         12328.9 
          92200         12114.9 
          92600         11905.4 
          93000         11700.5 
          93400         11499.8 
          93800         11267.1 
          94200         11100.7 
          94600         10923.7 
          95000         10739.6 
          95400         10559.1 
          95800         10382.9 
          96200           10210 
          96600         10040.4 
          97000         9874.89 
          97400         9712.17 
          97800         9553.31 
          98200          9397.5 
          98600          9244.7 
          99000         9095.19 
          99400         8948.54 
          99800         8804.72 
         100200            8664 
         200000         531.736 
         400000         32.1399 
         600000         6.21239 
         800000         1.93475 
         1.0e+6        0.782695 
         1.2e+6         0.37367 
         1.4e+6        0.199974 
         1.6e+6        0.116364 
