# Kurucz ODFNEW /NOVER models
# teff = 9750 K (value for the effective temperature for the model. Temperatures are given in K)
# logg = 4.00 log(cm/s2) (value for Log(G) for the model.)
# meta = -0.5  (value for the Metallicity for the model.)
# lh = 1.25  (l/Hp where l is the  mixing length of the convective element and Hp is the pressure scale height)
# vtur = 2.0 km/s (Microturbulence velocity)
#
# column 1: WAVELENGTH (ANGSTROM), Wavelength in Angstrom
# column 2: FLUX (ERG/CM2/S/A), Flux in erg/cm2/s/A
              0               0 
           90.9               0 
           93.5               0 
           96.1               0 
           97.7               0 
           99.6               0 
            102               0 
          103.8               0 
          105.6               0 
          107.7               0 
          110.4               0 
            114               0 
          117.8               0 
          121.3               0 
          124.8               0 
          127.1               0 
          128.4               0 
          130.5               0 
          132.4               0 
          133.9               0 
          136.6               0 
          139.8               0 
          143.3               0 
          147.2               0 
            151               0 
          155.2               0 
          158.8               0 
            162               0 
            166               0 
          170.3               0 
          173.4               0 
          176.8               0 
          180.2               0 
          181.7               0 
          186.1               0 
            191               0 
          193.9               0 
          198.4               0 
          201.8               0 
            205               0 
          210.5               0 
          216.2               0 
          219.8               0 
            223               0 
          226.8               0 
            230               0 
            234               0 
            240               0 
          246.5               0 
          252.4               0 
          256.8               0 
            260               0 
            264               0 
          268.5               0 
          273.5     3.63468e-23 
          278.5     1.71637e-22 
            284      7.8554e-22 
            290     3.78797e-21 
            296     1.70968e-20 
            301     5.74987e-20 
            308      2.9441e-19 
            318     2.68753e-18 
            328     2.14891e-17 
            338     1.52055e-16 
            348     9.62637e-16 
            357     4.63845e-15 
            366     2.07025e-14 
            375     8.59013e-14 
            385     3.85944e-13 
            395     1.60481e-12 
            405      6.2135e-12 
            414     1.98489e-11 
            422     5.34218e-11 
            430     1.38432e-10 
            441     4.84102e-10 
            451      1.43012e-9 
            460      3.63681e-9 
            470      9.82399e-9 
            480      2.54244e-8 
            490      6.32328e-8 
            500      1.51385e-7 
            506      2.75224e-7 
            512      4.66903e-7 
            520      8.79297e-7 
            530      1.89143e-6 
            540      3.93061e-6 
            550      7.98494e-6 
            560      1.57612e-5 
            570      3.03531e-5 
            580      5.69666e-5 
            590     0.000105012 
            600     0.000189066 
            610     0.000333579 
            620     0.000577277 
            630     0.000980789 
            640       0.0016379 
            650      0.00269034 
            658       0.0039554 
            665      0.00549687 
            675      0.00868598 
            685       0.0135317 
            695        0.020794 
            705       0.0315391 
            716       0.0491783 
            726       0.0727264 
            735        0.102407 
            745        0.148228 
            755        0.212295 
            765        0.300986 
            775        0.422683 
            785        0.588028 
            795        0.810474 
            805         1.10782 
            815         1.50142 
            825         2.01853 
            835           2.693 
            845         3.56663 
            855         4.68917 
            865         6.12203 
            875         7.93931 
            885         10.2304 
            895         13.1005 
            905         16.6736 
            915         175.202 
            925         1279.95 
            935         2218.17 
            945         3856.77 
            955         5668.15 
            965         7501.23 
            975         6071.28 
            985           10817 
            995         11982.8 
           1005         14783.1 
           1015         16103.7 
           1025         11019.8 
           1035           20656 
           1045           25803 
           1055         29672.7 
           1065         32655.8 
           1075         38249.3 
           1085         43166.8 
           1095         46928.6 
           1105          133105 
           1115      5.33661e+6 
           1125      8.30809e+6 
           1135      1.07674e+7 
           1145      9.18588e+6 
           1155      8.69428e+6 
           1165      6.74977e+6 
           1175      3.00593e+6 
           1185       1.7102e+6 
           1195          145149 
           1205          110459 
           1215         28102.5 
           1225          116193 
           1235          251791 
           1245          764579 
           1255      7.12978e+6 
           1265      1.40778e+7 
           1275      3.34245e+7 
           1285      5.53108e+7 
           1295      6.14239e+7 
           1305      4.15326e+7 
           1315      7.29398e+7 
           1325      8.51321e+7 
           1335      8.41955e+7 
           1345      1.02368e+8 
           1355      9.55621e+7 
           1365       8.7042e+7 
           1375      9.34759e+7 
           1385      8.84819e+7 
           1395      9.14073e+7 
           1405      1.01891e+8 
           1415      1.01995e+8 
           1425      1.10691e+8 
           1435      1.00142e+8 
           1442      1.12822e+8 
           1447      1.20361e+8 
           1455      1.21748e+8 
           1465      1.11763e+8 
           1475       1.0775e+8 
           1485       1.1182e+8 
           1495      1.19477e+8 
           1505      1.21224e+8 
           1512      1.12537e+8 
           1517      1.20833e+8 
           1525      1.14019e+8 
           1535       1.1246e+8 
           1545       1.2295e+8 
           1555      1.06195e+8 
           1565      9.30157e+7 
           1575      1.08835e+8 
           1585      1.18808e+8 
           1595       1.2563e+8 
           1605       1.1872e+8 
           1615      1.18193e+8 
           1625      1.07243e+8 
           1635      1.11613e+8 
           1645      1.19187e+8 
           1655      9.85073e+7 
           1665      1.17315e+8 
           1672      9.08005e+7 
           1677      1.09893e+8 
           1685      1.20301e+8 
           1695      1.10457e+8 
           1705      1.07357e+8 
           1715      1.08775e+8 
           1725      1.06958e+8 
           1735      1.12102e+8 
           1745       1.0884e+8 
           1755      1.16937e+8 
           1765      1.02105e+8 
           1775      1.12702e+8 
           1785      1.11296e+8 
           1795      1.18935e+8 
           1805      1.13186e+8 
           1815      1.12319e+8 
           1825      1.07611e+8 
           1835        1.055e+8 
           1845      9.84318e+7 
           1855      1.02451e+8 
           1865      1.02843e+8 
           1875        1.065e+8 
           1885      1.05926e+8 
           1895      1.04482e+8 
           1905      9.99382e+7 
           1915      1.03006e+8 
           1925      1.03718e+8 
           1935      1.00868e+8 
           1945      1.05888e+8 
           1955      1.04325e+8 
           1967      1.05996e+8 
           1976       1.0374e+8 
           1984      1.01546e+8 
           1995      9.91135e+7 
           2005      9.75369e+7 
           2015      9.38896e+7 
           2025      9.36537e+7 
           2035      9.59288e+7 
           2045      9.80195e+7 
           2055      9.39634e+7 
           2065      9.28346e+7 
           2074      9.60859e+7 
           2078      9.80981e+7 
           2085      9.72497e+7 
           2095      9.39975e+7 
           2105       9.2367e+7 
           2115      9.21607e+7 
           2125      9.25885e+7 
           2135      8.19111e+7 
           2145      8.95762e+7 
           2155      8.96472e+7 
           2165      8.57991e+7 
           2175      8.46455e+7 
           2185      8.47249e+7 
           2195      8.88807e+7 
           2205      8.54495e+7 
           2215      7.93587e+7 
           2225      7.86089e+7 
           2235      8.56975e+7 
           2245      7.84626e+7 
           2255      7.71681e+7 
           2265      7.70832e+7 
           2275       8.1364e+7 
           2285      8.31714e+7 
           2295      7.84212e+7 
           2305      7.76007e+7 
           2315      7.57576e+7 
           2325      7.58112e+7 
           2335      7.32978e+7 
           2345      6.79983e+7 
           2355      7.48498e+7 
           2365      6.84459e+7 
           2375      7.18246e+7 
           2385      6.43052e+7 
           2395      6.94544e+7 
           2405      6.66439e+7 
           2415      6.79084e+7 
           2425      7.08344e+7 
           2435      6.77504e+7 
           2445      7.16339e+7 
           2455      6.91324e+7 
           2465       6.8672e+7 
           2475      6.61378e+7 
           2485      6.93402e+7 
           2495      6.71817e+7 
           2505      7.23378e+7 
           2513      6.70879e+7 
           2518      6.76356e+7 
           2525      6.37098e+7 
           2535      6.29034e+7 
           2545      6.30847e+7 
           2555      6.64238e+7 
           2565      6.61645e+7 
           2575      6.96403e+7 
           2585      6.96664e+7 
           2595      6.90185e+7 
           2605      6.63468e+7 
           2615       6.5945e+7 
           2625      6.81608e+7 
           2635      6.84255e+7 
           2645      7.36281e+7 
           2655      7.26682e+7 
           2665      6.85329e+7 
           2675      7.04063e+7 
           2685      7.05151e+7 
           2695      6.78196e+7 
           2705      6.86783e+7 
           2715       6.6088e+7 
           2725      6.63192e+7 
           2735      6.99248e+7 
           2745      6.22915e+7 
           2755      6.25946e+7 
           2765      6.45129e+7 
           2775      6.74881e+7 
           2785       6.6431e+7 
           2795      5.55785e+7 
           2805      6.04214e+7 
           2815       6.8284e+7 
           2825       6.8231e+7 
           2835      6.61288e+7 
           2845      6.42125e+7 
           2855      6.27882e+7 
           2865      6.53476e+7 
           2875      6.39733e+7 
           2885      6.52052e+7 
           2895      6.37038e+7 
           2910      6.77288e+7 
           2930      6.53506e+7 
           2950      6.50864e+7 
           2970      6.52846e+7 
           2990      6.52402e+7 
           3010      6.58356e+7 
           3030      6.52648e+7 
           3050      6.45819e+7 
           3070      6.37632e+7 
           3090      6.40725e+7 
           3110      6.29747e+7 
           3130      6.24761e+7 
           3150      6.27067e+7 
           3170      6.21955e+7 
           3190      6.04184e+7 
           3210      6.10719e+7 
           3230      6.00253e+7 
           3250      6.02163e+7 
           3270      6.02571e+7 
           3290      6.02922e+7 
           3310       6.0171e+7 
           3330      5.91209e+7 
           3350      5.81954e+7 
           3370       5.8157e+7 
           3390      5.75745e+7 
           3410      5.80122e+7 
           3430      5.76645e+7 
           3450      5.72888e+7 
           3470      5.66773e+7 
           3490        5.637e+7 
           3510      5.63991e+7 
           3530      5.62363e+7 
           3550      5.59542e+7 
           3570      5.52137e+7 
           3590      5.48926e+7 
           3610      5.45664e+7 
           3630      5.42498e+7 
           3640      5.40289e+7 
           3650      5.45337e+7 
           3670      5.42486e+7 
           3690      5.22427e+7 
           3710      5.32548e+7 
           3730      5.44996e+7 
           3750      6.92889e+7 
           3770      7.45329e+7 
           3790      9.34711e+7 
           3810      1.10763e+8 
           3830      8.67417e+7 
           3850      1.22813e+8 
           3870      1.40425e+8 
           3890      7.40559e+7 
           3910      1.39048e+8 
           3930        1.464e+8 
           3950      1.38209e+8 
           3970      7.06806e+7 
           3990      1.30901e+8 
           4010      1.45858e+8 
           4030       1.4527e+8 
           4050      1.43414e+8 
           4070      1.36613e+8 
           4090      1.03474e+8 
           4110      7.76316e+7 
           4130      1.28317e+8 
           4150      1.33882e+8 
           4170      1.32832e+8 
           4190      1.31526e+8 
           4210       1.2991e+8 
           4230      1.27398e+8 
           4250      1.25841e+8 
           4270      1.23545e+8 
           4290      1.21544e+8 
           4310      1.14633e+8 
           4330      8.35929e+7 
           4350      7.04803e+7 
           4370      1.09976e+8 
           4390      1.12616e+8 
           4410       1.1255e+8 
           4430      1.11683e+8 
           4450      1.10851e+8 
           4470      1.09322e+8 
           4490      1.06943e+8 
           4510      1.06442e+8 
           4530      1.04944e+8 
           4550      1.02842e+8 
           4570      1.02619e+8 
           4590      1.00865e+8 
           4610      1.00534e+8 
           4630      9.84719e+7 
           4650      9.79683e+7 
           4670      9.66645e+7 
           4690      9.50213e+7 
           4710      9.25672e+7 
           4730      9.30271e+7 
           4750      9.17746e+7 
           4770      9.04981e+7 
           4790      8.90887e+7 
           4810       8.7099e+7 
           4830      8.28312e+7 
           4850       6.2993e+7 
           4870      5.06176e+7 
           4890      7.77863e+7 
           4910      8.15699e+7 
           4930      8.10582e+7 
           4950       8.0935e+7 
           4970      8.02436e+7 
           4990       7.9284e+7 
           5010      7.77907e+7 
           5030      7.73908e+7 
           5050      7.61749e+7 
           5070      7.57129e+7 
           5090      7.48309e+7 
           5110      7.39375e+7 
           5130      7.30759e+7 
           5150      7.21388e+7 
           5170      7.06134e+7 
           5190      6.99934e+7 
           5210      6.96805e+7 
           5230       6.8552e+7 
           5250      6.81701e+7 
           5270       6.6935e+7 
           5290      6.66316e+7 
           5310      6.55922e+7 
           5330      6.49365e+7 
           5350      6.44479e+7 
           5370      6.36408e+7 
           5390      6.29567e+7 
           5410      6.21602e+7 
           5430      6.15357e+7 
           5450      6.09313e+7 
           5470      6.02487e+7 
           5490       5.9608e+7 
           5510      5.89503e+7 
           5530       5.8256e+7 
           5550      5.76975e+7 
           5570      5.70532e+7 
           5590      5.64407e+7 
           5610       5.5857e+7 
           5630      5.52646e+7 
           5650      5.46465e+7 
           5670      5.40589e+7 
           5690      5.35016e+7 
           5710      5.29412e+7 
           5730      5.23932e+7 
           5750      5.18233e+7 
           5770      5.12825e+7 
           5790      5.07345e+7 
           5810      5.02104e+7 
           5830       4.9687e+7 
           5850      4.91708e+7 
           5870      4.86054e+7 
           5890      4.79533e+7 
           5910      4.76532e+7 
           5930      4.71705e+7 
           5950      4.66528e+7 
           5970      4.61947e+7 
           5990      4.56917e+7 
           6010       4.5242e+7 
           6030      4.48034e+7 
           6050      4.43411e+7 
           6070      4.39061e+7 
           6090      4.34627e+7 
           6110      4.30244e+7 
           6130      4.25816e+7 
           6150      4.19895e+7 
           6170      4.17296e+7 
           6190      4.13405e+7 
           6210      4.09298e+7 
           6230       4.0517e+7 
           6250      4.00307e+7 
           6270      3.97363e+7 
           6290      3.93469e+7 
           6310      3.89397e+7 
           6330      3.85758e+7 
           6350      3.80116e+7 
           6370      3.77157e+7 
           6390      3.74588e+7 
           6410       3.7075e+7 
           6430      3.67237e+7 
           6450      3.62173e+7 
           6470        3.591e+7 
           6490      3.54352e+7 
           6510       3.4856e+7 
           6530      3.36532e+7 
           6550      2.88441e+7 
           6570      2.32192e+7 
           6590      3.15954e+7 
           6610      3.30221e+7 
           6630      3.31145e+7 
           6650      3.29445e+7 
           6670      3.26924e+7 
           6690      3.24534e+7 
           6710      3.21866e+7 
           6730      3.18757e+7 
           6750      3.15894e+7 
           6770      3.13094e+7 
           6790      3.10216e+7 
           6810       3.0738e+7 
           6830      3.04493e+7 
           6850      3.01753e+7 
           6870      2.99049e+7 
           6890      2.96348e+7 
           6910      2.93656e+7 
           6930      2.90975e+7 
           6950       2.8839e+7 
           6970      2.85799e+7 
           6990      2.83264e+7 
           7010      2.80492e+7 
           7030      2.78175e+7 
           7050      2.75681e+7 
           7070      2.73295e+7 
           7090      2.70916e+7 
           7110      2.67754e+7 
           7130      2.66024e+7 
           7150      2.63691e+7 
           7170      2.61474e+7 
           7190      2.59169e+7 
           7210      2.56922e+7 
           7230      2.54652e+7 
           7250       2.5236e+7 
           7270      2.50303e+7 
           7290      2.48074e+7 
           7310      2.45929e+7 
           7330      2.43866e+7 
           7350      2.41802e+7 
           7370      2.39756e+7 
           7390      2.37667e+7 
           7410      2.35583e+7 
           7430      2.33382e+7 
           7450      2.31519e+7 
           7470      2.29302e+7 
           7490      2.27575e+7 
           7510      2.25751e+7 
           7530      2.23935e+7 
           7550      2.22096e+7 
           7570      2.20227e+7 
           7590      2.18394e+7 
           7610      2.16584e+7 
           7630      2.14771e+7 
           7650      2.12954e+7 
           7670      2.11166e+7 
           7690      2.09452e+7 
           7710      2.07688e+7 
           7730      2.06054e+7 
           7750      2.04358e+7 
           7770      1.99726e+7 
           7790      2.01042e+7 
           7810      1.99414e+7 
           7830      1.97733e+7 
           7850      1.96042e+7 
           7870      1.94129e+7 
           7890      1.92311e+7 
           7910      1.91333e+7 
           7930      1.89866e+7 
           7950      1.88054e+7 
           7970      1.86892e+7 
           7990      1.84511e+7 
           8010      1.83902e+7 
           8030      1.82421e+7 
           8050      1.80998e+7 
           8070      1.79535e+7 
           8090      1.78125e+7 
           8110      1.76732e+7 
           8130      1.75362e+7 
           8150      1.73986e+7 
           8170      1.72621e+7 
           8190      1.70892e+7 
           8210      1.70195e+7 
           8230      1.68879e+7 
           8250      1.67762e+7 
           8270      1.67046e+7 
           8290      1.65786e+7 
           8310      1.64656e+7 
           8330       1.6303e+7 
           8350      1.62212e+7 
           8370      1.60916e+7 
           8390       1.5947e+7 
           8410      1.57988e+7 
           8430      1.56619e+7 
           8450      1.54164e+7 
           8470      1.51851e+7 
           8490      1.53472e+7 
           8510      1.46702e+7 
           8530      1.52565e+7 
           8550      1.38885e+7 
           8570      1.53406e+7 
           8590      1.41935e+7 
           8610      1.38384e+7 
           8630      1.54411e+7 
           8650      1.46765e+7 
           8670      1.22212e+7 
           8690      1.50246e+7 
           8710      1.56544e+7 
           8730      1.48675e+7 
           8750      1.16042e+7 
           8770      1.40155e+7 
           8790      1.55409e+7 
           8810      1.57175e+7 
           8830      1.52182e+7 
           8850      1.32135e+7 
           8870        1.114e+7 
           8890      1.42656e+7 
           8910      1.51241e+7 
           8930      1.52445e+7 
           8950      1.52103e+7 
           8970      1.48818e+7 
           8990      1.39365e+7 
           9010      1.08898e+7 
           9030      1.19102e+7 
           9050      1.39708e+7 
           9070      1.43214e+7 
           9090      1.42954e+7 
           9110      1.43975e+7 
           9130      1.43498e+7 
           9150      1.42251e+7 
           9170      1.40058e+7 
           9190      1.35626e+7 
           9210      1.23251e+7 
           9230      9.52782e+6 
           9250      1.17969e+7 
           9270      1.29074e+7 
           9290      1.33827e+7 
           9310       1.3413e+7 
           9330      1.33599e+7 
           9350      1.32886e+7 
           9370      1.32023e+7 
           9390      1.30769e+7 
           9410      1.28844e+7 
           9430      1.28904e+7 
           9450      1.27811e+7 
           9470      1.26381e+7 
           9490      1.24259e+7 
           9510      1.19859e+7 
           9530       1.0719e+7 
           9550      8.59724e+6 
           9570      1.08352e+7 
           9590      1.17286e+7 
           9610      1.19078e+7 
           9630      1.18572e+7 
           9650      1.18975e+7 
           9670      1.17782e+7 
           9690       1.1755e+7 
           9710      1.17066e+7 
           9730      1.16223e+7 
           9750      1.15374e+7 
           9770      1.14626e+7 
           9790      1.13804e+7 
           9810      1.12973e+7 
           9830      1.12116e+7 
           9850      1.11292e+7 
           9870      1.10494e+7 
           9890      1.09342e+7 
           9910      1.08752e+7 
           9930      1.07829e+7 
           9950      1.06943e+7 
           9970      1.05836e+7 
           9990      1.04197e+7 
          10025       9.2945e+6 
          10075      8.81351e+6 
          10125      9.95887e+6 
          10175      9.91363e+6 
          10225      9.78052e+6 
          10275      9.61776e+6 
          10325      9.45452e+6 
          10375       9.2971e+6 
          10425      9.14262e+6 
          10475      8.97624e+6 
          10525        8.833e+6 
          10575      8.69173e+6 
          10625      8.55173e+6 
          10675      8.34715e+6 
          10725      8.24726e+6 
          10775      8.12222e+6 
          10825      7.96312e+6 
          10875      7.71135e+6 
          10925      6.42164e+6 
          10975      7.01601e+6 
          11025      7.42703e+6 
          11075      7.37118e+6 
          11125      7.27584e+6 
          11175      7.16624e+6 
          11225      7.05529e+6 
          11275      6.90602e+6 
          11325      6.80259e+6 
          11375      6.72806e+6 
          11425      6.62254e+6 
          11475      6.52777e+6 
          11525      6.42926e+6 
          11575      6.33111e+6 
          11625      6.22324e+6 
          11675      6.11451e+6 
          11725      6.04957e+6 
          11775      5.91979e+6 
          11825      5.85528e+6 
          11875      5.76573e+6 
          11925      5.69843e+6 
          11975      5.60285e+6 
          12025      5.52979e+6 
          12075      5.44609e+6 
          12125      5.36796e+6 
          12175      5.29272e+6 
          12225      5.21573e+6 
          12275      5.13832e+6 
          12325      5.06547e+6 
          12375      4.99409e+6 
          12425      4.92496e+6 
          12475      4.84947e+6 
          12525       4.7849e+6 
          12575      4.70977e+6 
          12625      4.64465e+6 
          12675      4.57172e+6 
          12725      4.48166e+6 
          12775      4.26197e+6 
          12825      3.64728e+6 
          12875      4.19125e+6 
          12925      4.24572e+6 
          12975      4.20747e+6 
          13025      4.16166e+6 
          13075       4.1059e+6 
          13125      4.04996e+6 
          13175      3.99084e+6 
          13225      3.94155e+6 
          13275      3.88882e+6 
          13325      3.83677e+6 
          13375       3.7856e+6 
          13425      3.73511e+6 
          13475      3.68523e+6 
          13525      3.63477e+6 
          13575      3.58801e+6 
          13625      3.54163e+6 
          13675      3.49441e+6 
          13725      3.44521e+6 
          13775      3.40474e+6 
          13825      3.36085e+6 
          13875      3.31828e+6 
          13925       3.2743e+6 
          13975      3.23335e+6 
          14025      3.19213e+6 
          14075      3.15163e+6 
          14125      3.11143e+6 
          14175      3.07206e+6 
          14225      3.03339e+6 
          14275      2.99516e+6 
          14325      2.95758e+6 
          14375        2.921e+6 
          14425      2.87254e+6 
          14475      2.84859e+6 
          14525      2.80795e+6 
          14570      2.78193e+6 
          14620      2.74972e+6 
          14675       2.7155e+6 
          14725      2.68284e+6 
          14775      2.64815e+6 
          14825        2.619e+6 
          14875      2.58525e+6 
          14925      2.55883e+6 
          14975      2.52766e+6 
          15025      2.49584e+6 
          15075      2.46705e+6 
          15125      2.43841e+6 
          15175      2.40863e+6 
          15225      2.38113e+6 
          15275      2.34861e+6 
          15325      2.31856e+6 
          15375      2.29617e+6 
          15425      2.25249e+6 
          15475      2.24095e+6 
          15525      2.21231e+6 
          15575      2.15294e+6 
          15625       2.1847e+6 
          15675      2.11452e+6 
          15725      2.06011e+6 
          15775      2.11989e+6 
          15825      2.08921e+6 
          15875      1.92449e+6 
          15925      2.01062e+6 
          15975        2.045e+6 
          16050      1.97343e+6 
          16150      1.85605e+6 
          16250       1.9447e+6 
          16350      1.83868e+6 
          16450      1.72353e+6 
          16550      1.82848e+6 
          16650       1.7915e+6 
          16750      1.67846e+6 
          16850      1.57129e+6 
          16950      1.67488e+6 
          17050      1.64583e+6 
          17150       1.6103e+6 
          17250      1.56142e+6 
          17350      1.37765e+6 
          17450      1.47449e+6 
          17550       1.4756e+6 
          17650      1.44901e+6 
          17750      1.41993e+6 
          17850      1.39011e+6 
          17950       1.3604e+6 
          18050      1.32098e+6 
          18150      1.17837e+6 
          18250      1.23449e+6 
          18350      1.24905e+6 
          18450      1.22746e+6 
          18550      1.20069e+6 
          18650      1.16575e+6 
          18750      1.03769e+6 
          18850      1.11538e+6 
          18950      1.10836e+6 
          19050      1.09084e+6 
          19150      1.06951e+6 
          19250      1.04572e+6 
          19350       1.0122e+6 
          19450          902435 
          19550          973687 
          19650          968836 
          19750          952648 
          19850          935059 
          19950          917599 
          20050          900550 
          20150          883893 
          20250          867587 
          20350          851659 
          20450          836178 
          20550          820997 
          20650          806049 
          20750          791587 
          20850          777452 
          20950          763550 
          21050          749946 
          21150          736368 
          21250          723348 
          21350          710745 
          21450          696763 
          21550          677219 
          21650          608639 
          21750          648544 
          21850          649288 
          21950          640603 
          22050          629651 
          22150          618835 
          22250          608651 
          22350          598434 
          22450          588445 
          22550          578560 
          22650          569057 
          22750          559662 
          22850          550764 
          22950          541803 
          23050          533115 
          23150          524538 
          23250          516162 
          23350          507923 
          23450          499859 
          23550          491953 
          23650          484186 
          23750          476565 
          23850          469073 
          23950          461722 
          24050          454431 
          24150          447284 
          24250          440419 
          24350          433482 
          24450          426539 
          24550          420321 
          24650          413273 
          24750          407019 
          24850          401809 
          24950          392440 
          25050          390003 
          25150          384256 
          25250          372765 
          25350          372315 
          25450          368544 
          25550          361004 
          25650          347331 
          25750          351201 
          25850          347873 
          25950          342462 
          26050          332215 
          26150          316155 
          26250          298038 
          26350          316941 
          26450          318640 
          26550          314680 
          26650          306817 
          26750          286464 
          26850          298130 
          26950          298027 
          27050          294582 
          27150          290704 
          27250          286616 
          27350          282207 
          27450          275960 
          27550          255997 
          27650          261156 
          27750          266028 
          27850          263767 
          27950          260696 
          28050          257160 
          28150          253677 
          28250          250256 
          28350          246890 
          28450          243147 
          28550          238803 
          28650          229708 
          28750          215005 
          28850          227394 
          28950          226937 
          29050          224779 
          29150          221865 
          29250          219016 
          29350          216179 
          29450          213380 
          29550          210627 
          29650          207914 
          29750          205246 
          29850          202617 
          29950          200032 
          30050          197447 
          30150          194361 
          30250          190403 
          30350          177212 
          30450          178646 
          30550          183775 
          30650          182606 
          30750          180763 
          30850          178481 
          30950          176322 
          31050          174149 
          31150          171996 
          31250          169894 
          31350          167830 
          31450          165775 
          31550          163791 
          31650          161813 
          31750          159846 
          31850          157942 
          31950          156047 
          32100          153257 
          32300          149643 
          32500          146127 
          32700          142259 
          32900          131827 
          33100          133419 
          33300          132545 
          33500          129698 
          33700          126770 
          33900          123964 
          34100          121208 
          34300          118534 
          34500          115933 
          34700          113386 
          34900          110915 
          35100          108505 
          35300          106163 
          35500          103873 
          35700          101637 
          35900         99504.7 
          36100         97341.4 
          36300         95354.1 
          36500         93240.3 
          36700         91437.9 
          36900         89237.7 
          37100         87506.1 
          37300         83502.4 
          37500         80856.7 
          37700         82291.2 
          37900         80842.6 
          38100         78727.3 
          38300         77231.6 
          38500         76179.7 
          38700           74690 
          38900         72970.4 
          39100         70569.9 
          39300           70295 
          39500         69077.9 
          39700         67759.7 
          39900         66372.3 
          40100           64203 
          40300         62586.2 
          40500           59790 
          40700         61202.9 
          40900         60396.2 
          41100         59399.7 
          41300         58207.1 
          41500         56825.1 
          41700         53917.7 
          41900         54680.9 
          42100         54071.2 
          42300         53137.9 
          42500         52173.8 
          42700         51229.7 
          42900         50308.8 
          43100           49407 
          43300         48521.7 
          43500         47449.4 
          43700         44942.8 
          43900         45169.4 
          44100         45097.8 
          44300         44399.6 
          44500         43628.5 
          44700         42937.5 
          44900         42125.9 
          45100         41404.9 
          45300         40696.8 
          45500         40004.9 
          45700           39322 
          45900         38643.8 
          46100         37958.2 
          46300         37140.7 
          46500         34830.5 
          46700         34285.8 
          46900         35115.9 
          47100         34892.8 
          47300         34379.6 
          47500         33833.4 
          47700         33293.8 
          47900         32760.1 
          48100         32234.3 
          48300         31719.2 
          48500         31213.2 
          48700         30717.3 
          48900         30230.2 
          49100         29753.3 
          49300         29284.5 
          49500         28828.5 
          49700         28372.7 
          49900         27936.9 
          50100         27499.7 
          50300         27065.5 
          50500         26658.1 
          50700         26238.6 
          50900         25784.1 
          51100         25187.4 
          51300         23814.7 
          51500           24498 
          51700         24255.2 
          51900         23948.4 
          52100         23612.2 
          52300         23261.1 
          52500         22886.1 
          52700         22524.1 
          52900         22245.1 
          53100         21933.5 
          53300         21614.1 
          53500         21288.3 
          53700         20910.5 
          53900         20611.7 
          54100         20382.3 
          54300         20130.3 
          54500         19852.1 
          54700           19570 
          54900         19248.9 
          55100         18912.1 
          55300           18560 
          55500         18427.7 
          55700         18220.3 
          55900         17975.6 
          56100           17728 
          56300         17482.2 
          56500         17240.7 
          56700         16985.7 
          56900         16689.6 
          57100         16267.8 
          57300         16217.6 
          57500         16073.1 
          57700         15878.1 
          57900         15664.1 
          58100         15454.9 
          58300         15234.9 
          58500         15018.6 
          58700         14796.1 
          58900           14458 
          59100         13700.2 
          59300         14098.6 
          59500         13756.1 
          59700         13708.5 
          59900         13668.5 
          60100         13516.1 
          60300         13347.9 
          60500         13179.5 
          60700           13011 
          60900         12845.4 
          61100         12681.8 
          61300           12521 
          61500           12363 
          61700         12205.8 
          61900         12051.3 
          62100         11898.6 
          62300         11745.6 
          62500         11584.7 
          62700           11372 
          62900         10927.5 
          63100           11058 
          63300         11014.5 
          63500         10897.6 
          63700         10768.9 
          63900         10641.6 
          64200         10465.6 
          64600         10213.7 
          65000         9968.85 
          65400         9731.92 
          65800         9500.84 
          66200          9277.2 
          66600         9057.36 
          67000         8832.91 
          67400         8579.91 
          67800         8207.72 
          68200         8221.06 
          68600         8058.21 
          69000         7881.99 
          69400         7693.45 
          69800         7531.69 
          70200         7365.45 
          70600          7199.7 
          71000         7030.07 
          71400         6889.53 
          71800         6740.05 
          72200         6593.01 
          72600         6433.94 
          73000         6305.09 
          73400         6179.71 
          73800         6040.49 
          74200         5888.43 
          74600         5591.82 
          75000          5413.2 
          75400         5501.55 
          75800         5426.75 
          76200         5320.93 
          76600         5216.96 
          77000         5112.12 
          77400         5000.45 
          77800         4876.03 
          78200         4802.05 
          78600         4720.08 
          79000         4626.64 
          79400          4535.5 
          79800         4446.61 
          80200         4359.85 
          80600         4275.22 
          81000         4185.61 
          81400          4072.2 
          81800         4009.42 
          82200         3953.18 
          82600         3881.47 
          83000         3808.26 
          83400         3736.49 
          83800         3666.64 
          84200         3598.47 
          84600         3531.97 
          85000         3466.92 
          85400         3403.24 
          85800         3340.86 
          86200         3269.24 
          86600         3164.13 
          87000         3144.19 
          87400         3041.75 
          87800         2987.96 
          88200         2990.21 
          88600         2943.36 
          89000         2891.47 
          89400         2840.76 
          89800         2791.12 
          90200         2742.53 
          90600         2695.01 
          91000         2648.53 
          91400         2603.03 
          91800         2558.54 
          92200         2514.93 
          92600         2466.81 
          93000         2426.42 
          93400          2381.2 
          93800         2296.62 
          94200         2288.32 
          94600         2266.32 
          95000         2229.66 
          95400         2193.49 
          95800         2161.67 
          96200         2126.34 
          96600         2091.77 
          97000         2057.86 
          97400         2024.63 
          97800         1992.08 
          98200         1957.29 
          98600          1923.5 
          99000         1898.26 
          99400         1868.22 
          99800         1838.78 
         100200         1809.91 
         200000          115.92 
         400000         7.21487 
         600000         1.41389 
         800000        0.444095 
         1.0e+6        0.180733 
         1.2e+6       0.0866688 
         1.4e+6       0.0465494 
         1.6e+6       0.0271643 
