# Kurucz ODFNEW /NOVER models
# teff = 8000 K (value for the effective temperature for the model. Temperatures are given in K)
# logg = 2.00 log(cm/s2) (value for Log(G) for the model.)
# meta = -0.5  (value for the Metallicity for the model.)
# lh = 1.25  (l/Hp where l is the  mixing length of the convective element and Hp is the pressure scale height)
# vtur = 2.0 km/s (Microturbulence velocity)
#
# column 1: WAVELENGTH (ANGSTROM), Wavelength in Angstrom
# column 2: FLUX (ERG/CM2/S/A), Flux in erg/cm2/s/A
              0               0 
           90.9               0 
           93.5               0 
           96.1               0 
           97.7               0 
           99.6               0 
            102               0 
          103.8               0 
          105.6               0 
          107.7               0 
          110.4               0 
            114               0 
          117.8               0 
          121.3               0 
          124.8               0 
          127.1               0 
          128.4               0 
          130.5               0 
          132.4               0 
          133.9               0 
          136.6               0 
          139.8               0 
          143.3               0 
          147.2               0 
            151               0 
          155.2               0 
          158.8               0 
            162               0 
            166               0 
          170.3               0 
          173.4               0 
          176.8               0 
          180.2               0 
          181.7               0 
          186.1               0 
            191               0 
          193.9               0 
          198.4               0 
          201.8               0 
            205               0 
          210.5               0 
          216.2               0 
          219.8               0 
            223               0 
          226.8               0 
            230               0 
            234               0 
            240               0 
          246.5               0 
          252.4               0 
          256.8               0 
            260               0 
            264               0 
          268.5               0 
          273.5               0 
          278.5               0 
            284               0 
            290               0 
            296               0 
            301               0 
            308               0 
            318               0 
            328               0 
            338               0 
            348               0 
            357     1.89558e-23 
            366     1.74351e-22 
            375     1.17569e-21 
            385     8.69662e-21 
            395     5.78575e-20 
            405     3.49411e-19 
            414      1.6324e-18 
            422     6.06906e-18 
            430     2.14486e-17 
            441     1.12633e-16 
            451     4.72929e-16 
            460     1.62762e-15 
            470     6.06588e-15 
            480      2.1353e-14 
            490     7.12508e-14 
            500     2.26098e-13 
            506     4.20363e-13 
            512     8.35866e-13 
            520     1.95053e-12 
            530     5.50116e-12 
            540     1.46803e-11 
            550     3.77391e-11 
            560     9.36468e-11 
            570     2.24728e-10 
            580     5.14129e-10 
            590      1.17878e-9 
            600      2.58458e-9 
            610      5.51528e-9 
            620      1.14705e-8 
            630      2.32758e-8 
            640      4.61432e-8 
            650      8.94611e-8 
            658      1.49626e-7 
            665      2.32159e-7 
            675      4.27618e-7 
            685      7.72865e-7 
            695      1.37184e-6 
            705      2.35524e-6 
            716      2.02821e-7 
            726       3.2422e-7 
            735      4.88542e-7 
            745      7.60487e-7 
            755      1.16828e-6 
            765      1.77221e-6 
            775      2.65569e-6 
            785      3.93412e-6 
            795      5.73554e-6 
            805      8.33483e-6 
            815      1.19622e-5 
            825      1.69816e-5 
            835      2.38749e-5 
            845       3.3265e-5 
            855      4.59282e-5 
            865      6.28719e-5 
            875      8.52535e-5 
            885     0.000114935 
            895     0.000153608 
            905     0.000203272 
            915         0.27241 
            925         1.00384 
            935         1.29206 
            945         1.71528 
            955         2.41188 
            965         3.08888 
            975         3.55746 
            985         4.78996 
            995         5.70256 
           1005         7.58775 
           1015         9.14049 
           1025         10.0577 
           1035          14.031 
           1045         17.4068 
           1055         21.1953 
           1065          24.942 
           1075         30.7158 
           1085         36.9938 
           1095          43.067 
           1105         122.794 
           1115         362.542 
           1125         506.266 
           1135         665.245 
           1145         779.568 
           1155         804.391 
           1165         971.621 
           1175         990.026 
           1185         1152.47 
           1195         366.568 
           1205         248.202 
           1215          57.606 
           1225         281.853 
           1235         778.246 
           1245         1744.28 
           1255         3329.76 
           1265         4006.19 
           1275          6603.8 
           1285         11066.1 
           1295         15902.9 
           1305         13748.1 
           1315         36437.1 
           1325           61146 
           1335         69684.1 
           1345          134099 
           1355          153021 
           1365          175725 
           1375          209584 
           1385          219511 
           1395          260591 
           1405          355371 
           1415          391685 
           1425          508874 
           1435          484060 
           1442          601740 
           1447          705616 
           1455          927756 
           1465          929914 
           1475          972377 
           1485      1.11962e+6 
           1495      1.31652e+6 
           1505       1.4274e+6 
           1512      1.28267e+6 
           1517       1.4256e+6 
           1525       1.5684e+6 
           1535       3.7826e+6 
           1545      7.10589e+6 
           1555      6.39235e+6 
           1565      5.38601e+6 
           1575      7.65739e+6 
           1585      8.55994e+6 
           1595      1.03509e+7 
           1605      9.08047e+6 
           1615      8.63588e+6 
           1625      7.73057e+6 
           1635      9.02357e+6 
           1645      1.07864e+7 
           1655      6.89924e+6 
           1665      1.07103e+7 
           1672      4.57103e+6 
           1677      1.10461e+7 
           1685      1.33391e+7 
           1695      1.25926e+7 
           1705      1.16106e+7 
           1715      1.29444e+7 
           1725      1.30619e+7 
           1735      1.47903e+7 
           1745      1.39098e+7 
           1755      1.64035e+7 
           1765       1.3005e+7 
           1775      1.54644e+7 
           1785      1.46803e+7 
           1795      1.80635e+7 
           1805      1.60601e+7 
           1815      1.68751e+7 
           1825      1.51218e+7 
           1835      1.45043e+7 
           1845      1.31644e+7 
           1855      1.43378e+7 
           1865      1.49079e+7 
           1875       1.5058e+7 
           1885      1.52888e+7 
           1895      1.59556e+7 
           1905       1.4575e+7 
           1915      1.58398e+7 
           1925      1.62551e+7 
           1935      1.39987e+7 
           1945      1.68348e+7 
           1955      1.68414e+7 
           1967      1.77553e+7 
           1976      1.73401e+7 
           1984      1.67785e+7 
           1995      1.61917e+7 
           2005      1.56052e+7 
           2015      1.49756e+7 
           2025      1.42639e+7 
           2035      1.56916e+7 
           2045       1.7005e+7 
           2055      1.57212e+7 
           2065      1.51294e+7 
           2074      1.75627e+7 
           2078      1.81112e+7 
           2085      1.74455e+7 
           2095      1.66854e+7 
           2105      1.56736e+7 
           2115      1.58306e+7 
           2125      1.63453e+7 
           2135      1.28353e+7 
           2145      1.52362e+7 
           2155      1.55372e+7 
           2165      1.44681e+7 
           2175      1.43385e+7 
           2185       1.4771e+7 
           2195      1.60974e+7 
           2205      1.53984e+7 
           2215      1.36042e+7 
           2225      1.33642e+7 
           2235      1.57639e+7 
           2245      1.39606e+7 
           2255      1.31851e+7 
           2265      1.32775e+7 
           2275      1.45782e+7 
           2285      1.51833e+7 
           2295      1.40377e+7 
           2305      1.42991e+7 
           2315      1.37815e+7 
           2325      1.34081e+7 
           2335      1.15336e+7 
           2345      9.78508e+6 
           2355      1.33295e+7 
           2365      1.00594e+7 
           2375      1.21135e+7 
           2385      8.68472e+6 
           2395      1.04973e+7 
           2405      9.96141e+6 
           2415      1.08881e+7 
           2425      1.33898e+7 
           2435      1.29871e+7 
           2445       1.3902e+7 
           2455      1.35165e+7 
           2465      1.33717e+7 
           2475      1.26488e+7 
           2485      1.32928e+7 
           2495      1.27646e+7 
           2505      1.50926e+7 
           2513      1.26957e+7 
           2518      1.32954e+7 
           2525      1.18781e+7 
           2535      1.14604e+7 
           2545      1.15729e+7 
           2555      1.28294e+7 
           2565      1.24507e+7 
           2575      1.37985e+7 
           2585       1.3507e+7 
           2595      1.28174e+7 
           2605      1.19409e+7 
           2615      1.14767e+7 
           2625      1.34643e+7 
           2635      1.40883e+7 
           2645      1.72716e+7 
           2655      1.71556e+7 
           2665      1.50427e+7 
           2675       1.6005e+7 
           2685      1.58406e+7 
           2695      1.50412e+7 
           2705      1.55413e+7 
           2715      1.43221e+7 
           2725      1.46012e+7 
           2735      1.59829e+7 
           2745      1.18893e+7 
           2755      1.29145e+7 
           2765      1.37393e+7 
           2775       1.5635e+7 
           2785      1.47191e+7 
           2795      8.00044e+6 
           2805      9.75243e+6 
           2815      1.61109e+7 
           2825      1.70106e+7 
           2835      1.62275e+7 
           2845      1.56258e+7 
           2855      1.47595e+7 
           2865      1.63659e+7 
           2875      1.58315e+7 
           2885      1.62524e+7 
           2895      1.54063e+7 
           2910      1.77472e+7 
           2930      1.70538e+7 
           2950      1.69605e+7 
           2970       1.7582e+7 
           2990      1.78321e+7 
           3010      1.82134e+7 
           3030      1.80846e+7 
           3050          1.8e+7 
           3070      1.79829e+7 
           3090      1.84737e+7 
           3110      1.79206e+7 
           3130      1.78596e+7 
           3150      1.84658e+7 
           3170      1.84659e+7 
           3190      1.75484e+7 
           3210      1.81621e+7 
           3230      1.76909e+7 
           3250      1.81854e+7 
           3270      1.83392e+7 
           3290       1.8647e+7 
           3310      1.88941e+7 
           3330      1.84885e+7 
           3350      1.82375e+7 
           3370      1.82333e+7 
           3390      1.83007e+7 
           3410      1.87453e+7 
           3430      1.88927e+7 
           3450      1.87781e+7 
           3470      1.85232e+7 
           3490      1.84429e+7 
           3510       1.8892e+7 
           3530      1.90462e+7 
           3550      1.92351e+7 
           3570      1.87161e+7 
           3590      1.86896e+7 
           3610      1.87641e+7 
           3630      1.89073e+7 
           3640      1.86799e+7 
           3650      1.92102e+7 
           3670       1.8918e+7 
           3690      1.94915e+7 
           3710      2.44213e+7 
           3730      3.10285e+7 
           3750      4.65713e+7 
           3770      4.98609e+7 
           3790      6.21952e+7 
           3810      7.07183e+7 
           3830      5.50629e+7 
           3850      7.51403e+7 
           3870      8.08981e+7 
           3890      4.99439e+7 
           3910      7.86452e+7 
           3930      6.97047e+7 
           3950      7.82653e+7 
           3970      4.56017e+7 
           3990      7.69216e+7 
           4010      7.88295e+7 
           4030      7.76313e+7 
           4050      7.69516e+7 
           4070      7.48621e+7 
           4090       6.5808e+7 
           4110      5.03361e+7 
           4130      7.20356e+7 
           4150      7.29377e+7 
           4170      7.12367e+7 
           4190       7.0569e+7 
           4210      6.99979e+7 
           4230      6.85943e+7 
           4250      6.79585e+7 
           4270      6.64493e+7 
           4290      6.61855e+7 
           4310      6.28287e+7 
           4330      5.34305e+7 
           4350      4.55262e+7 
           4370       6.2942e+7 
           4390      6.20178e+7 
           4410      6.07844e+7 
           4430      6.11064e+7 
           4450      6.07239e+7 
           4470      5.99762e+7 
           4490      5.91293e+7 
           4510      5.92246e+7 
           4530      5.77205e+7 
           4550      5.61988e+7 
           4570      5.72034e+7 
           4590       5.5676e+7 
           4610      5.65094e+7 
           4630      5.48218e+7 
           4650       5.5109e+7 
           4670      5.43755e+7 
           4690      5.32809e+7 
           4710      5.15862e+7 
           4730       5.2631e+7 
           4750      5.23156e+7 
           4770      5.15301e+7 
           4790       5.0912e+7 
           4810      5.01148e+7 
           4830      4.89336e+7 
           4850      4.13351e+7 
           4870       3.3065e+7 
           4890      4.67634e+7 
           4910      4.73052e+7 
           4930       4.6344e+7 
           4950      4.64639e+7 
           4970      4.63467e+7 
           4990      4.53739e+7 
           5010      4.41238e+7 
           5030       4.4411e+7 
           5050       4.3788e+7 
           5070      4.37247e+7 
           5090      4.32289e+7 
           5110      4.27903e+7 
           5130      4.20765e+7 
           5150      4.14847e+7 
           5170      4.04048e+7 
           5190      4.00295e+7 
           5210      4.01002e+7 
           5230       3.9301e+7 
           5250        3.962e+7 
           5270      3.82442e+7 
           5290      3.87512e+7 
           5310      3.79576e+7 
           5330      3.74105e+7 
           5350      3.77382e+7 
           5370      3.71233e+7 
           5390      3.67728e+7 
           5410      3.62221e+7 
           5430      3.59085e+7 
           5450      3.58042e+7 
           5470      3.54535e+7 
           5490      3.51917e+7 
           5510      3.47966e+7 
           5530      3.43002e+7 
           5550       3.4221e+7 
           5570      3.37959e+7 
           5590      3.34532e+7 
           5610       3.3184e+7 
           5630      3.29166e+7 
           5650      3.24975e+7 
           5670      3.21689e+7 
           5690      3.19537e+7 
           5710       3.1653e+7 
           5730       3.1406e+7 
           5750      3.10636e+7 
           5770      3.07854e+7 
           5790      3.04673e+7 
           5810        3.019e+7 
           5830      2.99055e+7 
           5850       2.9621e+7 
           5870      2.93386e+7 
           5890      2.87629e+7 
           5910      2.87897e+7 
           5930      2.85208e+7 
           5950      2.82283e+7 
           5970       2.7993e+7 
           5990       2.7672e+7 
           6010      2.74172e+7 
           6030      2.72035e+7 
           6050      2.69477e+7 
           6070      2.67285e+7 
           6090      2.64629e+7 
           6110      2.62001e+7 
           6130      2.59141e+7 
           6150       2.5452e+7 
           6170      2.54337e+7 
           6190      2.52864e+7 
           6210      2.50671e+7 
           6230      2.47996e+7 
           6250      2.43229e+7 
           6270      2.44057e+7 
           6290      2.41869e+7 
           6310      2.38909e+7 
           6330      2.37318e+7 
           6350      2.33853e+7 
           6370      2.32044e+7 
           6390         2.31e+7 
           6410      2.28286e+7 
           6430      2.26804e+7 
           6450       2.2319e+7 
           6470      2.23046e+7 
           6490      2.19473e+7 
           6510      2.17735e+7 
           6530      2.14177e+7 
           6550      1.93421e+7 
           6570      1.52848e+7 
           6590      2.05203e+7 
           6610      2.08317e+7 
           6630      2.07662e+7 
           6650      2.06321e+7 
           6670      2.04603e+7 
           6690      2.03053e+7 
           6710      2.01351e+7 
           6730      1.99532e+7 
           6750      1.97797e+7 
           6770      1.96433e+7 
           6790      1.94698e+7 
           6810      1.93133e+7 
           6830      1.91277e+7 
           6850      1.89808e+7 
           6870      1.88338e+7 
           6890      1.86793e+7 
           6910      1.85217e+7 
           6930      1.83647e+7 
           6950       1.8217e+7 
           6970       1.8063e+7 
           6990      1.79236e+7 
           7010      1.77333e+7 
           7030      1.76173e+7 
           7050      1.74811e+7 
           7070      1.73461e+7 
           7090      1.72079e+7 
           7110      1.69182e+7 
           7130      1.68976e+7 
           7150      1.67722e+7 
           7170      1.66458e+7 
           7190      1.64994e+7 
           7210      1.63732e+7 
           7230      1.62287e+7 
           7250      1.61085e+7 
           7270      1.59986e+7 
           7290      1.58478e+7 
           7310      1.57098e+7 
           7330      1.56038e+7 
           7350      1.54953e+7 
           7370      1.53863e+7 
           7390      1.52501e+7 
           7410      1.51102e+7 
           7430      1.49778e+7 
           7450      1.48724e+7 
           7470      1.47105e+7 
           7490      1.46287e+7 
           7510      1.45315e+7 
           7530      1.44398e+7 
           7550      1.43455e+7 
           7570      1.42245e+7 
           7590      1.41234e+7 
           7610      1.40168e+7 
           7630      1.39085e+7 
           7650      1.37888e+7 
           7670      1.36767e+7 
           7690       1.3584e+7 
           7710      1.34572e+7 
           7730      1.33883e+7 
           7750      1.32835e+7 
           7770      1.29431e+7 
           7790      1.30915e+7 
           7810      1.29912e+7 
           7830      1.28789e+7 
           7850      1.27656e+7 
           7870      1.26564e+7 
           7890      1.25457e+7 
           7910      1.24884e+7 
           7930      1.24003e+7 
           7950      1.22886e+7 
           7970      1.22412e+7 
           7990      1.20761e+7 
           8010      1.20541e+7 
           8030      1.19608e+7 
           8050      1.18805e+7 
           8070      1.17893e+7 
           8090       1.1704e+7 
           8110      1.16257e+7 
           8130      1.15452e+7 
           8150      1.14614e+7 
           8170      1.13783e+7 
           8190      1.12217e+7 
           8210      1.11934e+7 
           8230       1.1114e+7 
           8250      1.10303e+7 
           8270       1.1031e+7 
           8290      1.09444e+7 
           8310      1.08536e+7 
           8330      1.06766e+7 
           8350      1.06682e+7 
           8370      1.04737e+7 
           8390      1.03998e+7 
           8410       1.0287e+7 
           8430      1.04163e+7 
           8450      1.02595e+7 
           8470      9.83352e+6 
           8490      1.07217e+7 
           8510      9.55714e+6 
           8530      1.08896e+7 
           8550      9.08761e+6 
           8570      1.11124e+7 
           8590      1.02275e+7 
           8610      9.88119e+6 
           8630      1.13778e+7 
           8650      1.10347e+7 
           8670      8.72702e+6 
           8690      1.11962e+7 
           8710      1.15481e+7 
           8730      1.12026e+7 
           8750      8.68133e+6 
           8770      1.07191e+7 
           8790      1.13081e+7 
           8810      1.12365e+7 
           8830        1.103e+7 
           8850      1.01712e+7 
           8870      8.44995e+6 
           8890      1.06843e+7 
           8910       1.0812e+7 
           8930      1.07641e+7 
           8950      1.07739e+7 
           8970      1.06547e+7 
           8990      1.03761e+7 
           9010      8.34161e+6 
           9030      9.27123e+6 
           9050      1.02588e+7 
           9070      1.01151e+7 
           9090      9.98726e+6 
           9110      1.01209e+7 
           9130      1.01205e+7 
           9150      1.00597e+7 
           9170      9.95668e+6 
           9190      9.80765e+6 
           9210      9.35296e+6 
           9230      7.29998e+6 
           9250       9.0314e+6 
           9270      9.34888e+6 
           9290      9.54833e+6 
           9310      9.51385e+6 
           9330      9.44931e+6 
           9350      9.39301e+6 
           9370      9.33233e+6 
           9390      9.23109e+6 
           9410      9.03194e+6 
           9430      9.10635e+6 
           9450      9.06027e+6 
           9470      8.99515e+6 
           9490      8.91544e+6 
           9510      8.78467e+6 
           9530       8.2982e+6 
           9550       6.6467e+6 
           9570      8.31247e+6 
           9590      8.56702e+6 
           9610       8.5106e+6 
           9630      8.41802e+6 
           9650      8.46083e+6 
           9670      8.33846e+6 
           9690      8.33375e+6 
           9710      8.30986e+6 
           9730      8.25026e+6 
           9750      8.18158e+6 
           9770      8.14377e+6 
           9790      8.08891e+6 
           9810      8.03207e+6 
           9830      7.97448e+6 
           9850      7.90019e+6 
           9870      7.85777e+6 
           9890      7.77092e+6 
           9910      7.75608e+6 
           9930      7.69507e+6 
           9950      7.65658e+6 
           9970      7.60996e+6 
           9990      7.54065e+6 
          10025      7.05663e+6 
          10075      6.69799e+6 
          10125       7.1836e+6 
          10175      7.11791e+6 
          10225      7.01245e+6 
          10275      6.90296e+6 
          10325      6.78116e+6 
          10375      6.68129e+6 
          10425      6.57784e+6 
          10475      6.43451e+6 
          10525      6.35584e+6 
          10575      6.26455e+6 
          10625      6.16601e+6 
          10675      5.99102e+6 
          10725      5.94707e+6 
          10775      5.87578e+6 
          10825      5.78498e+6 
          10875      5.67522e+6 
          10925      4.96939e+6 
          10975      5.35927e+6 
          11025      5.45427e+6 
          11075      5.38547e+6 
          11125      5.30066e+6 
          11175      5.22376e+6 
          11225      5.14921e+6 
          11275      5.02245e+6 
          11325      4.94882e+6 
          11375      4.91444e+6 
          11425      4.83487e+6 
          11475       4.7831e+6 
          11525      4.71532e+6 
          11575      4.64543e+6 
          11625      4.55175e+6 
          11675      4.46529e+6 
          11725      4.45003e+6 
          11775       4.3311e+6 
          11825      4.29749e+6 
          11875      4.22584e+6 
          11925      4.20534e+6 
          11975      4.12143e+6 
          12025        4.082e+6 
          12075      4.01908e+6 
          12125      3.96601e+6 
          12175      3.91799e+6 
          12225      3.86208e+6 
          12275      3.80443e+6 
          12325      3.75502e+6 
          12375      3.70651e+6 
          12425      3.65969e+6 
          12475      3.60473e+6 
          12525      3.55824e+6 
          12575      3.49666e+6 
          12625      3.45505e+6 
          12675      3.41919e+6 
          12725      3.37072e+6 
          12775      3.28576e+6 
          12825      2.89693e+6 
          12875      3.21288e+6 
          12925      3.19618e+6 
          12975      3.15681e+6 
          13025      3.11688e+6 
          13075      3.07677e+6 
          13125      3.03588e+6 
          13175      2.99096e+6 
          13225      2.95869e+6 
          13275      2.92041e+6 
          13325      2.88347e+6 
          13375      2.84658e+6 
          13425      2.80995e+6 
          13475      2.77399e+6 
          13525      2.73498e+6 
          13575      2.70138e+6 
          13625      2.67022e+6 
          13675      2.63522e+6 
          13725      2.58986e+6 
          13775      2.56871e+6 
          13825      2.53755e+6 
          13875      2.50892e+6 
          13925      2.47442e+6 
          13975      2.44614e+6 
          14025      2.41647e+6 
          14075      2.38773e+6 
          14125      2.35745e+6 
          14175      2.32922e+6 
          14225      2.30059e+6 
          14275      2.27248e+6 
          14325      2.24563e+6 
          14375      2.21928e+6 
          14425       2.1688e+6 
          14475      2.16571e+6 
          14525      2.12851e+6 
          14570      2.11662e+6 
          14620      2.08948e+6 
          14675      2.06772e+6 
          14725      2.04258e+6 
          14775      2.01428e+6 
          14825      1.99455e+6 
          14875      1.96601e+6 
          14925      1.95134e+6 
          14975      1.92674e+6 
          15025      1.89491e+6 
          15075      1.87474e+6 
          15125       1.8533e+6 
          15175      1.83162e+6 
          15225      1.82693e+6 
          15275      1.77591e+6 
          15325      1.75728e+6 
          15375      1.76994e+6 
          15425      1.69546e+6 
          15475      1.73817e+6 
          15525      1.72777e+6 
          15575      1.61979e+6 
          15625      1.71761e+6 
          15675      1.65469e+6 
          15725      1.57228e+6 
          15775      1.66996e+6 
          15825      1.65567e+6 
          15875      1.47887e+6 
          15925      1.60523e+6 
          15975       1.6194e+6 
          16050      1.57652e+6 
          16150      1.47444e+6 
          16250      1.53667e+6 
          16350      1.47664e+6 
          16450      1.38149e+6 
          16550       1.4391e+6 
          16650      1.40868e+6 
          16750      1.35203e+6 
          16850      1.26615e+6 
          16950      1.31953e+6 
          17050       1.2905e+6 
          17150      1.26488e+6 
          17250      1.23292e+6 
          17350      1.12327e+6 
          17450      1.17517e+6 
          17550      1.15938e+6 
          17650      1.13522e+6 
          17750      1.11399e+6 
          17850      1.09079e+6 
          17950      1.07056e+6 
          18050      1.04518e+6 
          18150          961147 
          18250          993713 
          18350          986572 
          18450          967505 
          18550          947239 
          18650          927003 
          18750          846728 
          18850          888510 
          18950          874426 
          19050          860410 
          19150          843889 
          19250          827661 
          19350          809419 
          19450          743060 
          19550          779319 
          19650          767331 
          19750          752392 
          19850          739201 
          19950          725636 
          20050          712418 
          20150          699464 
          20250          686657 
          20350          674128 
          20450          662275 
          20550          650394 
          20650          638474 
          20750          627295 
          20850          616343 
          20950          605425 
          21050          594695 
          21150          583636 
          21250          573419 
          21350          563796 
          21450          554709 
          21550          543862 
          21650          501709 
          21750          523809 
          21850          517841 
          21950          509311 
          22050          500486 
          22150          491624 
          22250          484216 
          22350          476190 
          22450          468348 
          22550          460217 
          22650          453061 
          22750          445689 
          22850          438680 
          22950          431539 
          23050          424881 
          23150          418112 
          23250          411582 
          23350          405053 
          23450          398679 
          23550          392398 
          23650          386166 
          23750          380122 
          23850          374087 
          23950          368172 
          24050          362047 
          24150          355896 
          24250          352367 
          24350          344953 
          24450          338981 
          24550          336586 
          24650          329436 
          24750          324636 
          24850          323410 
          24950          309353 
          25050          314434 
          25150          310063 
          25250          293868 
          25350          300824 
          25450          297498 
          25550          292259 
          25650          274857 
          25750          284459 
          25850          280948 
          25950          277288 
          26050          270988 
          26150          254375 
          26250          247969 
          26350          260458 
          26450          258702 
          26550          255346 
          26650          250235 
          26750          232441 
          26850          243511 
          26950          241521 
          27050          238080 
          27150          234873 
          27250          231620 
          27350          228414 
          27450          224858 
          27550          209762 
          27650          215393 
          27750          216079 
          27850          213282 
          27950          210417 
          28050          207584 
          28150          204790 
          28250          202054 
          28350          199380 
          28450          196659 
          28550          194091 
          28650          189585 
          28750          177576 
          28850          185993 
          28950          184045 
          29050          181744 
          29150          179240 
          29250          177048 
          29350          174790 
          29450          172540 
          29550          170339 
          29650          168168 
          29750          166026 
          29850          163922 
          29950          161838 
          30050          159791 
          30150          157775 
          30250          155561 
          30350          146738 
          30450          148396 
          30550          149933 
          30650          148214 
          30750          146387 
          30850          144482 
          30950          142791 
          31050          141032 
          31150          139251 
          31250          137605 
          31350          135958 
          31450          134279 
          31550          132741 
          31650          131170 
          31750          129549 
          31850          128057 
          31950          126526 
          32100          124283 
          32300          121383 
          32500          118556 
          32700          115800 
          32900          109057 
          33100          109580 
          33300          107659 
          33500          105290 
          33700          102846 
          33900          100604 
          34100         98390.4 
          34300         96260.1 
          34500         94184.9 
          34700         92126.2 
          34900         90123.9 
          35100         88191.4 
          35300         86303.1 
          35500         84397.9 
          35700         82523.6 
          35900         81089.4 
          36100         78990.8 
          36300         77779.7 
          36500         75606.2 
          36700         74658.5 
          36900         72271.6 
          37100         71593.1 
          37300         69199.9 
          37500         66398.3 
          37700         67394.8 
          37900         66118.9 
          38100         63967.9 
          38300           62996 
          38500         62312.8 
          38700         61061.4 
          38900         59810.4 
          39100         57233.7 
          39300         57606.3 
          39500         56606.8 
          39700         55547.9 
          39900         54417.4 
          40100         52737.1 
          40300         51254.6 
          40500         49826.4 
          40700         50393.3 
          40900         49505.3 
          41100         48605.4 
          41300         47700.6 
          41500         46767.3 
          41700         44419.6 
          41900         45041.7 
          42100         44274.8 
          42300         43494.8 
          42500           42709 
          42700         41940.1 
          42900         41189.7 
          43100         40455.2 
          43300         39736.9 
          43500         39033.9 
          43700         37197.9 
          43900         37459.7 
          44100         37014.2 
          44300         36377.4 
          44500           35747 
          44700         35201.3 
          44900         34525.9 
          45100         33942.5 
          45300         33366.3 
          45500         32804.2 
          45700           32249 
          45900           31704 
          46100           31176 
          46300         30626.2 
          46500         29162.7 
          46700         28626.7 
          46900         29088.7 
          47100         28687.7 
          47300         28230.1 
          47500         27769.1 
          47700         27323.1 
          47900         26885.3 
          48100         26453.7 
          48300         26038.1 
          48500         25610.8 
          48700         25219.8 
          48900         24807.5 
          49100         24430.8 
          49300         24023.7 
          49500           23687 
          49700         23260.4 
          49900         22959.3 
          50100         22600.7 
          50300         22181.6 
          50500           21925 
          50700         21589.7 
          50900         21145.6 
          51100         20889.5 
          51300         19949.6 
          51500         20283.6 
          51700         19860.6 
          51900         19717.6 
          52100           19436 
          52300         19148.6 
          52500         18822.5 
          52700           18410 
          52900         18331.6 
          53100         18086.9 
          53300         17824.1 
          53500         17556.8 
          53700         17132.4 
          53900         16904.3 
          54100         16816.9 
          54300         16578.2 
          54500         16342.6 
          54700           16110 
          54900         15884.1 
          55100         15601.5 
          55300         15131.6 
          55500           15216 
          55700         15012.2 
          55900         14801.3 
          56100         14600.2 
          56300         14399.2 
          56500         14201.8 
          56700         14006.9 
          56900           13798 
          57100         13277.5 
          57300         13414.5 
          57500           13262 
          57700         13084.3 
          57900         12907.5 
          58100         12736.2 
          58300         12558.1 
          58500           12392 
          58700         12225.7 
          58900         12033.1 
          59100         11517.2 
          59300         11725.7 
          59500           11300 
          59700         11366.1 
          59900         11297.7 
          60100         11156.9 
          60300         11014.6 
          60500           10874 
          60700           10735 
          60900         10597.5 
          61100         10461.7 
          61300         10331.4 
          61500         10200.5 
          61700         10072.2 
          61900         9945.23 
          62100         9820.72 
          62300         9696.52 
          62500         9574.17 
          62700         9439.89 
          62900         9044.77 
          63100         9194.93 
          63300         9109.19 
          63500         8998.93 
          63700         8891.54 
          63900         8781.61 
          64200         8625.81 
          64600          8422.7 
          65000         8215.39 
          65400         8030.84 
          65800         7835.53 
          66200         7652.83 
          66600         7477.27 
          67000         7304.14 
          67400         7115.78 
          67800         6844.23 
          68200         6794.98 
          68600         6663.94 
          69000         6513.62 
          69400         6344.48 
          69800         6224.44 
          70200         6088.49 
          70600         5952.05 
          71000          5796.4 
          71400         5696.75 
          71800         5573.23 
          72200         5451.61 
          72600         5304.41 
          73000         5218.16 
          73400         5111.37 
          73800          4999.4 
          74200         4885.09 
          74600         4695.89 
          75000         4531.48 
          75400         4582.06 
          75800         4495.93 
          76200         4412.65 
          76600         4322.98 
          77000         4235.98 
          77400         4145.53 
          77800         4017.31 
          78200         3982.41 
          78600          3907.7 
          79000         3830.63 
          79400         3755.38 
          79800         3681.72 
          80200         3610.13 
          80600         3540.22 
          81000         3472.05 
          81400         3360.46 
          81800         3328.06 
          82200         3277.09 
          82600         3215.39 
          83000         3154.66 
          83400         3095.45 
          83800          3037.2 
          84200         2981.37 
          84600          2926.5 
          85000         2872.64 
          85400         2820.17 
          85800         2767.17 
          86200         2717.52 
          86600         2621.84 
          87000         2616.56 
          87400         2545.66 
          87800         2502.19 
          88200         2483.86 
          88600         2436.38 
          89000         2397.07 
          89400         2355.31 
          89800         2314.14 
          90200          2273.2 
          90600            2231 
          91000         2196.33 
          91400         2158.61 
          91800         2121.91 
          92200         2085.51 
          92600         2042.22 
          93000         2015.72 
          93400         1981.48 
          93800         1913.53 
          94200         1909.97 
          94600         1884.84 
          95000         1849.51 
          95400         1817.18 
          95800         1793.58 
          96200         1764.25 
          96600         1735.74 
          97000         1707.68 
          97400         1680.06 
          97800         1653.23 
          98200          1624.2 
          98600         1591.75 
          99000         1575.57 
          99400         1550.68 
          99800          1526.2 
         100200          1502.3 
         200000         96.7256 
         400000         6.04064 
         600000         1.18482 
         800000        0.372234 
         1.0e+6        0.151487 
         1.2e+6       0.0726409 
         1.4e+6       0.0390108 
         1.6e+6       0.0227642 
