# Kurucz ODFNEW /NOVER models
# teff = 3500 K (value for the effective temperature for the model. Temperatures are given in K)
# logg = 0.50 log(cm/s2) (value for Log(G) for the model.)
# meta = -0.5  (value for the Metallicity for the model.)
# lh = 1.25  (l/Hp where l is the  mixing length of the convective element and Hp is the pressure scale height)
# vtur = 2.0 km/s (Microturbulence velocity)
#
# column 1: WAVELENGTH (ANGSTROM), Wavelength in Angstrom
# column 2: FLUX (ERG/CM2/S/A), Flux in erg/cm2/s/A
              0               0 
           90.9               0 
           93.5               0 
           96.1               0 
           97.7               0 
           99.6               0 
            102               0 
          103.8               0 
          105.6               0 
          107.7               0 
          110.4               0 
            114               0 
          117.8               0 
          121.3               0 
          124.8               0 
          127.1               0 
          128.4               0 
          130.5               0 
          132.4               0 
          133.9               0 
          136.6               0 
          139.8               0 
          143.3               0 
          147.2               0 
            151               0 
          155.2               0 
          158.8               0 
            162               0 
            166               0 
          170.3               0 
          173.4               0 
          176.8               0 
          180.2               0 
          181.7               0 
          186.1               0 
            191               0 
          193.9               0 
          198.4               0 
          201.8               0 
            205               0 
          210.5               0 
          216.2               0 
          219.8               0 
            223               0 
          226.8               0 
            230               0 
            234               0 
            240               0 
          246.5               0 
          252.4               0 
          256.8               0 
            260               0 
            264               0 
          268.5               0 
          273.5               0 
          278.5               0 
            284               0 
            290               0 
            296               0 
            301               0 
            308               0 
            318               0 
            328               0 
            338               0 
            348               0 
            357               0 
            366               0 
            375               0 
            385               0 
            395               0 
            405               0 
            414               0 
            422               0 
            430               0 
            441               0 
            451               0 
            460               0 
            470               0 
            480               0 
            490               0 
            500               0 
            506               0 
            512               0 
            520               0 
            530               0 
            540               0 
            550               0 
            560               0 
            570               0 
            580               0 
            590               0 
            600               0 
            610               0 
            620               0 
            630               0 
            640               0 
            650               0 
            658               0 
            665               0 
            675               0 
            685               0 
            695               0 
            705               0 
            716               0 
            726               0 
            735               0 
            745               0 
            755               0 
            765               0 
            775               0 
            785               0 
            795               0 
            805               0 
            815               0 
            825               0 
            835               0 
            845               0 
            855               0 
            865               0 
            875               0 
            885               0 
            895     1.90424e-25 
            905      4.0758e-25 
            915     1.01542e-18 
            925     3.71524e-18 
            935     5.11602e-18 
            945     1.25465e-17 
            955     1.97014e-17 
            965     2.80987e-17 
            975     2.50959e-17 
            985     1.04784e-16 
            995     1.69151e-16 
           1005     2.10039e-16 
           1015     1.59238e-16 
           1025     4.66582e-16 
           1035      1.7372e-15 
           1045     2.90045e-15 
           1055     3.66095e-15 
           1065     1.03394e-14 
           1075     1.53561e-14 
           1085     2.89969e-14 
           1095     4.01041e-14 
           1105      6.1843e-14 
           1115     8.19869e-14 
           1125     2.03257e-13 
           1135     3.65816e-13 
           1145     5.85228e-13 
           1155     8.06568e-13 
           1165     9.83667e-13 
           1175     1.29002e-12 
           1185     1.93862e-12 
           1195     3.84559e-13 
           1205     1.27251e-13 
           1215     6.80691e-14 
           1225     2.54363e-13 
           1235     1.42973e-12 
           1245     8.63088e-12 
           1255     1.89486e-11 
           1265     2.89806e-11 
           1275       5.205e-11 
           1285     5.14711e-11 
           1295     8.51237e-11 
           1305     1.00347e-10 
           1315     1.53973e-10 
           1325     1.77462e-10 
           1335     2.12714e-10 
           1345     2.98006e-10 
           1355     4.06743e-10 
           1365     4.60391e-10 
           1375     4.90445e-10 
           1385     6.40426e-10 
           1395     7.59761e-10 
           1405      1.14378e-9 
           1415      1.51229e-9 
           1425      1.62566e-9 
           1435      2.61798e-9 
           1442      3.93693e-9 
           1447      3.31837e-9 
           1455      3.85767e-9 
           1465      6.49659e-9 
           1475      6.39253e-9 
           1485       8.4427e-9 
           1495      1.46704e-8 
           1505      2.37662e-8 
           1512      1.09818e-8 
           1517      2.19429e-8 
           1525      3.26477e-8 
           1535      5.40835e-8 
           1545      3.71881e-8 
           1555      5.77601e-8 
           1565      5.33127e-8 
           1575      1.32346e-7 
           1585      1.35872e-7 
           1595      1.25947e-7 
           1605      1.36385e-7 
           1615      1.41663e-7 
           1625      1.47846e-7 
           1635      2.14505e-7 
           1645       3.2225e-7 
           1655      2.72264e-7 
           1665      4.95416e-7 
           1672      3.97363e-7 
           1677      7.07894e-7 
           1685      9.44895e-7 
           1695      1.57916e-6 
           1705       1.6667e-6 
           1715      1.93205e-6 
           1725        2.869e-6 
           1735      3.43062e-6 
           1745      5.00869e-6 
           1755      4.84938e-6 
           1765      7.00243e-6 
           1775       6.2245e-6 
           1785      1.39059e-5 
           1795      1.03222e-5 
           1805      2.25354e-5 
           1815      1.42413e-5 
           1825        2.677e-5 
           1835      2.18169e-5 
           1845       4.1285e-5 
           1855      2.72687e-5 
           1865      5.69186e-5 
           1875      5.08178e-5 
           1885      7.03178e-5 
           1895      8.92659e-5 
           1905      9.82429e-5 
           1915     0.000152255 
           1925     0.000124702 
           1935      8.75514e-5 
           1945     0.000197844 
           1955     0.000306004 
           1967     0.000331687 
           1976     0.000405176 
           1984      0.00056411 
           1995     0.000483328 
           2005     0.000620121 
           2015     0.000710811 
           2025     0.000701218 
           2035     0.000896826 
           2045     0.000913893 
           2055      0.00116221 
           2065      0.00110354 
           2074     0.000921796 
           2078       0.0014432 
           2085      0.00198573 
           2095      0.00309272 
           2105      0.00347567 
           2115      0.00345256 
           2125      0.00455759 
           2135      0.00621566 
           2145      0.00390992 
           2155      0.00608159 
           2165      0.00570517 
           2175      0.00659564 
           2185      0.00571302 
           2195       0.0122128 
           2205       0.0093082 
           2215        0.013185 
           2225      0.00949925 
           2235       0.0201623 
           2245        0.022446 
           2255       0.0336226 
           2265       0.0133495 
           2275       0.0396688 
           2285       0.0296854 
           2295       0.0655065 
           2305       0.0155797 
           2315        0.097732 
           2325       0.0617968 
           2335         0.11895 
           2345       0.0677879 
           2355       0.0492103 
           2365       0.0789734 
           2375       0.0694937 
           2385        0.160071 
           2395         0.14151 
           2405        0.328998 
           2415         0.15774 
           2425        0.232459 
           2435         0.39757 
           2445        0.614104 
           2455         0.76227 
           2465        0.387065 
           2475        0.841883 
           2485        0.219466 
           2495        0.303252 
           2505        0.703088 
           2513        0.440914 
           2518        0.543719 
           2525        0.716456 
           2535         2.06526 
           2545         2.64489 
           2555         2.72632 
           2565         1.22017 
           2575         2.51891 
           2585          1.4647 
           2595         2.08935 
           2605         3.13829 
           2615         2.68666 
           2625         5.09332 
           2635         8.21314 
           2645         5.80008 
           2655         8.75847 
           2665         7.13071 
           2675         6.54153 
           2685         9.50705 
           2695         6.18337 
           2705         12.4433 
           2715         11.8029 
           2725         9.61455 
           2735         10.0642 
           2745         15.5106 
           2755         14.1251 
           2765         22.8555 
           2775         30.4634 
           2785          19.888 
           2795         25.8844 
           2805         25.7936 
           2815         31.1649 
           2825         30.8645 
           2835         26.6512 
           2845          17.435 
           2855         6.89724 
           2865         31.0234 
           2875         36.9572 
           2885         65.5763 
           2895         75.7189 
           2910         89.0075 
           2930          99.452 
           2950         102.138 
           2970         105.452 
           2990         127.265 
           3010         140.453 
           3030         169.143 
           3050         209.216 
           3070         251.958 
           3090         287.792 
           3110         386.642 
           3130         404.498 
           3150         581.241 
           3170         782.335 
           3190         686.222 
           3210         856.885 
           3230         886.064 
           3250         1195.62 
           3270         1628.06 
           3290         2201.65 
           3310         2036.55 
           3330         2280.65 
           3350         2385.19 
           3370         1921.05 
           3390         2339.99 
           3410         2902.27 
           3430         3380.52 
           3450         3125.67 
           3470         3595.56 
           3490         4312.24 
           3510         5884.24 
           3530         5283.81 
           3550         8269.39 
           3570          4171.4 
           3590         3329.97 
           3610          5338.7 
           3630         9167.17 
           3640         10419.4 
           3650         10685.9 
           3670         15618.4 
           3690         13665.5 
           3710         11766.9 
           3730         5207.07 
           3750         6529.99 
           3770         13988.6 
           3790         17004.9 
           3810         14647.6 
           3830         6655.81 
           3850         11250.7 
           3870         11191.3 
           3890         13528.6 
           3910           15315 
           3930         5087.42 
           3950         9580.95 
           3970         6287.88 
           3990         25263.5 
           4010         42229.7 
           4030         36228.1 
           4050         39704.5 
           4070         38614.8 
           4090         51939.6 
           4110         35373.4 
           4130         38945.4 
           4150         40329.6 
           4170         35870.8 
           4190           41941 
           4210         37330.8 
           4230         22526.5 
           4250           46457 
           4270         44522.8 
           4290         46458.5 
           4310         54034.9 
           4330         77048.5 
           4350         81446.1 
           4370         84774.1 
           4390         75973.1 
           4410         76651.2 
           4430         81834.9 
           4450         89096.8 
           4470           93526 
           4490          103824 
           4510          123233 
           4530         99109.6 
           4550          109706 
           4570          131002 
           4590          116858 
           4610          126243 
           4630          119858 
           4650          120885 
           4670          132956 
           4690          132664 
           4710          134193 
           4730          133669 
           4750          144507 
           4770         99331.4 
           4790          114510 
           4810          116160 
           4830          131054 
           4850          139998 
           4870          148401 
           4890          167663 
           4910          176801 
           4930          180608 
           4950          173816 
           4970          113398 
           4990          126131 
           5010         98278.3 
           5030          124011 
           5050          126417 
           5070          136305 
           5090          131446 
           5110          148602 
           5130          142570 
           5150          142354 
           5170          116636 
           5190          108487 
           5210          130457 
           5230          198895 
           5250          193925 
           5270          191614 
           5290          231552 
           5310          262786 
           5330          229137 
           5350          259134 
           5370          254373 
           5390          249402 
           5410          257498 
           5430          258275 
           5450          228023 
           5470          205471 
           5490          224912 
           5510          207908 
           5530          249733 
           5550          267775 
           5570          270166 
           5590          260159 
           5610          214352 
           5630          219868 
           5650          242519 
           5670          236124 
           5690          273285 
           5710          256849 
           5730          302059 
           5750          309862 
           5770          295248 
           5790          292886 
           5810          315592 
           5830          331786 
           5850          300989 
           5870          271815 
           5890          192860 
           5910          226860 
           5930          238488 
           5950          245794 
           5970          262954 
           5990          276279 
           6010          280878 
           6030          317717 
           6050          337911 
           6070          351486 
           6090          353590 
           6110          358546 
           6130          340288 
           6150          356357 
           6170          244362 
           6190          246965 
           6210          239476 
           6230          202804 
           6250          218694 
           6270          256850 
           6290          283233 
           6310          300827 
           6330          322727 
           6350          340204 
           6370          332593 
           6390          346653 
           6410          352349 
           6430          334781 
           6450          349468 
           6470          370594 
           6490          340022 
           6510          368301 
           6530          391892 
           6550          375214 
           6570          377978 
           6590          384085 
           6610          379852 
           6630          371973 
           6650          344021 
           6670          324145 
           6690          282185 
           6710          286672 
           6730          247758 
           6750          256801 
           6770          292989 
           6790          264627 
           6810          290955 
           6830          314410 
           6850          325551 
           6870          334658 
           6890          367174 
           6910          396604 
           6930          389673 
           6950          414709 
           6970          448307 
           6990          444757 
           7010          455073 
           7030          474335 
           7050          447734 
           7070          328465 
           7090          297334 
           7110          288755 
           7130          239361 
           7150          242704 
           7170          270019 
           7190          309803 
           7210          299563 
           7230          351537 
           7250          381213 
           7270          413846 
           7290          435383 
           7310          456566 
           7330          475006 
           7350          485271 
           7370          515697 
           7390          520056 
           7410          522871 
           7430          531757 
           7450          539189 
           7470          540952 
           7490          543176 
           7510          557245 
           7530          562456 
           7550          564072 
           7570          563523 
           7590          530519 
           7610          517397 
           7630          503079 
           7650          500111 
           7670          453910 
           7690          459108 
           7710          445225 
           7730          465976 
           7750          453694 
           7770          461477 
           7790          466957 
           7810          492079 
           7830          479596 
           7850          481910 
           7870          502005 
           7890          507324 
           7910          496792 
           7930          509350 
           7950          500078 
           7970          535279 
           7990          529026 
           8010          540103 
           8030          544129 
           8050          548006 
           8070          537513 
           8090          542543 
           8110          546411 
           8130          558852 
           8150          563073 
           8170          567108 
           8190          546309 
           8210          523249 
           8230          548590 
           8250          544834 
           8270          553918 
           8290          538853 
           8310          522056 
           8330          530884 
           8350          524874 
           8370          527671 
           8390          504116 
           8410          534884 
           8430          509896 
           8450          508400 
           8470          506895 
           8490          508424 
           8510          487118 
           8530          509057 
           8550          434657 
           8570          537255 
           8590          540475 
           8610          544015 
           8630          554295 
           8650          555662 
           8670          469229 
           8690          538035 
           8710          567348 
           8730          568805 
           8750          571228 
           8770          569408 
           8790          576816 
           8810          563037 
           8830          568365 
           8850          577583 
           8870          503157 
           8890          515817 
           8910          532722 
           8930          525851 
           8950          517625 
           8970          526508 
           8990          541974 
           9010          525323 
           9030          540139 
           9050          557812 
           9070          567123 
           9090          548716 
           9110          555662 
           9130          568688 
           9150          552389 
           9170          547742 
           9190          556870 
           9210          545925 
           9230          550197 
           9250          543725 
           9270          549052 
           9290          542588 
           9310          555602 
           9330          557638 
           9350          555255 
           9370          542759 
           9390          549508 
           9410          544621 
           9430          551846 
           9450          539432 
           9470          554421 
           9490          555935 
           9510          559389 
           9530          558037 
           9550          547028 
           9570          552272 
           9590          564512 
           9610          554988 
           9630          561985 
           9650          535145 
           9670          534260 
           9690          552559 
           9710          549328 
           9730          538397 
           9750          536823 
           9770          543824 
           9790          532329 
           9810          552515 
           9830          541104 
           9850          553588 
           9870          553552 
           9890          554973 
           9910          549052 
           9930          551007 
           9950          550812 
           9970          556223 
           9990          558336 
          10025          547775 
          10075          545691 
          10125          552221 
          10175          546917 
          10225          553687 
          10275          555770 
          10325          548314 
          10375          547349 
          10425          551435 
          10475          548656 
          10525          551174 
          10575          544864 
          10625          546420 
          10675          537084 
          10725          538439 
          10775          537285 
          10825          530884 
          10875          531463 
          10925          528027 
          10975          509842 
          11025          507678 
          11075          510780 
          11125          511557 
          11175          512570 
          11225          515730 
          11275          508706 
          11325          511950 
          11375          505159 
          11425          507732 
          11475          513730 
          11525          515691 
          11575          511245 
          11625          505018 
          11675          507279 
          11725          514801 
          11775          504623 
          11825          506535 
          11875          499553 
          11925          509096 
          11975          492742 
          12025          503789 
          12075          502107 
          12125          504176 
          12175          504416 
          12225          503322 
          12275          501304 
          12325          499454 
          12375          499238 
          12425          497302 
          12475          496810 
          12525          494076 
          12575          494181 
          12625          492946 
          12675          491081 
          12725          491813 
          12775          493464 
          12825          479593 
          12875          487579 
          12925          480747 
          12975          488932 
          13025          485829 
          13075          487870 
          13125          480792 
          13175          482426 
          13225          483955 
          13275          477129 
          13325          477015 
          13375          470737 
          13425          469661 
          13475          473756 
          13525          470302 
          13575          468336 
          13625          464277 
          13675          471825 
          13725          475513 
          13775          473717 
          13825          476346 
          13875          467811 
          13925          429156 
          13975          448469 
          14025          452843 
          14075          452576 
          14125          441768 
          14175          443720 
          14225          446994 
          14275          440761 
          14325          449272 
          14375          447155 
          14425          447845 
          14475          457450 
          14525          448681 
          14570          449590 
          14620          424506 
          14675          431126 
          14725          438557 
          14775          443048 
          14825          449716 
          14875          449524 
          14925          461908 
          14975          468135 
          15025          454863 
          15075          454569 
          15125          458763 
          15175          466150 
          15225          474601 
          15275          466672 
          15325          479062 
          15375          466006 
          15425          462580 
          15475          489123 
          15525          475741 
          15575          458092 
          15625          479776 
          15675          486242 
          15725          489951 
          15775          456359 
          15825          474407 
          15875          475474 
          15925          494298 
          15975          481850 
          16050          481176 
          16150          496930 
          16250          475180 
          16350          500842 
          16450          471202 
          16550          498120 
          16650          466690 
          16750          477623 
          16850          459537 
          16950          468609 
          17050          451799 
          17150          440515 
          17250          436903 
          17350          418714 
          17450          423160 
          17550          404579 
          17650          399983 
          17750          390884 
          17850          379495 
          17950          379183 
          18050          358747 
          18150          359241 
          18250          346731 
          18350          347828 
          18450          334119 
          18550          323968 
          18650          322409 
          18750          314596 
          18850          315277 
          18950          306523 
          19050          307674 
          19150          303204 
          19250          301903 
          19350          289775 
          19450          286325 
          19550          284172 
          19650          276936 
          19750          267204 
          19850          263859 
          19950          257169 
          20050          258349 
          20150          252210 
          20250          244957 
          20350          244930 
          20450          242819 
          20550          236608 
          20650          232838 
          20750          231229 
          20850          225732 
          20950          223410 
          21050          222041 
          21150          219803 
          21250          216288 
          21350          214960 
          21450          212142 
          21550          209082 
          21650          207292 
          21750          202770 
          21850          201132 
          21950          199248 
          22050          193253 
          22150          196296 
          22250          188372 
          22350          187836 
          22450          185741 
          22550          184326 
          22650          179141 
          22750          179630 
          22850          175846 
          22950          144104 
          23050          157165 
          23150          155255 
          23250          130366 
          23350          141551 
          23450          135503 
          23550          114336 
          23650          129240 
          23750          123553 
          23850          107597 
          23950          118155 
          24050          114458 
          24150          102066 
          24250          109567 
          24350          107658 
          24450         98807.7 
          24550         98754.6 
          24650          101284 
          24750         96014.8 
          24850         91034.4 
          24950           93937 
          25050           93645 
          25150         85808.1 
          25250         84645.2 
          25350           86828 
          25450         86408.6 
          25550           85872 
          25650         84058.5 
          25750           85100 
          25850         82334.4 
          25950         83440.9 
          26050         83656.5 
          26150         84852.4 
          26250         82922.3 
          26350         83645.1 
          26450         83283.2 
          26550         78835.8 
          26650         79549.9 
          26750         81020.1 
          26850         80031.1 
          26950         76305.3 
          27050         78012.9 
          27150           75998 
          27250         75385.5 
          27350           72735 
          27450         73510.9 
          27550           71797 
          27650         70514.8 
          27750         70276.4 
          27850         68393.5 
          27950         66954.7 
          28050         63361.1 
          28150         64851.4 
          28250         64081.5 
          28350         64450.6 
          28450         64980.3 
          28550           62594 
          28650         63351.2 
          28750         62865.6 
          28850         61253.9 
          28950           62099 
          29050         59033.9 
          29150         61138.8 
          29250           56358 
          29350         59735.7 
          29450         53305.8 
          29550         56949.5 
          29650         54097.5 
          29750         55828.9 
          29850         53493.5 
          29950         55261.9 
          30050         51582.3 
          30150           54871 
          30250         51223.7 
          30350         53193.4 
          30450         50276.7 
          30550           51942 
          30650         51274.7 
          30750           50137 
          30850         49282.3 
          30950         48067.5 
          31050         49489.4 
          31150         47440.7 
          31250         48541.8 
          31350         46246.9 
          31450         47145.4 
          31550         46476.2 
          31650         47059.3 
          31750         45604.7 
          31850         45912.9 
          31950         44932.3 
          32100         45467.4 
          32300         43905.8 
          32500         43991.5 
          32700         43078.1 
          32900           42173 
          33100         41915.8 
          33300         40815.8 
          33500         40460.9 
          33700         40141.3 
          33900         38839.6 
          34100         38596.2 
          34300         38560.2 
          34500         36845.4 
          34700           37129 
          34900         36280.9 
          35100         35354.8 
          35300         34746.8 
          35500         34487.8 
          35700         33372.6 
          35900         32925.6 
          36100         32859.7 
          36300         31760.9 
          36500         31323.2 
          36700         30912.8 
          36900         30249.4 
          37100         29417.8 
          37300         29162.8 
          37500         28857.9 
          37700         27807.7 
          37900         27874.3 
          38100         27081.5 
          38300         26570.8 
          38500         26158.3 
          38700         25830.7 
          38900         25169.9 
          39100         24686.4 
          39300         24268.7 
          39500         24047.5 
          39700         23445.3 
          39900         22472.4 
          40100         21370.2 
          40300         21428.1 
          40500         19558.5 
          40700         19881.7 
          40900         18542.5 
          41100         19025.5 
          41300         17719.5 
          41500         18122.2 
          41700         16954.4 
          41900         17389.2 
          42100         16546.6 
          42300         16602.3 
          42500         16004.7 
          42700         15925.9 
          42900           15106 
          43100         14083.7 
          43300         14643.9 
          43500         13372.4 
          43700         13204.7 
          43900         12773.8 
          44100         11982.9 
          44300         11918.8 
          44500         11519.1 
          44700         11056.7 
          44900         11097.8 
          45100         10766.2 
          45300         10323.7 
          45500         10523.3 
          45700         10288.4 
          45900          9755.1 
          46100         9981.05 
          46300         9710.64 
          46500         9691.42 
          46700         9601.48 
          46900         9431.23 
          47100         9256.72 
          47300         9322.41 
          47500         9160.25 
          47700         9002.29 
          47900         8911.18 
          48100         8633.84 
          48300         8853.17 
          48500         8623.05 
          48700         8363.97 
          48900         8314.44 
          49100         8313.72 
          49300         8103.66 
          49500         7961.89 
          49700         7978.62 
          49900          7870.3 
          50100         7621.17 
          50300          7674.6 
          50500         7505.93 
          50700         7444.21 
          50900         7344.53 
          51100         7217.17 
          51300         7144.53 
          51500         7097.41 
          51700         6983.97 
          51900         6926.73 
          52100         6848.55 
          52300         6763.08 
          52500         6688.67 
          52700         6757.11 
          52900         6488.83 
          53100          6441.1 
          53300         6346.85 
          53500         6300.41 
          53700         6224.17 
          53900         6195.18 
          54100         6099.01 
          54300         5918.98 
          54500         6032.36 
          54700         5847.69 
          54900         5865.41 
          55100         5729.48 
          55300         5799.49 
          55500         5610.62 
          55700         5629.17 
          55900         5568.47 
          56100         5512.07 
          56300         5389.43 
          56500         5409.07 
          56700         5294.45 
          56900         5161.29 
          57100          5236.8 
          57300         5111.16 
          57500         5152.14 
          57700         5039.42 
          57900         4989.15 
          58100         4975.84 
          58300         4875.25 
          58500          4833.4 
          58700          4766.4 
          58900         4741.37 
          59100         4668.88 
          59300         4665.73 
          59500         4589.94 
          59700         4556.07 
          59900         4518.95 
          60100         4504.17 
          60300         4398.91 
          60500          4310.6 
          60700         4337.64 
          60900         4289.61 
          61100          4189.3 
          61300          4232.5 
          61500          4159.2 
          61700         4128.23 
          61900         4091.45 
          62100         4059.28 
          62300         4022.29 
          62500         3936.13 
          62700         3889.12 
          62900         3875.27 
          63100         3808.92 
          63300         3795.88 
          63500         3707.56 
          63700         3717.37 
          63900         3635.16 
          64200         3565.64 
          64600         3405.16 
          65000         3309.44 
          65400         3208.29 
          65800         3072.75 
          66200         2986.98 
          66600         2931.67 
          67000         2860.77 
          67400         2823.35 
          67800         2711.87 
          68200         2667.84 
          68600         2648.74 
          69000         2564.31 
          69400         2509.03 
          69800         2501.08 
          70200         2418.22 
          70600         2372.38 
          71000         2314.41 
          71400         2277.84 
          71800         2251.36 
          72200         2178.79 
          72600         2146.05 
          73000         2107.89 
          73400         2058.62 
          73800          2032.7 
          74200         1972.87 
          74600         1959.69 
          75000         1904.01 
          75400         1852.19 
          75800         1765.22 
          76200         1690.75 
          76600         1638.53 
          77000         1609.41 
          77400         1536.16 
          77800          1503.1 
          78200          1458.5 
          78600         1417.84 
          79000         1389.33 
          79400         1355.41 
          79800         1323.99 
          80200         1306.01 
          80600         1272.21 
          81000         1252.27 
          81400         1236.92 
          81800         1210.61 
          82200         1191.16 
          82600         1180.31 
          83000         1145.56 
          83400         1136.82 
          83800         1108.07 
          84200         1102.83 
          84600         1075.32 
          85000         1068.66 
          85400         1049.48 
          85800         1029.23 
          86200         1018.07 
          86600         994.726 
          87000         993.116 
          87400         969.499 
          87800         950.666 
          88200         935.526 
          88600         924.266 
          89000         909.127 
          89400         900.634 
          89800         881.744 
          90200         875.004 
          90600         867.983 
          91000         852.999 
          91400         835.899 
          91800         826.486 
          92200         804.571 
          92600         799.439 
          93000         792.879 
          93400         780.663 
          93800          761.26 
          94200         752.431 
          94600          741.03 
          95000          735.97 
          95400         730.103 
          95800         713.878 
          96200         702.582 
          96600         690.476 
          97000         685.514 
          97400         675.049 
          97800         664.301 
          98200         657.103 
          98600         649.536 
          99000         631.882 
          99400         628.065 
          99800         619.938 
         100200         610.608 
         200000          42.334 
         400000         2.75107 
         600000        0.547526 
         800000        0.173384 
         1.0e+6       0.0709309 
         1.2e+6       0.0341413 
         1.4e+6       0.0183883 
         1.6e+6       0.0107533 
