# Kurucz ODFNEW /NOVER models
# teff = 4000 K (value for the effective temperature for the model. Temperatures are given in K)
# logg = 3.50 log(cm/s2) (value for Log(G) for the model.)
# meta = -0.5  (value for the Metallicity for the model.)
# lh = 1.25  (l/Hp where l is the  mixing length of the convective element and Hp is the pressure scale height)
# vtur = 2.0 km/s (Microturbulence velocity)
#
# column 1: WAVELENGTH (ANGSTROM), Wavelength in Angstrom
# column 2: FLUX (ERG/CM2/S/A), Flux in erg/cm2/s/A
              0               0 
           90.9               0 
           93.5               0 
           96.1               0 
           97.7               0 
           99.6               0 
            102               0 
          103.8               0 
          105.6               0 
          107.7               0 
          110.4               0 
            114               0 
          117.8               0 
          121.3               0 
          124.8               0 
          127.1               0 
          128.4               0 
          130.5               0 
          132.4               0 
          133.9               0 
          136.6               0 
          139.8               0 
          143.3               0 
          147.2               0 
            151               0 
          155.2               0 
          158.8               0 
            162               0 
            166               0 
          170.3               0 
          173.4               0 
          176.8               0 
          180.2               0 
          181.7               0 
          186.1               0 
            191               0 
          193.9               0 
          198.4               0 
          201.8               0 
            205               0 
          210.5               0 
          216.2               0 
          219.8               0 
            223               0 
          226.8               0 
            230               0 
            234               0 
            240               0 
          246.5               0 
          252.4               0 
          256.8               0 
            260               0 
            264               0 
          268.5               0 
          273.5               0 
          278.5               0 
            284               0 
            290               0 
            296               0 
            301               0 
            308               0 
            318               0 
            328               0 
            338               0 
            348               0 
            357               0 
            366               0 
            375               0 
            385               0 
            395               0 
            405               0 
            414               0 
            422               0 
            430               0 
            441               0 
            451               0 
            460               0 
            470               0 
            480               0 
            490               0 
            500               0 
            506               0 
            512               0 
            520               0 
            530               0 
            540               0 
            550               0 
            560               0 
            570               0 
            580               0 
            590               0 
            600               0 
            610               0 
            620               0 
            630               0 
            640               0 
            650               0 
            658               0 
            665               0 
            675               0 
            685               0 
            695               0 
            705               0 
            716               0 
            726               0 
            735     3.39899e-25 
            745     8.85854e-25 
            755     2.24746e-24 
            765     5.55704e-24 
            775     1.34008e-23 
            785      3.1561e-23 
            795     7.24997e-23 
            805     1.63424e-22 
            815     3.60375e-22 
            825     7.78342e-22 
            835     1.64843e-21 
            845     3.42369e-21 
            855     6.97056e-21 
            865     1.39404e-20 
            875     2.73893e-20 
            885     5.29436e-20 
            895     1.00872e-19 
            905     1.88507e-19 
            915     3.38741e-14 
            925     1.87915e-13 
            935     2.57274e-13 
            945     4.14484e-13 
            955     3.94326e-13 
            965     9.29504e-13 
            975     5.57431e-13 
            985     1.67381e-12 
            995     2.70805e-12 
           1005     2.80683e-12 
           1015     3.19372e-12 
           1025     4.27174e-12 
           1035     1.17356e-11 
           1045     1.83021e-11 
           1055     2.19741e-11 
           1065     6.06102e-11 
           1075     7.99963e-11 
           1085     1.75631e-10 
           1095     2.49055e-10 
           1105     3.29022e-10 
           1115     4.51934e-10 
           1125      1.11951e-9 
           1135      1.89052e-9 
           1145      3.12558e-9 
           1155      4.48735e-9 
           1165      5.32581e-9 
           1175      8.24147e-9 
           1185        9.736e-9 
           1195      6.68552e-9 
           1205      3.08981e-9 
           1215     7.50971e-10 
           1225      4.82969e-9 
           1235      2.62141e-8 
           1245      6.53823e-8 
           1255      1.07516e-7 
           1265      1.50812e-7 
           1275      2.14533e-7 
           1285      2.36137e-7 
           1295      3.05333e-7 
           1305      4.16013e-7 
           1315      5.25089e-7 
           1325      6.18112e-7 
           1335      7.09906e-7 
           1345      9.61764e-7 
           1355      1.30069e-6 
           1365      1.46573e-6 
           1375      1.65968e-6 
           1385      2.02837e-6 
           1395      2.38735e-6 
           1405      3.36898e-6 
           1415      4.41678e-6 
           1425      4.96648e-6 
           1435      7.00636e-6 
           1442      1.02968e-5 
           1447      8.74225e-6 
           1455      1.03967e-5 
           1465      1.51908e-5 
           1475      1.48576e-5 
           1485      1.92002e-5 
           1495      2.98869e-5 
           1505      4.35739e-5 
           1512      2.55571e-5 
           1517       4.2563e-5 
           1525      6.51479e-5 
           1535     0.000151053 
           1545     0.000112076 
           1555     0.000186899 
           1565      0.00016666 
           1575     0.000343742 
           1585      0.00035029 
           1595     0.000331678 
           1605     0.000346806 
           1615     0.000353254 
           1625     0.000342828 
           1635     0.000473303 
           1645     0.000662224 
           1655     0.000524598 
           1665     0.000902258 
           1672     0.000716285 
           1677      0.00120934 
           1685      0.00164108 
           1695      0.00238716 
           1705      0.00254987 
           1715      0.00281264 
           1725      0.00398745 
           1735      0.00455759 
           1745      0.00653712 
           1755      0.00650688 
           1765      0.00846305 
           1775      0.00762099 
           1785       0.0152987 
           1795       0.0120338 
           1805       0.0225458 
           1815       0.0154399 
           1825       0.0259624 
           1835       0.0224043 
           1845       0.0352058 
           1855       0.0261322 
           1865       0.0471945 
           1875       0.0433296 
           1885       0.0562908 
           1895       0.0702135 
           1905       0.0742586 
           1915        0.108122 
           1925       0.0917452 
           1935       0.0671676 
           1945        0.131013 
           1955        0.187773 
           1967         0.20245 
           1976        0.235692 
           1984        0.306427 
           1995        0.271291 
           2005        0.327322 
           2015        0.372219 
           2025        0.351821 
           2035        0.442901 
           2045        0.461099 
           2055        0.554439 
           2065        0.527068 
           2074        0.476313 
           2078        0.659519 
           2085        0.804985 
           2095         1.10117 
           2105          1.1721 
           2115         1.17814 
           2125         1.38024 
           2135         1.78182 
           2145         1.33431 
           2155         1.72059 
           2165         1.67491 
           2175         1.83427 
           2185         1.69379 
           2195         2.92117 
           2205         2.40868 
           2215         2.96303 
           2225         2.53222 
           2235         4.36309 
           2245         4.92295 
           2255         6.14182 
           2265         3.25413 
           2275         6.74299 
           2285         6.22189 
           2295         10.4986 
           2305         3.83081 
           2315          13.747 
           2325         10.4643 
           2335         16.6461 
           2345         10.0975 
           2355         8.80958 
           2365         12.0929 
           2375         11.6687 
           2385         20.5611 
           2395          19.241 
           2405         35.0583 
           2415         20.8059 
           2425         27.0538 
           2435         40.3536 
           2445         55.5824 
           2455         64.4632 
           2465         41.1249 
           2475          75.074 
           2485         28.8599 
           2495         33.0668 
           2505         65.4276 
           2513         46.0811 
           2518         52.5239 
           2525          64.667 
           2535         134.642 
           2545         169.194 
           2555         179.108 
           2565         99.3527 
           2575         159.899 
           2585         117.807 
           2595         144.325 
           2605         196.781 
           2615         177.071 
           2625         273.222 
           2635         442.772 
           2645         343.472 
           2655         574.846 
           2665         412.296 
           2675         376.114 
           2685         502.746 
           2695         339.968 
           2705         621.239 
           2715          554.73 
           2725         483.568 
           2735         504.644 
           2745          708.61 
           2755         681.536 
           2765         980.258 
           2775         1271.05 
           2785         814.251 
           2795         1035.52 
           2805         1049.36 
           2815         1148.08 
           2825         1197.94 
           2835         1029.94 
           2845         801.258 
           2855          413.75 
           2865         1217.55 
           2875         1336.48 
           2885         2033.33 
           2895          2381.7 
           2910         3234.19 
           2930         3669.79 
           2950         3412.51 
           2970         3353.45 
           2990         4059.91 
           3010         4284.12 
           3030         6050.89 
           3050         6803.61 
           3070         9178.72 
           3090         8122.04 
           3110         16765.3 
           3130         14536.4 
           3150         24816.6 
           3170         38194.5 
           3190           28179 
           3210           33524 
           3230         30823.5 
           3250         56210.8 
           3270         80296.7 
           3290         97898.7 
           3310         72762.9 
           3330         75567.5 
           3350           65987 
           3370         33742.5 
           3390         45661.7 
           3410         55245.5 
           3430         67213.2 
           3450         59507.6 
           3470         58720.3 
           3490         86560.6 
           3510          122186 
           3530          115163 
           3550          170565 
           3570         68722.3 
           3590         63243.9 
           3610          105271 
           3630          140418 
           3640          160896 
           3650          183347 
           3670          232985 
           3690          180215 
           3710          139012 
           3730         52029.9 
           3750         70601.7 
           3770          179619 
           3790          200035 
           3810          174082 
           3830         65995.7 
           3850          116116 
           3870          108044 
           3890          126933 
           3910          189761 
           3930         58186.7 
           3950          133925 
           3970         87472.5 
           3990          312243 
           4010          415081 
           4030          323938 
           4050          353015 
           4070          328177 
           4090          444922 
           4110          285713 
           4130          328384 
           4150          301711 
           4170          292347 
           4190          319627 
           4210          287881 
           4230          196740 
           4250          323494 
           4270          302371 
           4290          300026 
           4310          328845 
           4330          485781 
           4350          503202 
           4370          528732 
           4390          457441 
           4410          492433 
           4430          532992 
           4450          561011 
           4470          619107 
           4490          653781 
           4510          756718 
           4530          624735 
           4550          694721 
           4570          751697 
           4590          730390 
           4610          758349 
           4630          752338 
           4650          728634 
           4670          792160 
           4690          767193 
           4710          728951 
           4730          719838 
           4750          711168 
           4770          605821 
           4790          637224 
           4810          746864 
           4830          753366 
           4850          797583 
           4870          775719 
           4890          807527 
           4910          812557 
           4930          760361 
           4950          756967 
           4970          695354 
           4990          636217 
           5010          546962 
           5030          595019 
           5050          548009 
           5070          532479 
           5090          504851 
           5110          519342 
           5130          491297 
           5150          463455 
           5170          444313 
           5190          494954 
           5210          570868 
           5230          851623 
           5250          894871 
           5270          781868 
           5290          929396 
           5310      1.01177e+6 
           5330          887347 
           5350          959222 
           5370          956089 
           5390          929024 
           5410          927420 
           5430          921085 
           5450          922911 
           5470          934255 
           5490          951460 
           5510          916535 
           5530          996558 
           5550      1.01978e+6 
           5570          993551 
           5590          944259 
           5610          972119 
           5630      1.00906e+6 
           5650       1.0491e+6 
           5670      1.01949e+6 
           5690      1.05722e+6 
           5710      1.00903e+6 
           5730      1.09365e+6 
           5750       1.0997e+6 
           5770      1.10278e+6 
           5790       1.0618e+6 
           5810      1.10675e+6 
           5830      1.13599e+6 
           5850      1.09585e+6 
           5870      1.07623e+6 
           5890          681821 
           5910      1.02045e+6 
           5930      1.06617e+6 
           5950      1.06967e+6 
           5970      1.09771e+6 
           5990      1.09743e+6 
           6010      1.09087e+6 
           6030      1.12363e+6 
           6050      1.14267e+6 
           6070      1.13822e+6 
           6090      1.11877e+6 
           6110      1.12538e+6 
           6130       1.0557e+6 
           6150      1.11318e+6 
           6170          988641 
           6190      1.07918e+6 
           6210      1.06218e+6 
           6230      1.02605e+6 
           6250      1.00388e+6 
           6270      1.05373e+6 
           6290      1.08856e+6 
           6310      1.08337e+6 
           6330      1.10831e+6 
           6350      1.13003e+6 
           6370      1.12499e+6 
           6390      1.13779e+6 
           6410      1.11924e+6 
           6430      1.11612e+6 
           6450      1.09943e+6 
           6470      1.10911e+6 
           6490      1.09101e+6 
           6510      1.13321e+6 
           6530      1.16109e+6 
           6550      1.13469e+6 
           6570      1.13216e+6 
           6590      1.14603e+6 
           6610      1.14868e+6 
           6630      1.15084e+6 
           6650      1.13643e+6 
           6670      1.11625e+6 
           6690      1.11026e+6 
           6710      1.08616e+6 
           6730      1.09136e+6 
           6750      1.07548e+6 
           6770      1.10505e+6 
           6790      1.08735e+6 
           6810       1.1008e+6 
           6830       1.1244e+6 
           6850      1.11817e+6 
           6870      1.12061e+6 
           6890      1.13863e+6 
           6910      1.15035e+6 
           6930      1.14388e+6 
           6950      1.14948e+6 
           6970      1.17034e+6 
           6990       1.1527e+6 
           7010      1.15848e+6 
           7030      1.17179e+6 
           7050      1.15795e+6 
           7070      1.10076e+6 
           7090      1.07455e+6 
           7110      1.07544e+6 
           7130      1.02985e+6 
           7150      1.01945e+6 
           7170      1.06133e+6 
           7190      1.06513e+6 
           7210      1.06205e+6 
           7230      1.11341e+6 
           7250      1.11186e+6 
           7270      1.13647e+6 
           7290      1.14102e+6 
           7310      1.14797e+6 
           7330       1.1415e+6 
           7350      1.14116e+6 
           7370      1.16341e+6 
           7390      1.15953e+6 
           7410      1.15054e+6 
           7430      1.16271e+6 
           7450         1.16e+6 
           7470      1.16305e+6 
           7490      1.16209e+6 
           7510      1.17047e+6 
           7530      1.17529e+6 
           7550      1.17621e+6 
           7570      1.17362e+6 
           7590      1.16018e+6 
           7610      1.15767e+6 
           7630      1.15672e+6 
           7650       1.1539e+6 
           7670      1.10248e+6 
           7690      1.13753e+6 
           7710      1.11129e+6 
           7730      1.13297e+6 
           7750      1.11973e+6 
           7770      1.13719e+6 
           7790      1.13365e+6 
           7810      1.14156e+6 
           7830      1.12867e+6 
           7850      1.12837e+6 
           7870      1.14278e+6 
           7890      1.13947e+6 
           7910      1.12583e+6 
           7930      1.12567e+6 
           7950      1.11155e+6 
           7970      1.14067e+6 
           7990      1.13172e+6 
           8010      1.13172e+6 
           8030      1.13199e+6 
           8050      1.12683e+6 
           8070      1.12125e+6 
           8090      1.12199e+6 
           8110      1.12557e+6 
           8130      1.13286e+6 
           8150      1.13276e+6 
           8170      1.13044e+6 
           8190      1.08325e+6 
           8210      1.10234e+6 
           8230      1.11307e+6 
           8250      1.11166e+6 
           8270      1.12282e+6 
           8290      1.11521e+6 
           8310      1.09676e+6 
           8330      1.08428e+6 
           8350      1.09481e+6 
           8370      1.09249e+6 
           8390      1.03843e+6 
           8410      1.09075e+6 
           8430      1.05245e+6 
           8450      1.08567e+6 
           8470      1.07903e+6 
           8490      1.07792e+6 
           8510       1.0353e+6 
           8530      1.07095e+6 
           8550          951637 
           8570      1.09077e+6 
           8590      1.08453e+6 
           8610      1.08092e+6 
           8630      1.08547e+6 
           8650      1.08428e+6 
           8670          958853 
           8690      1.03831e+6 
           8710      1.08256e+6 
           8730      1.07834e+6 
           8750      1.07647e+6 
           8770      1.07259e+6 
           8790      1.07855e+6 
           8810      1.05132e+6 
           8830      1.05628e+6 
           8850      1.06893e+6 
           8870      1.04821e+6 
           8890      1.05928e+6 
           8910      1.06169e+6 
           8930      1.05071e+6 
           8950      1.04263e+6 
           8970      1.04749e+6 
           8990      1.05263e+6 
           9010        1.019e+6 
           9030      1.04138e+6 
           9050      1.05523e+6 
           9070      1.05525e+6 
           9090      1.02818e+6 
           9110      1.03647e+6 
           9130        1.045e+6 
           9150      1.03692e+6 
           9170      1.03191e+6 
           9190      1.03519e+6 
           9210      1.02301e+6 
           9230      1.02814e+6 
           9250      1.01788e+6 
           9270      1.02099e+6 
           9290      1.01354e+6 
           9310      1.02536e+6 
           9330      1.02391e+6 
           9350      1.01984e+6 
           9370      1.00721e+6 
           9390       1.0154e+6 
           9410      1.00381e+6 
           9430      1.01134e+6 
           9450          995881 
           9470      1.00953e+6 
           9490      1.00926e+6 
           9510      1.00789e+6 
           9530      1.00379e+6 
           9550          988973 
           9570          992946 
           9590      1.00311e+6 
           9610          988491 
           9630          996090 
           9650          960409 
           9670          963854 
           9690          981586 
           9710          974550 
           9730          963107 
           9750          967757 
           9770          972128 
           9790          948822 
           9810          980189 
           9830          969772 
           9850          978301 
           9870          974418 
           9890          973447 
           9910          970365 
           9930          969556 
           9950          967679 
           9970          968006 
           9990          967154 
          10025          958125 
          10075          952315 
          10125          952009 
          10175          944421 
          10225          942703 
          10275          941435 
          10325          927711 
          10375          924110 
          10425          927330 
          10475          917023 
          10525          918738 
          10575          908182 
          10625          907097 
          10675          895084 
          10725          893175 
          10775          889415 
          10825          876848 
          10875          878965 
          10925          875607 
          10975          858890 
          11025          855272 
          11075          855092 
          11125          850041 
          11175          846371 
          11225          846503 
          11275          833321 
          11325          835585 
          11375          824588 
          11425          819117 
          11475          827730 
          11525          827085 
          11575          818916 
          11625          806229 
          11675          807932 
          11725          814347 
          11775          799487 
          11825          795164 
          11875          787306 
          11925          799633 
          11975          773423 
          12025          788028 
          12075          781466 
          12125          784566 
          12175          783499 
          12225          780078 
          12275          775485 
          12325          772802 
          12375          770137 
          12425          765343 
          12475          764447 
          12525          758259 
          12575          758055 
          12625          754215 
          12675          749448 
          12725          749526 
          12775          748126 
          12825          731515 
          12875          737732 
          12925          729959 
          12975          736428 
          13025          732606 
          13075          731883 
          13125          717703 
          13175          718689 
          13225          723087 
          13275          713887 
          13325          707924 
          13375          701526 
          13425          698151 
          13475          701008 
          13525          695812 
          13575          691984 
          13625          685595 
          13675          692880 
          13725          694241 
          13775          691573 
          13825          691193 
          13875          681152 
          13925          653305 
          13975          664301 
          14025          665108 
          14075          668186 
          14125          658557 
          14175          660949 
          14225          657856 
          14275          646730 
          14325          657736 
          14375          656980 
          14425          652468 
          14475          659100 
          14525          651659 
          14570          650852 
          14620          633788 
          14675          635779 
          14725          640609 
          14775          639802 
          14825          643481 
          14875          632214 
          14925          650801 
          14975          652996 
          15025          620157 
          15075          635344 
          15125          645990 
          15175          649707 
          15225          652207 
          15275          644554 
          15325          652657 
          15375          644467 
          15425          637479 
          15475          657466 
          15525          643609 
          15575          643523 
          15625          655487 
          15675          649641 
          15725          644665 
          15775          625883 
          15825          648217 
          15875          633719 
          15925          647780 
          15975          651614 
          16050          645438 
          16150          644979 
          16250          635953 
          16350          637089 
          16450          625622 
          16550          625415 
          16650          611268 
          16750          595277 
          16850          587329 
          16950          582215 
          17050          565259 
          17150          545916 
          17250          539138 
          17350          523177 
          17450          516443 
          17550          500986 
          17650          490778 
          17750          477599 
          17850          465416 
          17950          458620 
          18050          441735 
          18150          435805 
          18250          424959 
          18350          420483 
          18450          403865 
          18550          394869 
          18650          390027 
          18750          379792 
          18850          380925 
          18950          369530 
          19050          370208 
          19150          363888 
          19250          359454 
          19350          347208 
          19450          340729 
          19550          339065 
          19650          333663 
          19750          321126 
          19850          316884 
          19950          310726 
          20050          310444 
          20150          304133 
          20250          296956 
          20350          293426 
          20450          290311 
          20550          285423 
          20650          278619 
          20750          277034 
          20850          271202 
          20950          267220 
          21050          264858 
          21150          261129 
          21250          257768 
          21350          255210 
          21450          252091 
          21550          248743 
          21650          245357 
          21750          240821 
          21850          238495 
          21950          235897 
          22050          229067 
          22150          230896 
          22250          224389 
          22350          222838 
          22450          220162 
          22550          217584 
          22650          212590 
          22750          211526 
          22850          207009 
          22950          185110 
          23050          192526 
          23150          190818 
          23250          171060 
          23350          177751 
          23450          178889 
          23550          159937 
          23650          168616 
          23750          168127 
          23850          151276 
          23950          157548 
          24050          155778 
          24150          143975 
          24250          146160 
          24350          145121 
          24450          136770 
          24550          133883 
          24650          134579 
          24750          129330 
          24850          124393 
          24950          125564 
          25050          123363 
          25150          117405 
          25250          114178 
          25350          115067 
          25450          114258 
          25550          113775 
          25650          109906 
          25750          111543 
          25850          109464 
          25950          109422 
          26050          108788 
          26150          110536 
          26250          108012 
          26350          107780 
          26450          106293 
          26550          103880 
          26650          103531 
          26750          102190 
          26850          101342 
          26950         97618.7 
          27050         97732.3 
          27150         94964.4 
          27250         92802.3 
          27350         91661.5 
          27450         91839.9 
          27550         88474.2 
          27650         87825.7 
          27750         87467.7 
          27850         84679.4 
          27950         84899.1 
          28050         79458.8 
          28150         80901.4 
          28250         79848.2 
          28350         78793.9 
          28450         79651.3 
          28550         76450.4 
          28650         77450.8 
          28750         75937.4 
          28850         74429.8 
          28950         74842.3 
          29050         71185.1 
          29150         73898.8 
          29250         67850.5 
          29350         71928.6 
          29450         65455.2 
          29550         69094.4 
          29650         65295.1 
          29750         67453.3 
          29850         63784.7 
          29950         66416.9 
          30050           61837 
          30150         65401.8 
          30250         61022.2 
          30350         63119.5 
          30450         59849.4 
          30550         61391.5 
          30650         60522.4 
          30750         59201.2 
          30850         58493.4 
          30950         57140.7 
          31050         58535.4 
          31150         56285.1 
          31250         57364.4 
          31350         54898.3 
          31450         55684.7 
          31550           54761 
          31650         55276.6 
          31750         53710.5 
          31850         53826.8 
          31950         52896.3 
          32100         53101.6 
          32300         51503.4 
          32500         51288.8 
          32700           50244 
          32900         49116.5 
          33100         48882.4 
          33300         47641.2 
          33500         47060.5 
          33700           46633 
          33900         45166.7 
          34100         44819.9 
          34300         44612.4 
          34500         42795.7 
          34700         42892.2 
          34900         42033.9 
          35100         40953.7 
          35300           40225 
          35500         39934.5 
          35700         38687.3 
          35900         38131.8 
          36100         37880.9 
          36300         36755.5 
          36500         36189.7 
          36700         35595.3 
          36900         34919.8 
          37100         34051.6 
          37300         33611.5 
          37500           33238 
          37700         32186.6 
          37900         32073.3 
          38100         31228.8 
          38300         30664.6 
          38500         30143.5 
          38700         29714.5 
          38900         28974.1 
          39100         28473.9 
          39300           27958 
          39500         27581.4 
          39700         26979.1 
          39900           26042 
          40100         25834.4 
          40300           25349 
          40500           24594 
          40700         24034.5 
          40900         23642.4 
          41100         23263.4 
          41300         22740.5 
          41500         22440.8 
          41700         21762.5 
          41900           21626 
          42100         20973.6 
          42300         20901.9 
          42500         20305.4 
          42700         20019.1 
          42900         19053.6 
          43100         17991.7 
          43300         18143.2 
          43500         17093.2 
          43700         16565.4 
          43900         16278.4 
          44100         15438.7 
          44300         15177.6 
          44500         14912.6 
          44700         14259.3 
          44900         14224.3 
          45100           13821 
          45300         13414.8 
          45500         13382.1 
          45700         13241.1 
          45900           12729 
          46100         12771.8 
          46300         12509.8 
          46500         12497.4 
          46700           12333 
          46900         12140.9 
          47100         11947.8 
          47300         11931.9 
          47500         11676.7 
          47700         11466.2 
          47900         11394.2 
          48100         11026.7 
          48300         11191.2 
          48500         10900.2 
          48700         10626.7 
          48900           10478 
          49100         10479.6 
          49300         10173.5 
          49500         10070.3 
          49700         9940.13 
          49900         9832.32 
          50100         9542.18 
          50300         9492.66 
          50500         9327.53 
          50700         9245.27 
          50900         9093.96 
          51100         8965.62 
          51300         8874.25 
          51500         8777.05 
          51700         8609.62 
          51900         8501.15 
          52100         8440.03 
          52300         8286.23 
          52500         8169.22 
          52700         8161.85 
          52900         7920.28 
          53100         7894.79 
          53300         7740.31 
          53500         7674.39 
          53700          7563.1 
          53900         7544.82 
          54100         7403.67 
          54300         7161.02 
          54500         7240.98 
          54700         7123.79 
          54900         7063.74 
          55100         6952.37 
          55300         6933.57 
          55500         6732.05 
          55700         6726.53 
          55900         6669.54 
          56100         6553.61 
          56300         6444.97 
          56500         6430.22 
          56700         6325.17 
          56900         6185.86 
          57100         6220.57 
          57300         6052.39 
          57500         6120.65 
          57700         5971.39 
          57900          5885.8 
          58100         5872.24 
          58300         5745.79 
          58500         5704.15 
          58700         5640.63 
          58900          5589.9 
          59100         5508.57 
          59300         5478.86 
          59500         5409.75 
          59700         5335.71 
          59900         5298.35 
          60100         5277.67 
          60300         5143.12 
          60500         5058.64 
          60700         5072.52 
          60900         5023.08 
          61100         4902.66 
          61300         4945.11 
          61500         4834.51 
          61700          4795.3 
          61900         4749.43 
          62100         4696.61 
          62300          4663.6 
          62500         4570.73 
          62700         4510.17 
          62900         4488.88 
          63100         4412.59 
          63300         4383.33 
          63500         4281.31 
          63700         4276.57 
          63900         4196.97 
          64200         4098.61 
          64600         3905.82 
          65000         3786.02 
          65400         3672.67 
          65800          3517.2 
          66200         3422.55 
          66600         3360.91 
          67000         3263.75 
          67400         3218.09 
          67800         3098.53 
          68200         3032.22 
          68600         3012.82 
          69000         2925.14 
          69400         2850.29 
          69800         2835.81 
          70200         2741.52 
          70600         2691.87 
          71000         2630.01 
          71400         2585.55 
          71800         2551.85 
          72200         2464.83 
          72600         2425.02 
          73000         2392.37 
          73400         2331.96 
          73800         2299.63 
          74200         2233.43 
          74600         2213.27 
          75000         2159.58 
          75400         2115.46 
          75800         2045.66 
          76200         1990.63 
          76600         1948.96 
          77000         1921.27 
          77400         1851.59 
          77800            1828 
          78200         1780.57 
          78600         1743.47 
          79000         1697.31 
          79400         1677.74 
          79800         1628.48 
          80200         1614.63 
          80600         1571.84 
          81000         1542.52 
          81400         1522.62 
          81800         1497.86 
          82200         1461.96 
          82600         1450.32 
          83000         1413.03 
          83400         1386.07 
          83800         1354.85 
          84200         1351.62 
          84600          1319.4 
          85000         1291.52 
          85400         1279.81 
          85800         1252.96 
          86200         1235.63 
          86600         1212.09 
          87000         1202.56 
          87400          1168.7 
          87800         1151.28 
          88200         1132.29 
          88600         1117.43 
          89000         1099.85 
          89400         1081.83 
          89800         1060.16 
          90200         1051.79 
          90600         1035.18 
          91000         1018.37 
          91400         999.328 
          91800         985.229 
          92200         968.057 
          92600         950.309 
          93000         940.803 
          93400          924.08 
          93800         907.826 
          94200         892.914 
          94600         877.337 
          95000         867.003 
          95400         861.196 
          95800         837.107 
          96200         825.763 
          96600         810.987 
          97000         801.186 
          97400         791.164 
          97800         776.513 
          98200          766.92 
          98600         755.828 
          99000         731.281 
          99400         729.527 
          99800         717.676 
         100200         706.779 
         200000         48.3232 
         400000         3.11251 
         600000        0.616916 
         800000        0.194923 
         1.0e+6       0.0796408 
         1.2e+6       0.0382904 
         1.4e+6       0.0206068 
         1.6e+6       0.0120455 
