# Kurucz ODFNEW /NOVER models
# teff = 5000 K (value for the effective temperature for the model. Temperatures are given in K)
# logg = 2.00 log(cm/s2) (value for Log(G) for the model.)
# meta = -0.5  (value for the Metallicity for the model.)
# lh = 1.25  (l/Hp where l is the  mixing length of the convective element and Hp is the pressure scale height)
# vtur = 2.0 km/s (Microturbulence velocity)
#
# column 1: WAVELENGTH (ANGSTROM), Wavelength in Angstrom
# column 2: FLUX (ERG/CM2/S/A), Flux in erg/cm2/s/A
              0               0 
           90.9               0 
           93.5               0 
           96.1               0 
           97.7               0 
           99.6               0 
            102               0 
          103.8               0 
          105.6               0 
          107.7               0 
          110.4               0 
            114               0 
          117.8               0 
          121.3               0 
          124.8               0 
          127.1               0 
          128.4               0 
          130.5               0 
          132.4               0 
          133.9               0 
          136.6               0 
          139.8               0 
          143.3               0 
          147.2               0 
            151               0 
          155.2               0 
          158.8               0 
            162               0 
            166               0 
          170.3               0 
          173.4               0 
          176.8               0 
          180.2               0 
          181.7               0 
          186.1               0 
            191               0 
          193.9               0 
          198.4               0 
          201.8               0 
            205               0 
          210.5               0 
          216.2               0 
          219.8               0 
            223               0 
          226.8               0 
            230               0 
            234               0 
            240               0 
          246.5               0 
          252.4               0 
          256.8               0 
            260               0 
            264               0 
          268.5               0 
          273.5               0 
          278.5               0 
            284               0 
            290               0 
            296               0 
            301               0 
            308               0 
            318               0 
            328               0 
            338               0 
            348               0 
            357               0 
            366               0 
            375               0 
            385               0 
            395               0 
            405               0 
            414               0 
            422               0 
            430               0 
            441               0 
            451               0 
            460               0 
            470               0 
            480               0 
            490               0 
            500               0 
            506               0 
            512               0 
            520               0 
            530               0 
            540               0 
            550               0 
            560               0 
            570               0 
            580               0 
            590               0 
            600               0 
            610               0 
            620     4.04084e-25 
            630      1.2533e-24 
            640     3.74606e-24 
            650     1.08035e-23 
            658     2.45965e-23 
            665     4.96519e-23 
            675     1.31873e-22 
            685     3.39818e-22 
            695     8.50445e-22 
            705      2.0685e-21 
            716     5.34053e-21 
            726     1.23088e-20 
            735     2.55631e-20 
            745     5.63259e-20 
            755     1.21361e-19 
            765     2.55936e-19 
            775     5.28555e-19 
            785      1.0703e-18 
            795     2.12123e-18 
            805     4.14301e-18 
            815      7.9427e-18 
            825     1.49629e-17 
            835     2.77323e-17 
            845     5.05924e-17 
            855     9.09019e-17 
            865     1.60933e-16 
            875     2.80802e-16 
            885     4.83691e-16 
            895     8.21914e-16 
            905     1.37882e-15 
            915     3.52385e-11 
            925     1.28224e-10 
            935     1.59569e-10 
            945     2.80325e-10 
            955     4.60409e-10 
            965     7.14522e-10 
            975     9.35421e-10 
            985      1.56365e-9 
            995      2.22638e-9 
           1005      3.40387e-9 
           1015      4.61632e-9 
           1025      6.72009e-9 
           1035       1.0803e-8 
           1045       1.5893e-8 
           1055      1.98664e-8 
           1065      2.96352e-8 
           1075      4.11831e-8 
           1085      5.77244e-8 
           1095      7.24224e-8 
           1105      9.99316e-8 
           1115      1.43026e-7 
           1125      2.04837e-7 
           1135      2.96243e-7 
           1145      3.97903e-7 
           1155      5.19109e-7 
           1165      6.89049e-7 
           1175      9.08818e-7 
           1185        1.146e-6 
           1195      1.24596e-6 
           1205      1.41876e-6 
           1215       9.5286e-7 
           1225      2.54187e-6 
           1235       3.8443e-6 
           1245       5.3021e-6 
           1255      6.98555e-6 
           1265       9.0671e-6 
           1275      1.17648e-5 
           1285      1.47242e-5 
           1295      1.90245e-5 
           1305      2.32428e-5 
           1315        3.081e-5 
           1325      3.85158e-5 
           1335      4.85904e-5 
           1345      6.25106e-5 
           1355      7.91533e-5 
           1365      9.88862e-5 
           1375     0.000121809 
           1385     0.000147424 
           1395     0.000183469 
           1405     0.000236265 
           1415     0.000292959 
           1425      0.00033348 
           1435     0.000432526 
           1442     0.000519702 
           1447     0.000525563 
           1455     0.000617977 
           1465     0.000797547 
           1475     0.000915806 
           1485      0.00111087 
           1495      0.00142485 
           1505      0.00178234 
           1512      0.00164904 
           1517      0.00204958 
           1525       0.0026087 
           1535       0.0243844 
           1545       0.0377373 
           1555       0.0750291 
           1565       0.0707771 
           1575        0.226558 
           1585        0.299813 
           1595        0.365621 
           1605        0.397948 
           1615        0.437985 
           1625        0.534989 
           1635         0.68237 
           1645         1.12837 
           1655        0.654918 
           1665         1.41656 
           1672        0.820223 
           1677         2.00037 
           1685         5.31454 
           1695         10.3763 
           1705         13.3481 
           1715         14.2496 
           1725          20.524 
           1735         26.6007 
           1745         37.9324 
           1755         54.5631 
           1765         54.3845 
           1775         54.0232 
           1785         76.3907 
           1795         91.2646 
           1805          101.83 
           1815         101.623 
           1825         134.195 
           1835         153.323 
           1845         100.391 
           1855         158.399 
           1865         198.155 
           1875         226.137 
           1885           255.7 
           1895         343.922 
           1905         332.224 
           1915         377.529 
           1925         417.677 
           1935          274.28 
           1945         546.947 
           1955         581.651 
           1967         776.861 
           1976         773.803 
           1984         824.849 
           1995         911.852 
           2005         949.317 
           2015         1044.39 
           2025         853.311 
           2035         1208.45 
           2045         1411.24 
           2055         1444.29 
           2065         1439.35 
           2074         1599.15 
           2078         1940.76 
           2085         2099.86 
           2095         2877.61 
           2105         3886.39 
           2115          4084.1 
           2125         3106.36 
           2135         3964.16 
           2145         5674.35 
           2155         6008.83 
           2165         5897.58 
           2175          6436.6 
           2185         8351.74 
           2195          9098.4 
           2205         9029.24 
           2215         6388.01 
           2225         9137.79 
           2235         14462.2 
           2245           13785 
           2255         10284.7 
           2265         8672.49 
           2275         12996.5 
           2285         17477.8 
           2295         14833.1 
           2305         17990.5 
           2315         14243.3 
           2325         13536.3 
           2335         10125.4 
           2345         6976.23 
           2355         14152.1 
           2365         8231.43 
           2375           11147 
           2385         6216.26 
           2395          8713.5 
           2405         9028.73 
           2415         11908.7 
           2425         25872.5 
           2435         30156.4 
           2445         38699.3 
           2455         41204.4 
           2465         31074.7 
           2475         26685.2 
           2485         8879.52 
           2495         19218.3 
           2505           31078 
           2513         14892.2 
           2518         8838.45 
           2525         10110.1 
           2535         22003.3 
           2545         33602.5 
           2555         98533.4 
           2565         53911.4 
           2575         72793.5 
           2585         48079.2 
           2595         37143.1 
           2605         26968.9 
           2615         25694.8 
           2625         37204.2 
           2635          112554 
           2645          207012 
           2655          318853 
           2665          187898 
           2675          207197 
           2685          257788 
           2695          181544 
           2705          242879 
           2715          141090 
           2725         89398.1 
           2735          126417 
           2745         53891.9 
           2755         84275.3 
           2765          126394 
           2775          126620 
           2785         63953.8 
           2795         18261.6 
           2805         24466.3 
           2815           95939 
           2825          186037 
           2835          198250 
           2845          119898 
           2855         44841.5 
           2865          198320 
           2875          330416 
           2885          301124 
           2895          379249 
           2910          531367 
           2930          490086 
           2950          460388 
           2970          503325 
           2990          516419 
           3010          513862 
           3030          578992 
           3050          624477 
           3070          614685 
           3090          634730 
           3110          720968 
           3130          628263 
           3150          627864 
           3170          719052 
           3190          642983 
           3210          720659 
           3230          568514 
           3250          887461 
           3270      1.07306e+6 
           3290       1.0447e+6 
           3310          964753 
           3330          986050 
           3350          921475 
           3370          689679 
           3390          829442 
           3410          922671 
           3430      1.03644e+6 
           3450      1.11378e+6 
           3470      1.14356e+6 
           3490      1.24456e+6 
           3510      1.32989e+6 
           3530      1.19602e+6 
           3550      1.38292e+6 
           3570          978148 
           3590      1.03261e+6 
           3610      1.27854e+6 
           3630      1.32281e+6 
           3640      1.33614e+6 
           3650      1.49343e+6 
           3670      1.53977e+6 
           3690      1.55015e+6 
           3710      1.76898e+6 
           3730       1.3866e+6 
           3750      1.53786e+6 
           3770      1.73833e+6 
           3790      1.73215e+6 
           3810       1.6367e+6 
           3830      1.09427e+6 
           3850       1.1469e+6 
           3870      1.10754e+6 
           3890      1.61944e+6 
           3910       1.8586e+6 
           3930          777125 
           3950      1.51863e+6 
           3970          964288 
           3990      2.32828e+6 
           4010      2.62937e+6 
           4030      2.60055e+6 
           4050       2.5345e+6 
           4070      2.46849e+6 
           4090       2.8991e+6 
           4110      2.89772e+6 
           4130      2.72351e+6 
           4150      2.67807e+6 
           4170      2.67671e+6 
           4190      2.58255e+6 
           4210      2.70558e+6 
           4230      2.75606e+6 
           4250      2.71329e+6 
           4270      2.55053e+6 
           4290      2.27093e+6 
           4310      1.80605e+6 
           4330      2.87296e+6 
           4350      2.74129e+6 
           4370      2.93779e+6 
           4390      2.69781e+6 
           4410      2.98295e+6 
           4430      3.28914e+6 
           4450      3.29025e+6 
           4470      3.50808e+6 
           4490      3.59799e+6 
           4510      3.97882e+6 
           4530      3.59529e+6 
           4550      3.70624e+6 
           4570      3.96934e+6 
           4590      3.76782e+6 
           4610       3.9325e+6 
           4630      3.88753e+6 
           4650      3.93448e+6 
           4670      4.03023e+6 
           4690      3.98052e+6 
           4710      3.88906e+6 
           4730      4.03859e+6 
           4750       4.1601e+6 
           4770       4.1675e+6 
           4790      4.15117e+6 
           4810      4.11117e+6 
           4830      4.15731e+6 
           4850      3.99818e+6 
           4870      3.71887e+6 
           4890      4.08113e+6 
           4910        4.057e+6 
           4930      4.01113e+6 
           4950      4.20864e+6 
           4970      4.20444e+6 
           4990      3.92614e+6 
           5010      3.77885e+6 
           5030      3.99959e+6 
           5050      4.02738e+6 
           5070      4.17695e+6 
           5090      3.99327e+6 
           5110      4.05931e+6 
           5130      3.94068e+6 
           5150      3.84679e+6 
           5170      3.74309e+6 
           5190       3.8175e+6 
           5210      3.94356e+6 
           5230      4.00574e+6 
           5250      4.08884e+6 
           5270      3.75145e+6 
           5290      4.11705e+6 
           5310      4.25082e+6 
           5330      3.92803e+6 
           5350      4.20054e+6 
           5370      4.21268e+6 
           5390      4.12895e+6 
           5410      4.04699e+6 
           5430      4.09121e+6 
           5450      4.25657e+6 
           5470      4.15524e+6 
           5490      4.12901e+6 
           5510      4.12502e+6 
           5530      4.18789e+6 
           5550      4.24716e+6 
           5570      4.15758e+6 
           5590      4.07895e+6 
           5610      4.20696e+6 
           5630      4.20162e+6 
           5650      4.19197e+6 
           5670      4.10023e+6 
           5690      4.18666e+6 
           5710      4.07223e+6 
           5730      4.33518e+6 
           5750      4.21379e+6 
           5770      4.25999e+6 
           5790      4.13759e+6 
           5810      4.23781e+6 
           5830      4.30268e+6 
           5850      4.21011e+6 
           5870       4.2274e+6 
           5890      4.02423e+6 
           5910        4.186e+6 
           5930      4.18052e+6 
           5950      4.18354e+6 
           5970      4.21379e+6 
           5990      4.16481e+6 
           6010      4.10221e+6 
           6030      4.13884e+6 
           6050      4.20171e+6 
           6070      4.17467e+6 
           6090      4.07364e+6 
           6110      4.05397e+6 
           6130      3.92872e+6 
           6150      3.98568e+6 
           6170       3.8818e+6 
           6190      4.04348e+6 
           6210      4.04981e+6 
           6230      3.94212e+6 
           6250       3.8202e+6 
           6270      3.98598e+6 
           6290       3.9983e+6 
           6310      3.89541e+6 
           6330      3.92779e+6 
           6350       3.9512e+6 
           6370       3.9322e+6 
           6390      3.94425e+6 
           6410      3.86678e+6 
           6430      3.89778e+6 
           6450      3.88063e+6 
           6470      3.86549e+6 
           6490      3.79261e+6 
           6510      3.87937e+6 
           6530      3.89763e+6 
           6550       3.8398e+6 
           6570      3.59337e+6 
           6590      3.82751e+6 
           6610      3.84232e+6 
           6630      3.83734e+6 
           6650      3.81864e+6 
           6670      3.78128e+6 
           6690      3.84178e+6 
           6710      3.75601e+6 
           6730       3.8118e+6 
           6750      3.76123e+6 
           6770      3.76353e+6 
           6790      3.74819e+6 
           6810      3.72993e+6 
           6830      3.74872e+6 
           6850      3.67261e+6 
           6870      3.70139e+6 
           6890      3.71938e+6 
           6910      3.68784e+6 
           6930       3.6709e+6 
           6950      3.63804e+6 
           6970      3.64898e+6 
           6990      3.62419e+6 
           7010      3.53929e+6 
           7030      3.58612e+6 
           7050      3.60159e+6 
           7070       3.5657e+6 
           7090      3.55497e+6 
           7110      3.54864e+6 
           7130      3.49897e+6 
           7150      3.48584e+6 
           7170      3.48883e+6 
           7190      3.39338e+6 
           7210      3.44617e+6 
           7230      3.45949e+6 
           7250      3.46968e+6 
           7270      3.45118e+6 
           7290      3.37081e+6 
           7310       3.4054e+6 
           7330      3.40243e+6 
           7350      3.39851e+6 
           7370      3.41913e+6 
           7390      3.34499e+6 
           7410          3.3e+6 
           7430      3.33384e+6 
           7450      3.34005e+6 
           7470      3.34994e+6 
           7490      3.32254e+6 
           7510       3.3265e+6 
           7530      3.32314e+6 
           7550      3.33246e+6 
           7570      3.30278e+6 
           7590      3.29127e+6 
           7610      3.28369e+6 
           7630      3.28282e+6 
           7650      3.27571e+6 
           7670      3.19948e+6 
           7690      3.25823e+6 
           7710      3.20022e+6 
           7730      3.20517e+6 
           7750      3.17849e+6 
           7770      3.21944e+6 
           7790      3.20466e+6 
           7810      3.19989e+6 
           7830      3.16623e+6 
           7850      3.15586e+6 
           7870      3.16485e+6 
           7890      3.12582e+6 
           7910      3.07059e+6 
           7930      3.04068e+6 
           7950      3.02536e+6 
           7970      3.07851e+6 
           7990      3.07038e+6 
           8010      3.04154e+6 
           8030      3.03711e+6 
           8050      3.01064e+6 
           8070      3.01384e+6 
           8090      2.95764e+6 
           8110      2.97606e+6 
           8130      2.98389e+6 
           8150      2.96926e+6 
           8170      2.96304e+6 
           8190      2.90096e+6 
           8210      2.90115e+6 
           8230      2.89613e+6 
           8250      2.91211e+6 
           8270      2.92977e+6 
           8290      2.91039e+6 
           8310      2.85619e+6 
           8330      2.83988e+6 
           8350      2.85401e+6 
           8370      2.85292e+6 
           8390      2.79855e+6 
           8410      2.84252e+6 
           8430      2.78876e+6 
           8450      2.81767e+6 
           8470      2.79278e+6 
           8490       2.7616e+6 
           8510      2.62421e+6 
           8530      2.72355e+6 
           8550      2.30756e+6 
           8570      2.78179e+6 
           8590      2.74128e+6 
           8610      2.72765e+6 
           8630      2.75043e+6 
           8650      2.71809e+6 
           8670      2.32868e+6 
           8690      2.66913e+6 
           8710      2.70356e+6 
           8730      2.70275e+6 
           8750      2.65095e+6 
           8770      2.69814e+6 
           8790       2.6732e+6 
           8810      2.62817e+6 
           8830       2.6501e+6 
           8850      2.65112e+6 
           8870      2.59163e+6 
           8890      2.64543e+6 
           8910      2.64647e+6 
           8930      2.60355e+6 
           8950      2.59263e+6 
           8970       2.5963e+6 
           8990      2.59879e+6 
           9010      2.50225e+6 
           9030      2.56672e+6 
           9050       2.5908e+6 
           9070      2.55068e+6 
           9090       2.4848e+6 
           9110      2.50463e+6 
           9130      2.53584e+6 
           9150      2.47734e+6 
           9170      2.44755e+6 
           9190       2.4502e+6 
           9210       2.3984e+6 
           9230      2.38147e+6 
           9250       2.3843e+6 
           9270      2.41151e+6 
           9290      2.39935e+6 
           9310      2.41739e+6 
           9330      2.40924e+6 
           9350      2.39222e+6 
           9370      2.37696e+6 
           9390      2.36808e+6 
           9410      2.30591e+6 
           9430      2.33842e+6 
           9450      2.31208e+6 
           9470      2.34089e+6 
           9490      2.33697e+6 
           9510      2.33711e+6 
           9530      2.31781e+6 
           9550      2.28746e+6 
           9570      2.30308e+6 
           9590      2.31262e+6 
           9610      2.29394e+6 
           9630      2.27541e+6 
           9650       2.2581e+6 
           9670      2.24893e+6 
           9690      2.26802e+6 
           9710      2.25733e+6 
           9730      2.25247e+6 
           9750      2.23032e+6 
           9770       2.2345e+6 
           9790      2.21312e+6 
           9810      2.23425e+6 
           9830      2.22704e+6 
           9850      2.22324e+6 
           9870      2.20786e+6 
           9890      2.20383e+6 
           9910      2.19107e+6 
           9930      2.20105e+6 
           9950       2.1924e+6 
           9970       2.1893e+6 
           9990      2.18201e+6 
          10025      2.16144e+6 
          10075      2.13451e+6 
          10125      2.12554e+6 
          10175      2.09589e+6 
          10225      2.08856e+6 
          10275      2.08159e+6 
          10325      2.04484e+6 
          10375      2.03179e+6 
          10425      2.02774e+6 
          10475      1.99799e+6 
          10525      1.99286e+6 
          10575      1.97025e+6 
          10625      1.95139e+6 
          10675      1.91486e+6 
          10725      1.91507e+6 
          10775      1.89296e+6 
          10825      1.86522e+6 
          10875      1.85034e+6 
          10925      1.82381e+6 
          10975      1.76826e+6 
          11025      1.76041e+6 
          11075      1.76357e+6 
          11125      1.74772e+6 
          11175      1.74403e+6 
          11225      1.73812e+6 
          11275      1.70988e+6 
          11325      1.71247e+6 
          11375       1.6888e+6 
          11425      1.67722e+6 
          11475      1.68504e+6 
          11525      1.67604e+6 
          11575      1.65349e+6 
          11625      1.62971e+6 
          11675      1.62573e+6 
          11725      1.63387e+6 
          11775      1.60147e+6 
          11825      1.59189e+6 
          11875       1.5728e+6 
          11925      1.58827e+6 
          11975       1.5402e+6 
          12025      1.55144e+6 
          12075      1.53529e+6 
          12125        1.529e+6 
          12175      1.52867e+6 
          12225      1.51745e+6 
          12275      1.50174e+6 
          12325      1.49479e+6 
          12375      1.48177e+6 
          12425      1.47112e+6 
          12475      1.46525e+6 
          12525      1.45118e+6 
          12575      1.44097e+6 
          12625        1.431e+6 
          12675      1.41856e+6 
          12725      1.41457e+6 
          12775      1.40689e+6 
          12825      1.35792e+6 
          12875      1.38167e+6 
          12925      1.36732e+6 
          12975      1.36688e+6 
          13025      1.35376e+6 
          13075      1.34966e+6 
          13125      1.33096e+6 
          13175      1.32044e+6 
          13225      1.32125e+6 
          13275      1.30056e+6 
          13325      1.30045e+6 
          13375      1.29104e+6 
          13425      1.28915e+6 
          13475      1.27991e+6 
          13525      1.27234e+6 
          13575      1.25377e+6 
          13625      1.24757e+6 
          13675      1.24277e+6 
          13725      1.23481e+6 
          13775      1.22838e+6 
          13825      1.22275e+6 
          13875      1.21321e+6 
          13925      1.20844e+6 
          13975      1.20038e+6 
          14025      1.18605e+6 
          14075      1.17945e+6 
          14125       1.1588e+6 
          14175      1.15848e+6 
          14225      1.13953e+6 
          14275      1.12718e+6 
          14325      1.13635e+6 
          14375      1.13677e+6 
          14425      1.10508e+6 
          14475      1.12403e+6 
          14525      1.10141e+6 
          14570      1.10138e+6 
          14620      1.09446e+6 
          14675      1.08868e+6 
          14725      1.07335e+6 
          14775      1.07241e+6 
          14825      1.06778e+6 
          14875      1.05526e+6 
          14925      1.06774e+6 
          14975      1.05464e+6 
          15025      1.03925e+6 
          15075      1.02942e+6 
          15125      1.03702e+6 
          15175      1.03602e+6 
          15225      1.02348e+6 
          15275      1.02185e+6 
          15325      1.01515e+6 
          15375      1.01269e+6 
          15425      1.00346e+6 
          15475      1.00392e+6 
          15525          993024 
          15575          975896 
          15625          991588 
          15675          970920 
          15725          960064 
          15775          950096 
          15825          955747 
          15875          911333 
          15925          943558 
          15975          944673 
          16050          932223 
          16150          905505 
          16250          912200 
          16350          892872 
          16450          860221 
          16550          867243 
          16650          849054 
          16750          827037 
          16850          794960 
          16950          805066 
          17050          780201 
          17150          767837 
          17250          748960 
          17350          715296 
          17450          719631 
          17550          708907 
          17650          694754 
          17750          680754 
          17850          669637 
          17950          658020 
          18050          642737 
          18150          617593 
          18250          615891 
          18350          606990 
          18450          592006 
          18550          583759 
          18650          569531 
          18750          543542 
          18850          550143 
          18950          531511 
          19050          532183 
          19150          520919 
          19250          512471 
          19350          499580 
          19450          479500 
          19550          483664 
          19650          474559 
          19750          464106 
          19850          457549 
          19950          449233 
          20050          443873 
          20150          437541 
          20250          426761 
          20350          417365 
          20450          414688 
          20550          406399 
          20650          397702 
          20750          391682 
          20850          385299 
          20950          376926 
          21050          373005 
          21150          366125 
          21250          359877 
          21350          354355 
          21450          348871 
          21550          343169 
          21650          329526 
          21750          329886 
          21850          324870 
          21950          321174 
          22050          313625 
          22150          310555 
          22250          304793 
          22350          299945 
          22450          295418 
          22550          289862 
          22650          285157 
          22750          281826 
          22850          276154 
          22950          257923 
          23050          262001 
          23150          259293 
          23250          240634 
          23350          246454 
          23450          246350 
          23550          227511 
          23650          234462 
          23750          233280 
          23850          216963 
          23950          222294 
          24050          221725 
          24150          209170 
          24250          211722 
          24350          211016 
          24450          202846 
          24550          200422 
          24650          202773 
          24750          196827 
          24850          191610 
          24950          192528 
          25050          191876 
          25150          184404 
          25250          184683 
          25350          183733 
          25450          179744 
          25550          177498 
          25650          174954 
          25750          174785 
          25850          169128 
          25950          169260 
          26050          167546 
          26150          163926 
          26250          160284 
          26350          160655 
          26450          158828 
          26550          155972 
          26650          153244 
          26750          152185 
          26850          151534 
          26950          149032 
          27050          147546 
          27150          145628 
          27250          143957 
          27350          141723 
          27450          140422 
          27550          137330 
          27650          136407 
          27750          134731 
          27850          133173 
          27950          131653 
          28050          129840 
          28150          128229 
          28250          126662 
          28350          125301 
          28450          123380 
          28550          121916 
          28650          120314 
          28750          117536 
          28850          117357 
          28950          115963 
          29050          114421 
          29150          113083 
          29250          111254 
          29350          110182 
          29450          108558 
          29550          107466 
          29650          106052 
          29750          104817 
          29850          103600 
          29950          102133 
          30050          100812 
          30150         99820.7 
          30250         98544.2 
          30350         96260.1 
          30450         95779.2 
          30550         94935.3 
          30650         93654.9 
          30750         92740.2 
          30850         91328.2 
          30950           90224 
          31050           89417 
          31150         87791.8 
          31250         87219.2 
          31350         85992.8 
          31450         85191.7 
          31550         83929.6 
          31650         83166.9 
          31750         82053.5 
          31850         81100.8 
          31950         80298.5 
          32100         78844.2 
          32300         76924.6 
          32500         75256.9 
          32700         73514.8 
          32900         71301.1 
          33100         70170.3 
          33300         68412.6 
          33500         67074.7 
          33700         65577.5 
          33900         63881.6 
          34100         62567.6 
          34300           61414 
          34500         59992.1 
          34700         58773.7 
          34900         57545.2 
          35100         56255.2 
          35300         54957.7 
          35500         53939.6 
          35700         52662.7 
          35900         51557.4 
          36100         50649.6 
          36300         49549.7 
          36500         48400.3 
          36700         47398.7 
          36900         46291.3 
          37100         45342.1 
          37300         44510.5 
          37500         43300.2 
          37700         42778.3 
          37900         41955.7 
          38100         41103.6 
          38300         40372.5 
          38500         39608.6 
          38700         38795.2 
          38900         38008.9 
          39100         37305.6 
          39300         36614.6 
          39500         35853.7 
          39700           35228 
          39900         34369.4 
          40100         33811.8 
          40300         33219.7 
          40500         32458.2 
          40700         31976.2 
          40900         31423.3 
          41100         30863.9 
          41300         30324.9 
          41500         29716.2 
          41700         29137.2 
          41900         28664.5 
          42100         28044.2 
          42300         27689.1 
          42500         27128.8 
          42700         26687.2 
          42900         25446.1 
          43100         24547.4 
          43300         24588.4 
          43500         23399.2 
          43700         22903.4 
          43900         22753.8 
          44100         21447.6 
          44300         21436.8 
          44500         21075.2 
          44700         20036.7 
          44900         20163.2 
          45100         19751.4 
          45300         18898.1 
          45500         18956.2 
          45700         18736.5 
          45900         17867.6 
          46100         17987.3 
          46300         17607.3 
          46500         17327.8 
          46700         17145.5 
          46900         16920.8 
          47100         16557.1 
          47300         16547.4 
          47500           16212 
          47700         15955.4 
          47900         15731.2 
          48100         15387.8 
          48300         15416.3 
          48500         15103.2 
          48700         14827.2 
          48900         14676.4 
          49100         14404.8 
          49300           14216 
          49500         14006.8 
          49700         13830.8 
          49900         13617.6 
          50100         13344.3 
          50300         13287.1 
          50500         12993.7 
          50700         12838.5 
          50900           12693 
          51100         12461.1 
          51300         12305.2 
          51500         12142.2 
          51700         12084.8 
          51900         11819.6 
          52100         11629.5 
          52300           11485 
          52500         11391.5 
          52700         11299.5 
          52900         11010.3 
          53100         10891.8 
          53300         10764.5 
          53500         10627.8 
          53700         10498.9 
          53900         10376.3 
          54100         10232.1 
          54300         10040.6 
          54500          9973.5 
          54700         9816.61 
          54900         9682.34 
          55100         9564.28 
          55300         9523.45 
          55500            9287 
          55700         9271.29 
          55900         9092.35 
          56100         8996.26 
          56300         8845.95 
          56500         8791.68 
          56700         8673.78 
          56900         8508.98 
          57100         8457.12 
          57300          8350.9 
          57500         8243.12 
          57700         8125.75 
          57900         8058.48 
          58100         7925.19 
          58300         7833.22 
          58500         7751.01 
          58700         7626.69 
          58900         7539.15 
          59100         7451.85 
          59300         7365.24 
          59500         7252.82 
          59700         7197.75 
          59900         7106.94 
          60100         7021.95 
          60300         6934.53 
          60500         6834.94 
          60700         6752.74 
          60900         6670.68 
          61100         6576.73 
          61300         6513.53 
          61500         6438.76 
          61700         6368.58 
          61900         6296.03 
          62100         6221.83 
          62300         6136.63 
          62500         6056.32 
          62700         5989.76 
          62900         5914.79 
          63100         5842.36 
          63300         5791.21 
          63500          5710.6 
          63700         5660.11 
          63900          5576.2 
          64200         5487.55 
          64600         5355.28 
          65000          5233.3 
          65400         5113.71 
          65800         5001.02 
          66200         4881.97 
          66600         4774.08 
          67000         4666.03 
          67400         4556.91 
          67800         4455.04 
          68200         4356.58 
          68600         4261.04 
          69000         4164.84 
          69400          4071.6 
          69800         3984.18 
          70200         3894.24 
          70600         3811.56 
          71000         3728.88 
          71400         3648.71 
          71800          3569.6 
          72200         3493.09 
          72600         3418.38 
          73000         3347.39 
          73400         3275.11 
          73800         3207.96 
          74200          3139.4 
          74600         3069.34 
          75000         3007.34 
          75400         2949.28 
          75800         2889.71 
          76200         2830.65 
          76600         2773.75 
          77000         2716.85 
          77400         2663.13 
          77800         2609.92 
          78200         2558.28 
          78600         2507.79 
          79000         2458.38 
          79400         2410.18 
          79800         2363.31 
          80200         2316.83 
          80600         2271.85 
          81000         2229.09 
          81400         2185.12 
          81800         2144.32 
          82200         2104.32 
          82600         2064.44 
          83000         2025.89 
          83400         1987.17 
          83800          1950.7 
          84200          1915.1 
          84600         1879.77 
          85000         1845.33 
          85400         1811.65 
          85800         1778.73 
          86200         1746.44 
          86600         1714.98 
          87000         1684.56 
          87400         1653.98 
          87800         1624.58 
          88200         1595.79 
          88600         1567.78 
          89000         1540.12 
          89400         1513.64 
          89800         1486.73 
          90200          1461.4 
          90600         1436.73 
          91000         1411.16 
          91400         1386.97 
          91800            1364 
          92200         1341.07 
          92600         1318.26 
          93000         1296.49 
          93400         1274.27 
          93800         1252.76 
          94200         1232.76 
          94600         1211.76 
          95000         1192.39 
          95400         1172.76 
          95800          1153.1 
          96200         1134.82 
          96600         1115.83 
          97000         1098.56 
          97400         1080.22 
          97800          1062.5 
          98200         1046.64 
          98600         1030.03 
          99000         1013.49 
          99400         997.116 
          99800         982.255 
         100200         966.924 
         200000         62.7295 
         400000         3.94437 
         600000        0.775416 
         800000         0.24378 
         1.0e+6       0.0992196 
         1.2e+6       0.0475675 
         1.4e+6       0.0255389 
         1.6e+6        0.014897 
