# Kurucz ODFNEW /NOVER models
# teff = 25000 K (value for the effective temperature for the model. Temperatures are given in K)
# logg = 5.00 log(cm/s2) (value for Log(G) for the model.)
# meta = -0.5  (value for the Metallicity for the model.)
# lh = 1.25  (l/Hp where l is the  mixing length of the convective element and Hp is the pressure scale height)
# vtur = 2.0 km/s (Microturbulence velocity)
#
# column 1: WAVELENGTH (ANGSTROM), Wavelength in Angstrom
# column 2: FLUX (ERG/CM2/S/A), Flux in erg/cm2/s/A
              0               0 
           90.9               0 
           93.5               0 
           96.1               0 
           97.7               0 
           99.6               0 
            102               0 
          103.8               0 
          105.6               0 
          107.7     3.10957e-23 
          110.4     6.77537e-22 
            114      7.5152e-21 
          117.8     7.85016e-20 
          121.3     5.97984e-19 
          124.8     4.06818e-18 
          127.1       1.355e-17 
          128.4     2.62509e-17 
          130.5     7.43317e-17 
          132.4     1.85378e-16 
          133.9     3.74603e-16 
          136.6     1.28087e-15 
          139.8     5.18254e-15 
          143.3     2.23012e-14 
          147.2     1.04786e-13 
            151      4.3973e-13 
          155.2     1.98648e-12 
          158.8      6.8165e-12 
            162     1.95284e-11 
            166     6.89984e-11 
          170.3     2.51742e-10 
          173.4     6.17027e-10 
          176.8      1.59378e-9 
          180.2      3.98181e-9 
          181.7       5.9024e-9 
          186.1      1.81168e-8 
            191      5.96638e-8 
          193.9      1.17587e-7 
          198.4      3.24699e-7 
          201.8      6.79884e-7 
            205      1.33445e-6 
          210.5      4.06453e-6 
          216.2      1.21726e-5 
          219.8      2.36587e-5 
            223      4.19715e-5 
          226.8      8.12297e-5 
            230      0.00221893 
            234      0.00505204 
            240       0.0119331 
          246.5       0.0288155 
          252.4       0.0624063 
          256.8         0.10396 
            260        0.158416 
            264        0.251559 
          268.5        0.416517 
          273.5        0.713449 
          278.5          1.2034 
            284         2.10327 
            290          3.7326 
            296          6.4626 
            301         10.0198 
            308         17.6717 
            318         40.6779 
            328         84.7453 
            338         173.025 
            348         333.819 
            357         607.415 
            366         1046.42 
            375         1699.43 
            385         2886.25 
            395         4744.37 
            405         7568.38 
            414         11375.1 
            422           15840 
            430         21984.4 
            441         33818.1 
            451         49098.8 
            460         67042.3 
            470         94330.9 
            480          129800 
            490          176927 
            500          237702 
            506      1.31209e+6 
            512      5.58705e+6 
            520      6.70549e+6 
            530      8.60725e+6 
            540      9.38144e+6 
            550      1.26718e+7 
            560      1.44626e+7 
            570      1.74532e+7 
            580      1.75341e+7 
            590      2.22683e+7 
            600       2.5579e+7 
            610       2.9782e+7 
            620      3.29502e+7 
            630      3.68937e+7 
            640      3.84061e+7 
            650      4.10257e+7 
            658      4.78112e+7 
            665      5.24376e+7 
            675      5.64791e+7 
            685      6.07697e+7 
            695       7.1621e+7 
            705      7.64186e+7 
            716      8.51701e+7 
            726      9.09882e+7 
            735      9.72815e+7 
            745      1.07591e+8 
            755       1.1612e+8 
            765      1.24917e+8 
            775      1.34873e+8 
            785      1.45123e+8 
            795      1.52832e+8 
            805      1.62104e+8 
            815      1.70804e+8 
            825      1.83831e+8 
            835      1.86224e+8 
            845      2.00837e+8 
            855      2.10849e+8 
            865      2.24384e+8 
            875      2.38765e+8 
            885       2.5378e+8 
            895      2.66134e+8 
            905      2.71886e+8 
            915      3.37539e+8 
            925      1.30694e+9 
            935      3.36979e+9 
            945     1.08317e+10 
            955     1.90029e+10 
            965     2.64999e+10 
            975      6.05383e+9 
            985     3.30953e+10 
            995     3.17534e+10 
           1005     3.48431e+10 
           1015     2.93054e+10 
           1025      6.66451e+9 
           1035       2.268e+10 
           1045     3.73997e+10 
           1055     3.58885e+10 
           1065     3.02464e+10 
           1075     3.38679e+10 
           1085     3.02709e+10 
           1095     3.32704e+10 
           1105     3.05515e+10 
           1115     2.99957e+10 
           1125     2.62596e+10 
           1135     2.97413e+10 
           1145     2.65508e+10 
           1155     2.77846e+10 
           1165     2.75029e+10 
           1175      2.0009e+10 
           1185     2.59902e+10 
           1195     2.29928e+10 
           1205     1.60442e+10 
           1215      5.44567e+9 
           1225     1.66817e+10 
           1235      2.2512e+10 
           1245     2.27855e+10 
           1255     2.22973e+10 
           1265     2.20585e+10 
           1275     2.24382e+10 
           1285     2.19989e+10 
           1295     1.77735e+10 
           1305     1.79448e+10 
           1315     2.07077e+10 
           1325     1.94817e+10 
           1335     1.85949e+10 
           1345      1.8765e+10 
           1355     1.86881e+10 
           1365     1.74593e+10 
           1375     1.71336e+10 
           1385     1.69831e+10 
           1395     1.45355e+10 
           1405     1.50225e+10 
           1415     1.54658e+10 
           1425      1.5126e+10 
           1435     1.51479e+10 
           1442     1.53715e+10 
           1447     1.50585e+10 
           1455      1.4732e+10 
           1465     1.39758e+10 
           1475     1.38502e+10 
           1485     1.34642e+10 
           1495     1.32769e+10 
           1505      1.2328e+10 
           1512     1.14278e+10 
           1517     1.16744e+10 
           1525      1.1798e+10 
           1535      1.0621e+10 
           1545     1.06552e+10 
           1555     1.01584e+10 
           1565     1.05541e+10 
           1575     1.08472e+10 
           1585     1.06646e+10 
           1595     1.06249e+10 
           1605     1.04012e+10 
           1615     1.01638e+10 
           1625     1.00656e+10 
           1635     1.02599e+10 
           1645     1.00374e+10 
           1655      9.86407e+9 
           1665      9.96636e+9 
           1672      9.61761e+9 
           1677      9.95125e+9 
           1685      9.74763e+9 
           1695      9.38698e+9 
           1705      9.03263e+9 
           1715      8.68745e+9 
           1725      8.50535e+9 
           1735       8.6336e+9 
           1745       8.4304e+9 
           1755      8.46488e+9 
           1765      8.08154e+9 
           1775      7.91671e+9 
           1785      7.90451e+9 
           1795      7.98974e+9 
           1805      7.94318e+9 
           1815      7.43584e+9 
           1825      7.53987e+9 
           1835      7.31793e+9 
           1845      6.77345e+9 
           1855      6.71079e+9 
           1865      6.77627e+9 
           1875      6.93768e+9 
           1885       6.3368e+9 
           1895      5.95933e+9 
           1905      6.28893e+9 
           1915      6.00122e+9 
           1925      5.78492e+9 
           1935      5.96977e+9 
           1945      6.06618e+9 
           1955      5.59335e+9 
           1967      5.86475e+9 
           1976      6.05788e+9 
           1984       5.6566e+9 
           1995       5.5291e+9 
           2005      5.60903e+9 
           2015      5.57317e+9 
           2025      5.66524e+9 
           2035      5.30651e+9 
           2045      5.29598e+9 
           2055      5.14012e+9 
           2065      5.17439e+9 
           2074      5.29808e+9 
           2078      5.00069e+9 
           2085      5.07039e+9 
           2095      4.85145e+9 
           2105      4.95461e+9 
           2115      4.91225e+9 
           2125      4.95704e+9 
           2135      4.84147e+9 
           2145       4.6651e+9 
           2155      4.74197e+9 
           2165      4.68702e+9 
           2175      4.60919e+9 
           2185      4.53145e+9 
           2195      4.51847e+9 
           2205      4.45147e+9 
           2215      4.39133e+9 
           2225      4.29381e+9 
           2235      4.23955e+9 
           2245      4.22429e+9 
           2255      4.12691e+9 
           2265      4.12197e+9 
           2275      4.06207e+9 
           2285      4.03491e+9 
           2295      3.87299e+9 
           2305      3.91022e+9 
           2315      3.82268e+9 
           2325      3.77969e+9 
           2335      3.68742e+9 
           2345      3.65069e+9 
           2355      3.64251e+9 
           2365      3.57949e+9 
           2375      3.53072e+9 
           2385      3.48323e+9 
           2395       3.4525e+9 
           2405       3.3935e+9 
           2415      3.35111e+9 
           2425      3.34359e+9 
           2435      3.26966e+9 
           2445      3.24585e+9 
           2455      3.22667e+9 
           2465      3.17219e+9 
           2475      3.13481e+9 
           2485      3.09677e+9 
           2495      2.96493e+9 
           2505      3.01546e+9 
           2513      2.90501e+9 
           2518      2.97079e+9 
           2525      2.93383e+9 
           2535      2.88893e+9 
           2545      2.83288e+9 
           2555      2.83776e+9 
           2565      2.79821e+9 
           2575      2.78243e+9 
           2585      2.75305e+9 
           2595      2.72007e+9 
           2605      2.69761e+9 
           2615      2.66898e+9 
           2625      2.64245e+9 
           2635      2.61174e+9 
           2645      2.59332e+9 
           2655      2.56559e+9 
           2665      2.51062e+9 
           2675      2.49031e+9 
           2685       2.4801e+9 
           2695      2.41417e+9 
           2705      2.40876e+9 
           2715      2.38354e+9 
           2725      2.33832e+9 
           2735      2.33833e+9 
           2745      2.27552e+9 
           2755      2.26489e+9 
           2765      2.23149e+9 
           2775      2.23975e+9 
           2785      2.20907e+9 
           2795      2.13518e+9 
           2805      2.14613e+9 
           2815      2.14251e+9 
           2825      2.09201e+9 
           2835      2.04105e+9 
           2845      2.06675e+9 
           2855      2.04379e+9 
           2865      2.02758e+9 
           2875      2.00415e+9 
           2885      1.98277e+9 
           2895      1.96074e+9 
           2910      1.92714e+9 
           2930      1.88442e+9 
           2950      1.82804e+9 
           2970      1.80902e+9 
           2990      1.76585e+9 
           3010      1.72832e+9 
           3030      1.70021e+9 
           3050      1.66519e+9 
           3070      1.63165e+9 
           3090      1.58996e+9 
           3110      1.56467e+9 
           3130      1.53412e+9 
           3150        1.504e+9 
           3170      1.47136e+9 
           3190      1.42842e+9 
           3210      1.41576e+9 
           3230      1.38698e+9 
           3250      1.36051e+9 
           3270      1.33539e+9 
           3290      1.30754e+9 
           3310      1.28516e+9 
           3330      1.26015e+9 
           3350      1.23397e+9 
           3370      1.21273e+9 
           3390       1.1906e+9 
           3410      1.16844e+9 
           3430      1.14118e+9 
           3450      1.11574e+9 
           3470      1.09844e+9 
           3490      1.07822e+9 
           3510         1.06e+9 
           3530      1.04253e+9 
           3550      1.02459e+9 
           3570      1.01359e+9 
           3590      9.85169e+8 
           3610      9.71882e+8 
           3630      9.52084e+8 
           3640      9.52716e+8 
           3650      9.35511e+8 
           3670      9.23972e+8 
           3690      9.08644e+8 
           3710      8.78209e+8 
           3730      8.46152e+8 
           3750      8.40876e+8 
           3770       8.2058e+8 
           3790       8.6104e+8 
           3810      9.00891e+8 
           3830      7.79403e+8 
           3850      9.36126e+8 
           3870      9.61566e+8 
           3890      7.29704e+8 
           3910       9.5254e+8 
           3930      9.48016e+8 
           3950      9.23589e+8 
           3970      6.79558e+8 
           3990      8.79987e+8 
           4010      8.95267e+8 
           4030      8.26279e+8 
           4050      8.79072e+8 
           4070      8.49006e+8 
           4090      7.50617e+8 
           4110      6.48166e+8 
           4130      7.93662e+8 
           4150      7.96246e+8 
           4170       7.9359e+8 
           4190      7.84656e+8 
           4210      7.73968e+8 
           4230      7.59614e+8 
           4250      7.44514e+8 
           4270      7.23795e+8 
           4290      7.16651e+8 
           4310      6.94541e+8 
           4330      6.01941e+8 
           4350      5.46228e+8 
           4370      6.56486e+8 
           4390      6.34175e+8 
           4410       6.4953e+8 
           4430      6.39553e+8 
           4450      6.31666e+8 
           4470      5.81379e+8 
           4490      6.08968e+8 
           4510      6.04747e+8 
           4530      5.94479e+8 
           4550      5.85045e+8 
           4570      5.75658e+8 
           4590      5.66988e+8 
           4610      5.57239e+8 
           4630      5.48236e+8 
           4650      5.37432e+8 
           4670      5.32371e+8 
           4690       5.2553e+8 
           4710      5.06676e+8 
           4730      5.06829e+8 
           4750      4.98879e+8 
           4770      4.94984e+8 
           4790      4.86033e+8 
           4810      4.76283e+8 
           4830      4.63287e+8 
           4850      4.11654e+8 
           4870      3.64976e+8 
           4890      4.40077e+8 
           4910      4.41064e+8 
           4930       4.2176e+8 
           4950      4.31782e+8 
           4970      4.26788e+8 
           4990      4.20393e+8 
           5010      4.05202e+8 
           5030      4.08074e+8 
           5050      3.97906e+8 
           5070       3.9703e+8 
           5090      3.91298e+8 
           5110       3.8553e+8 
           5130      3.79181e+8 
           5150      3.73868e+8 
           5170      3.69797e+8 
           5190      3.64716e+8 
           5210      3.58867e+8 
           5230      3.54681e+8 
           5250      3.49825e+8 
           5270       3.4495e+8 
           5290      3.40393e+8 
           5310      3.35723e+8 
           5330      3.31049e+8 
           5350      3.26273e+8 
           5370      3.22397e+8 
           5390      3.18038e+8 
           5410      3.13799e+8 
           5430      3.09359e+8 
           5450      3.05303e+8 
           5470      3.01288e+8 
           5490      2.97409e+8 
           5510      2.93566e+8 
           5530      2.89647e+8 
           5550      2.85986e+8 
           5570      2.82199e+8 
           5590      2.78617e+8 
           5610       2.7491e+8 
           5630      2.71498e+8 
           5650       2.6742e+8 
           5670      2.63732e+8 
           5690      2.60299e+8 
           5710       2.5767e+8 
           5730      2.54474e+8 
           5750        2.511e+8 
           5770       2.4822e+8 
           5790      2.45081e+8 
           5810      2.42001e+8 
           5830      2.38914e+8 
           5850      2.35995e+8 
           5870      2.23642e+8 
           5890      2.28468e+8 
           5910      2.27248e+8 
           5930        2.244e+8 
           5950      2.21521e+8 
           5970      2.19173e+8 
           5990      2.16304e+8 
           6010      2.13855e+8 
           6030      2.11227e+8 
           6050      2.08721e+8 
           6070      2.06244e+8 
           6090      2.03754e+8 
           6110      2.01342e+8 
           6130      1.98968e+8 
           6150      1.96281e+8 
           6170      1.94189e+8 
           6190      1.91983e+8 
           6210      1.89732e+8 
           6230      1.87507e+8 
           6250       1.8519e+8 
           6270      1.83119e+8 
           6290      1.81023e+8 
           6310      1.78874e+8 
           6330      1.76872e+8 
           6350       1.7447e+8 
           6370      1.72661e+8 
           6390      1.70807e+8 
           6410      1.68853e+8 
           6430      1.66994e+8 
           6450      1.65063e+8 
           6470      1.62982e+8 
           6490      1.61076e+8 
           6510      1.58879e+8 
           6530      1.55866e+8 
           6550      1.45555e+8 
           6570      1.27774e+8 
           6590      1.48322e+8 
           6610      1.49866e+8 
           6630      1.48783e+8 
           6650       1.4754e+8 
           6670      1.43811e+8 
           6690      1.42355e+8 
           6710      1.42838e+8 
           6730      1.41234e+8 
           6750      1.39761e+8 
           6770      1.38246e+8 
           6790      1.36371e+8 
           6810      1.35222e+8 
           6830      1.33785e+8 
           6850      1.32378e+8 
           6870      1.30962e+8 
           6890      1.29552e+8 
           6910      1.28164e+8 
           6930      1.26806e+8 
           6950      1.25492e+8 
           6970      1.24168e+8 
           6990       1.2285e+8 
           7010      1.21567e+8 
           7030      1.20289e+8 
           7050      1.19024e+8 
           7070      1.15593e+8 
           7090      1.16583e+8 
           7110      1.15362e+8 
           7130      1.14175e+8 
           7150      1.12991e+8 
           7170      1.11827e+8 
           7190      1.10696e+8 
           7210      1.09568e+8 
           7230      1.07492e+8 
           7250      1.07323e+8 
           7270      1.06256e+8 
           7290      1.04199e+8 
           7310      1.04109e+8 
           7330      1.03072e+8 
           7350      1.02037e+8 
           7370       1.0102e+8 
           7390      1.00011e+8 
           7410      9.90128e+7 
           7430      9.80094e+7 
           7450      9.70632e+7 
           7470      9.60511e+7 
           7490      9.51493e+7 
           7510      9.41825e+7 
           7530       9.3284e+7 
           7550      9.23873e+7 
           7570      9.14856e+7 
           7590      9.05922e+7 
           7610      8.97069e+7 
           7630      8.88423e+7 
           7650      8.79858e+7 
           7670      8.71368e+7 
           7690      8.62956e+7 
           7710      8.54681e+7 
           7730      8.46482e+7 
           7750      8.38418e+7 
           7770      8.28428e+7 
           7790      8.22568e+7 
           7810      8.14284e+7 
           7830      8.07056e+7 
           7850      7.99708e+7 
           7870      7.92061e+7 
           7890      7.83753e+7 
           7910      7.77809e+7 
           7930      7.70536e+7 
           7950      7.62789e+7 
           7970      7.54991e+7 
           7990      7.47323e+7 
           8010      7.40658e+7 
           8030      7.33703e+7 
           8050      7.26865e+7 
           8070        7.202e+7 
           8090       7.1296e+7 
           8110      7.06584e+7 
           8130      7.00945e+7 
           8150       6.9422e+7 
           8170      6.88455e+7 
           8190      6.81389e+7 
           8210      6.73826e+7 
           8230      6.68942e+7 
           8250      6.63654e+7 
           8270      6.54498e+7 
           8290      6.51563e+7 
           8310       6.4614e+7 
           8330          6.4e+7 
           8350      6.31375e+7 
           8370      6.27768e+7 
           8390      6.23334e+7 
           8410      6.17815e+7 
           8430      6.11972e+7 
           8450      6.01746e+7 
           8470      6.01375e+7 
           8490      5.94572e+7 
           8510      5.90429e+7 
           8530      5.83936e+7 
           8550      5.77754e+7 
           8570      5.76753e+7 
           8590      5.59826e+7 
           8610      5.60735e+7 
           8630       5.6441e+7 
           8650       5.4987e+7 
           8670      5.32854e+7 
           8690      5.49409e+7 
           8710      5.51061e+7 
           8730      5.33265e+7 
           8750       4.9919e+7 
           8770      5.17439e+7 
           8790      5.34641e+7 
           8810      5.34254e+7 
           8830      5.24445e+7 
           8850       4.8903e+7 
           8870      4.62154e+7 
           8890      5.02899e+7 
           8910      5.12933e+7 
           8930      5.11914e+7 
           8950      5.09299e+7 
           8970      5.01694e+7 
           8990      4.80819e+7 
           9010      4.30649e+7 
           9030      4.46634e+7 
           9050       4.7727e+7 
           9070       4.7709e+7 
           9090      4.80055e+7 
           9110      4.78993e+7 
           9130       4.7554e+7 
           9150      4.71034e+7 
           9170      4.63965e+7 
           9190      4.55568e+7 
           9210      4.28062e+7 
           9230      3.80772e+7 
           9250      4.19895e+7 
           9270      4.38533e+7 
           9290      4.42584e+7 
           9310      4.38857e+7 
           9330      4.38234e+7 
           9350      4.35155e+7 
           9370      4.32696e+7 
           9390      4.29276e+7 
           9410      4.25088e+7 
           9430      4.21535e+7 
           9450      4.17692e+7 
           9470      4.10176e+7 
           9490      4.08104e+7 
           9510      3.95537e+7 
           9530      3.71074e+7 
           9550      3.32572e+7 
           9570      3.73868e+7 
           9590       3.8777e+7 
           9610      3.88462e+7 
           9630      3.85404e+7 
           9650      3.86016e+7 
           9670       3.8377e+7 
           9690       3.8047e+7 
           9710      3.76581e+7 
           9730      3.75091e+7 
           9750      3.72144e+7 
           9770      3.69287e+7 
           9790      3.66418e+7 
           9810       3.6354e+7 
           9830      3.60752e+7 
           9850      3.57997e+7 
           9870      3.55176e+7 
           9890      3.52334e+7 
           9910      3.48416e+7 
           9930      3.46854e+7 
           9950      3.43511e+7 
           9970      3.40183e+7 
           9990      3.36151e+7 
          10025      3.12546e+7 
          10075      3.01639e+7 
          10125      3.19135e+7 
          10175      3.16008e+7 
          10225      3.10339e+7 
          10275      3.04796e+7 
          10325      2.97615e+7 
          10375      2.93753e+7 
          10425      2.88418e+7 
          10475      2.83203e+7 
          10525      2.78083e+7 
          10575      2.73119e+7 
          10625      2.68248e+7 
          10675      2.62736e+7 
          10725      2.58822e+7 
          10775      2.54248e+7 
          10825      2.46349e+7 
          10875      2.42828e+7 
          10925      2.15747e+7 
          10975       2.2675e+7 
          11025      2.30082e+7 
          11075      2.28313e+7 
          11125       2.2503e+7 
          11175      2.21204e+7 
          11225      2.17318e+7 
          11275      2.13676e+7 
          11325      2.10137e+7 
          11375      2.06693e+7 
          11425      2.03216e+7 
          11475      1.99884e+7 
          11525      1.96585e+7 
          11575      1.93316e+7 
          11625      1.90171e+7 
          11675      1.87072e+7 
          11725      1.84044e+7 
          11775      1.81036e+7 
          11825      1.78156e+7 
          11875      1.75299e+7 
          11925        1.725e+7 
          11975      1.67119e+7 
          12025      1.67066e+7 
          12075       1.6443e+7 
          12125      1.61846e+7 
          12175       1.5931e+7 
          12225      1.56827e+7 
          12275       1.5439e+7 
          12325      1.52001e+7 
          12375      1.49656e+7 
          12425      1.47361e+7 
          12475      1.45075e+7 
          12525        1.425e+7 
          12575      1.40705e+7 
          12625      1.38583e+7 
          12675       1.3642e+7 
          12725      1.33859e+7 
          12775      1.28422e+7 
          12825      1.16789e+7 
          12875      1.26315e+7 
          12925      1.26151e+7 
          12975      1.23389e+7 
          13025      1.22936e+7 
          13075       1.2114e+7 
          13125      1.19375e+7 
          13175      1.17631e+7 
          13225      1.15939e+7 
          13275      1.14268e+7 
          13325      1.12627e+7 
          13375      1.11016e+7 
          13425      1.09325e+7 
          13475      1.07876e+7 
          13525      1.06349e+7 
          13575       1.0485e+7 
          13625      1.03373e+7 
          13675      1.01926e+7 
          13725      1.00502e+7 
          13775      9.91072e+6 
          13825      9.77332e+6 
          13875      9.63824e+6 
          13925      9.50405e+6 
          13975      9.37445e+6 
          14025      9.24701e+6 
          14075      9.12116e+6 
          14125      8.99719e+6 
          14175      8.87554e+6 
          14225      8.75592e+6 
          14275       8.6381e+6 
          14325      8.52247e+6 
          14375      8.40858e+6 
          14425      8.29664e+6 
          14475      8.18655e+6 
          14525      8.07851e+6 
          14570      7.98269e+6 
          14620      7.87639e+6 
          14675      7.76394e+6 
          14725      7.66332e+6 
          14775      7.56409e+6 
          14825      7.46705e+6 
          14875      7.37115e+6 
          14925      7.27701e+6 
          14975      7.18399e+6 
          15025       7.0927e+6 
          15075      6.98471e+6 
          15125      6.91408e+6 
          15175      6.82669e+6 
          15225      6.74065e+6 
          15275       6.6556e+6 
          15325      6.57181e+6 
          15375      6.49024e+6 
          15425      6.40597e+6 
          15475      6.32847e+6 
          15525      6.24744e+6 
          15575      6.16358e+6 
          15625      6.10138e+6 
          15675      6.00976e+6 
          15725      5.92849e+6 
          15775      5.88355e+6 
          15825      5.80536e+6 
          15875      5.67885e+6 
          15925       5.6492e+6 
          15975      5.61286e+6 
          16050      5.48461e+6 
          16150      5.31262e+6 
          16250       5.2687e+6 
          16350      5.08664e+6 
          16450      4.90691e+6 
          16550      4.91795e+6 
          16650      4.80822e+6 
          16750      4.61159e+6 
          16850      4.43231e+6 
          16950       4.4798e+6 
          17050      4.36069e+6 
          17150      4.29767e+6 
          17250      4.17911e+6 
          17350      3.88918e+6 
          17450      3.96832e+6 
          17550      3.92689e+6 
          17650      3.84466e+6 
          17750      3.76093e+6 
          17850      3.67824e+6 
          17950      3.60054e+6 
          18050      3.50664e+6 
          18150      3.25883e+6 
          18250      3.31133e+6 
          18350      3.29895e+6 
          18450      3.23494e+6 
          18550      3.16437e+6 
          18650      3.05785e+6 
          18750      2.85193e+6 
          18850      2.95873e+6 
          18950      2.91384e+6 
          19050      2.83942e+6 
          19150      2.79628e+6 
          19250      2.73986e+6 
          19350      2.66322e+6 
          19450      2.45894e+6 
          19550       2.5542e+6 
          19650      2.52866e+6 
          19750      2.48061e+6 
          19850      2.43216e+6 
          19950      2.38493e+6 
          20050      2.33881e+6 
          20150      2.29384e+6 
          20250      2.24984e+6 
          20350      2.20695e+6 
          20450      2.16425e+6 
          20550      2.11951e+6 
          20650      2.08428e+6 
          20750      2.04533e+6 
          20850      2.00722e+6 
          20950      1.96999e+6 
          21050      1.93363e+6 
          21150      1.88962e+6 
          21250      1.86345e+6 
          21350      1.82951e+6 
          21450      1.79472e+6 
          21550       1.7502e+6 
          21650      1.61503e+6 
          21750      1.67985e+6 
          21850      1.66743e+6 
          21950      1.64148e+6 
          22050      1.61252e+6 
          22150      1.58425e+6 
          22250      1.55627e+6 
          22350       1.5294e+6 
          22450      1.50288e+6 
          22550      1.47698e+6 
          22650      1.45156e+6 
          22750      1.42675e+6 
          22850      1.40238e+6 
          22950       1.3786e+6 
          23050      1.35503e+6 
          23150      1.33266e+6 
          23250      1.31035e+6 
          23350      1.28851e+6 
          23450       1.2672e+6 
          23550      1.24628e+6 
          23650      1.22572e+6 
          23750      1.20567e+6 
          23850      1.18598e+6 
          23950       1.1667e+6 
          24050      1.14784e+6 
          24150      1.12931e+6 
          24250      1.11117e+6 
          24350      1.09336e+6 
          24450      1.07586e+6 
          24550       1.0588e+6 
          24650      1.04192e+6 
          24750      1.02343e+6 
          24850      1.00954e+6 
          24950          992991 
          25050          978295 
          25150          963026 
          25250          946610 
          25350          933293 
          25450          919631 
          25550          904483 
          25650          888054 
          25750          877421 
          25850          865120 
          25950          851528 
          26050          834955 
          26150          811889 
          26250          760118 
          26350          792828 
          26450          789590 
          26550          777883 
          26650          764258 
          26750          744445 
          26850          741732 
          26950          734887 
          27050          726118 
          27150          715668 
          27250          705352 
          27350          694310 
          27450          681413 
          27550          658059 
          27650          655379 
          27750          654186 
          27850          647309 
          27950          638297 
          28050          629351 
          28150          620609 
          28250          611972 
          28350          603491 
          28450          595160 
          28550          584574 
          28650          569624 
          28750          549214 
          28850          558585 
          28950          554643 
          29050          548153 
          29150          540763 
          29250          533505 
          29350          526376 
          29450          519375 
          29550          512459 
          29650          505666 
          29750          498996 
          29850          492442 
          29950          485970 
          30050          479611 
          30150          472746 
          30250          464067 
          30350          443018 
          30450          442227 
          30550          446964 
          30650          443210 
          30750          437862 
          30850          432298 
          30950          426836 
          31050          421433 
          31150          416130 
          31250          410848 
          31350          405739 
          31450          400649 
          31550          395654 
          31650          390749 
          31750          385902 
          31850          381141 
          31950          376434 
          32100          369524 
          32300          360575 
          32500          351878 
          32700          342861 
          32900          322808 
          33100          323005 
          33300          318961 
          33500          311808 
          33700          304613 
          33900          297599 
          34100          290768 
          34300          284130 
          34500          277677 
          34700          271404 
          34900          265308 
          35100          259379 
          35300          253612 
          35500          248007 
          35700          242555 
          35900          237255 
          36100          232081 
          36300          227061 
          36500          222144 
          36700          217397 
          36900          212654 
          37100          207671 
          37300          199284 
          37500          193963 
          37700          195147 
          37900          191370 
          38100          187271 
          38300          183464 
          38500          180116 
          38700          176592 
          38900          172547 
          39100          168719 
          39300          165857 
          39500          162806 
          39700          159587 
          39900          156297 
          40100          152495 
          40300          148898 
          40500          141748 
          40700          143947 
          40900          141789 
          41100          139070 
          41300          136277 
          41500          133390 
          41700          129622 
          41900          128314 
          42100          126398 
          42300          124044 
          42500          121676 
          42700          119489 
          42900          117088 
          43100          115140 
          43300          113040 
          43500          110705 
          43700          107046 
          43900          106018 
          44100          105005 
          44300          103229 
          44500          101398 
          44700           99729 
          44900         97973.7 
          45100         96256.5 
          45300         94576.7 
          45500         92933.9 
          45700         91324.9 
          45900         89718.9 
          46100           87960 
          46300         86178.9 
          46500         81144.5 
          46700         80981.1 
          46900         81475.5 
          47100         80735.9 
          47300         79569.4 
          47500         78308.2 
          47700         77008.9 
          47900         75736.6 
          48100         74490.9 
          48300         73269.6 
          48500           72074 
          48700         70901.8 
          48900         69754.5 
          49100         68629.4 
          49300         67526.5 
          49500         66446.9 
          49700         65388.6 
          49900         64349.6 
          50100         63332.4 
          50300           62334 
          50500         61356.7 
          50700         60397.4 
          50900         59293.9 
          51100         57979.6 
          51300         55519.8 
          51500         56319.6 
          51700         55732.3 
          51900         55019.7 
          52100         54183.3 
          52300         53361.9 
          52500         52555.7 
          52700         51764.3 
          52900         50988.4 
          53100         50228.4 
          53300         49480.7 
          53500         48746.9 
          53700         48026.5 
          53900         47319.2 
          54100         46625.2 
          54300           45945 
          54500         45276.2 
          54700         44619.6 
          54900         43973.9 
          55100           43314 
          55300         42638.9 
          55500         42107.3 
          55700         41507.8 
          55900         40918.4 
          56100         40339.8 
          56300         39771.1 
          56500         39211.4 
          56700         38662.1 
          56900         38081.4 
          57100         37453.4 
          57300         37016.9 
          57500         36559.1 
          57700           36056 
          57900         35561.4 
          58100           35076 
          58300         34597.2 
          58500         34117.9 
          58700         33579.8 
          58900         32840.5 
          59100         31364.3 
          59300         32028.3 
          59500         31652.7 
          59700           31313 
          59900           30994 
          60100         30663.1 
          60300         30261.1 
          60500         29862.6 
          60700         29471.8 
          60900         29087.6 
          61100         28708.8 
          61300         28336.3 
          61500           27970 
          61700         27609.9 
          61900         27254.8 
          62100         26905.6 
          62300         26562.3 
          62500         26182.3 
          62700         25763.5 
          62900         25235.3 
          63100         25086.9 
          63300         24868.4 
          63500         24612.1 
          63700         24304.6 
          63900         24002.3 
          64200         23557.3 
          64600         22979.4 
          65000         22419.2 
          65400         21876.3 
          65800         21349.2 
          66200         20838.4 
          66600         20342.6 
          67000         19861.2 
          67400         19299.4 
          67800         18660.2 
          68200         18467.8 
          68600         18072.1 
          69000         17656.7 
          69400         17253.5 
          69800         16861.5 
          70200         16480.3 
          70600         16109.6 
          71000           15750 
          71400         15399.6 
          71800         15059.7 
          72200         14728.6 
          72600         14406.6 
          73000         14092.9 
          73400           13788 
          73800         13486.1 
          74200         13131.7 
          74600           12491 
          75000         12152.5 
          75400         12270.4 
          75800         12101.9 
          76200         11870.1 
          76600         11623.8 
          77000         11384.5 
          77400         11150.8 
          77800         10906.4 
          78200         10700.8 
          78600         10484.9 
          79000         10273.9 
          79400         10068.5 
          79800         9867.82 
          80200         9672.38 
          80600         9481.54 
          81000         9295.66 
          81400         9090.25 
          81800         8923.29 
          82200         8764.19 
          82600         8595.59 
          83000         8430.91 
          83400         8270.07 
          83800         8112.98 
          84200         7960.09 
          84600         7810.25 
          85000         7663.92 
          85400         7521.01 
          85800         7381.97 
          86200         7236.54 
          86600         7070.87 
          87000         6954.77 
          87400         6738.35 
          87800         6617.47 
          88200         6600.68 
          88600         6490.84 
          89000         6374.61 
          89400         6261.11 
          89800         6150.33 
          90200         6041.72 
          90600         5935.26 
          91000         5831.32 
          91400          5729.9 
          91800         5630.46 
          92200         5533.39 
          92600         5437.82 
          93000         5344.97 
          93400            5244 
          93800         5115.87 
          94200         5050.45 
          94600         4988.46 
          95000         4907.72 
          95400         4825.67 
          95800         4745.65 
          96200         4666.78 
          96600         4589.85 
          97000         4514.42 
          97400          4440.5 
          97800         4368.43 
          98200         4297.35 
          98600         4227.67 
          99000         4159.74 
          99400         4093.16 
          99800         4027.53 
         100200         3963.53 
         200000         247.078 
         400000         15.2371 
         600000         2.98224 
         800000        0.936764 
         1.0e+6        0.381363 
         1.2e+6        0.182955 
         1.4e+6       0.0983073 
         1.6e+6       0.0573983 
