# Kurucz ODFNEW /NOVER models
# teff = 6000 K (value for the effective temperature for the model. Temperatures are given in K)
# logg = 3.50 log(cm/s2) (value for Log(G) for the model.)
# meta = -0.5  (value for the Metallicity for the model.)
# lh = 1.25  (l/Hp where l is the  mixing length of the convective element and Hp is the pressure scale height)
# vtur = 2.0 km/s (Microturbulence velocity)
#
# column 1: WAVELENGTH (ANGSTROM), Wavelength in Angstrom
# column 2: FLUX (ERG/CM2/S/A), Flux in erg/cm2/s/A
              0               0 
           90.9               0 
           93.5               0 
           96.1               0 
           97.7               0 
           99.6               0 
            102               0 
          103.8               0 
          105.6               0 
          107.7               0 
          110.4               0 
            114               0 
          117.8               0 
          121.3               0 
          124.8               0 
          127.1               0 
          128.4               0 
          130.5               0 
          132.4               0 
          133.9               0 
          136.6               0 
          139.8               0 
          143.3               0 
          147.2               0 
            151               0 
          155.2               0 
          158.8               0 
            162               0 
            166               0 
          170.3               0 
          173.4               0 
          176.8               0 
          180.2               0 
          181.7               0 
          186.1               0 
            191               0 
          193.9               0 
          198.4               0 
          201.8               0 
            205               0 
          210.5               0 
          216.2               0 
          219.8               0 
            223               0 
          226.8               0 
            230               0 
            234               0 
            240               0 
          246.5               0 
          252.4               0 
          256.8               0 
            260               0 
            264               0 
          268.5               0 
          273.5               0 
          278.5               0 
            284               0 
            290               0 
            296               0 
            301               0 
            308               0 
            318               0 
            328               0 
            338               0 
            348               0 
            357               0 
            366               0 
            375               0 
            385               0 
            395               0 
            405               0 
            414               0 
            422               0 
            430               0 
            441               0 
            451     2.42855e-24 
            460     9.90982e-24 
            470     4.42374e-23 
            480     1.84768e-22 
            490     7.25831e-22 
            500     2.68774e-21 
            506      7.6308e-21 
            512     1.79639e-20 
            520     4.67125e-20 
            530     1.48694e-19 
            540     4.45267e-19 
            550     1.29271e-18 
            560     3.58267e-18 
            570     9.55403e-18 
            580     2.42971e-17 
            590     6.10129e-17 
            600     1.46642e-16 
            610     3.41721e-16 
            620     7.72895e-16 
            630      1.6997e-15 
            640      3.6411e-15 
            650      7.6037e-15 
            658     1.34651e-14 
            665      2.1921e-14 
            675     4.31686e-14 
            685     8.32023e-14 
            695     1.57025e-13 
            705     2.90166e-13 
            716     5.59323e-13 
            726     9.95512e-13 
            735     1.64828e-12 
            745     2.84144e-12 
            755      4.8206e-12 
            765     8.05701e-12 
            775      1.3264e-11 
            785     2.15385e-11 
            795     3.43484e-11 
            805     5.44558e-11 
            815     8.50985e-11 
            825     1.31275e-10 
            835     2.00186e-10 
            845     3.01855e-10 
            855     4.50315e-10 
            865     6.64718e-10 
            875     9.70776e-10 
            885      1.40615e-9 
            895      2.01655e-9 
            905      2.86541e-9 
            915      1.37908e-5 
            925      4.76976e-5 
            935      6.85439e-5 
            945      9.80441e-5 
            955     0.000144178 
            965     0.000202795 
            975     0.000282009 
            985     0.000391709 
            995     0.000538253 
           1005     0.000749787 
           1015      0.00101582 
           1025      0.00134879 
           1035      0.00184074 
           1045      0.00245435 
           1055      0.00324987 
           1065       0.0042784 
           1075      0.00561008 
           1085      0.00731557 
           1095      0.00947179 
           1105       0.0222198 
           1115       0.0700477 
           1125        0.107826 
           1135        0.165978 
           1145        0.217083 
           1155        0.245582 
           1165        0.322181 
           1175        0.386193 
           1185        0.424371 
           1195        0.212007 
           1205        0.174748 
           1215        0.102531 
           1225        0.239649 
           1235        0.562689 
           1245         1.21956 
           1255         2.10104 
           1265         2.46324 
           1275         3.49609 
           1285         4.76724 
           1295          5.9537 
           1305         6.37976 
           1315         8.48002 
           1325         9.86725 
           1335         11.3187 
           1345         13.3432 
           1355         15.0629 
           1365         17.1571 
           1375          18.895 
           1385         20.9966 
           1395         23.8386 
           1405         27.9834 
           1415         31.2225 
           1425         34.5355 
           1435          38.988 
           1442         47.4464 
           1447         45.1523 
           1455         52.3162 
           1465         59.7333 
           1475         61.5531 
           1485         70.8796 
           1495         88.9613 
           1505         104.153 
           1512         93.3725 
           1517         112.234 
           1525         140.033 
           1535         310.261 
           1545         341.452 
           1555         446.667 
           1565         431.746 
           1575         634.115 
           1585         739.987 
           1595         848.835 
           1605         905.958 
           1615         1050.67 
           1625         1171.84 
           1635         1438.16 
           1645         1908.97 
           1655         1264.42 
           1665         2219.43 
           1672         1608.49 
           1677         2457.03 
           1685         3739.28 
           1695         5038.55 
           1705          7002.7 
           1715         13212.1 
           1725         19589.7 
           1735         30555.4 
           1745         36298.3 
           1755         60057.4 
           1765         41899.3 
           1775         58687.7 
           1785         73856.9 
           1795          116294 
           1805         80577.9 
           1815         77875.3 
           1825         85877.3 
           1835          101972 
           1845         60755.6 
           1855          111869 
           1865          160181 
           1875          157277 
           1885          170923 
           1895          210090 
           1905          188914 
           1915          207009 
           1925          158739 
           1935           62850 
           1945          240018 
           1955          259175 
           1967          325125 
           1976          276292 
           1984          268833 
           1995          309779 
           2005          310162 
           2015          328794 
           2025          262991 
           2035          394950 
           2045          456839 
           2055          413240 
           2065          391040 
           2074          442401 
           2078          742400 
           2085          720221 
           2095          860491 
           2105      1.03743e+6 
           2115      1.23659e+6 
           2125       1.0386e+6 
           2135          938803 
           2145      1.28142e+6 
           2155      1.32561e+6 
           2165      1.15835e+6 
           2175      1.21143e+6 
           2185      1.46021e+6 
           2195      1.54742e+6 
           2205      1.45314e+6 
           2215      1.06042e+6 
           2225      1.23415e+6 
           2235        1.669e+6 
           2245      1.55864e+6 
           2255      1.13596e+6 
           2265      1.10473e+6 
           2275      1.34034e+6 
           2285      1.61711e+6 
           2295      1.34677e+6 
           2305      1.65305e+6 
           2315      1.43305e+6 
           2325       1.3597e+6 
           2335          836553 
           2345          489885 
           2355      1.20898e+6 
           2365          547460 
           2375          842606 
           2385          345880 
           2395          515244 
           2405          505093 
           2415          739672 
           2425      1.47569e+6 
           2435      1.48558e+6 
           2445      1.80644e+6 
           2455      1.86139e+6 
           2465      1.67619e+6 
           2475       1.4588e+6 
           2485          980501 
           2495      1.17703e+6 
           2505       1.8113e+6 
           2513          918147 
           2518          631198 
           2525          587593 
           2535          765451 
           2545          987103 
           2555      1.71259e+6 
           2565      1.35765e+6 
           2575      1.73126e+6 
           2585      1.48212e+6 
           2595      1.29987e+6 
           2605      1.01782e+6 
           2615          913369 
           2625      1.36403e+6 
           2635      2.33388e+6 
           2645      3.33984e+6 
           2655      4.00829e+6 
           2665       2.7977e+6 
           2675      3.21716e+6 
           2685      3.49462e+6 
           2695       2.7176e+6 
           2705      3.24378e+6 
           2715      2.42207e+6 
           2725      2.30225e+6 
           2735      2.64076e+6 
           2745      1.27498e+6 
           2755       1.8286e+6 
           2765      2.38479e+6 
           2775      2.77887e+6 
           2785      1.51829e+6 
           2795          414502 
           2805          559731 
           2815      2.41131e+6 
           2825       3.6977e+6 
           2835      3.52241e+6 
           2845      2.97581e+6 
           2855      1.57948e+6 
           2865      3.59445e+6 
           2875      4.00202e+6 
           2885      3.67812e+6 
           2895        3.858e+6 
           2910      4.93153e+6 
           2930      4.50501e+6 
           2950      4.42509e+6 
           2970      4.83505e+6 
           2990      4.80136e+6 
           3010       5.0858e+6 
           3030      5.07633e+6 
           3050      5.29913e+6 
           3070      5.14837e+6 
           3090      5.20425e+6 
           3110      5.24583e+6 
           3130       5.1344e+6 
           3150      4.99496e+6 
           3170      5.30555e+6 
           3190      4.83679e+6 
           3210      5.35585e+6 
           3230      4.68669e+6 
           3250      5.66353e+6 
           3270      6.29486e+6 
           3290      6.17402e+6 
           3310      6.20828e+6 
           3330      6.14143e+6 
           3350      6.04247e+6 
           3370      5.23851e+6 
           3390      5.84859e+6 
           3410      5.95643e+6 
           3430      6.20513e+6 
           3450       6.3249e+6 
           3470      6.33509e+6 
           3490       6.5287e+6 
           3510      6.76458e+6 
           3530      6.44113e+6 
           3550      7.21175e+6 
           3570      6.23997e+6 
           3590      6.18115e+6 
           3610       6.4456e+6 
           3630      6.50457e+6 
           3640      6.49788e+6 
           3650      7.13617e+6 
           3670      7.06644e+6 
           3690      6.88572e+6 
           3710      7.44397e+6 
           3730       6.9988e+6 
           3750      7.82527e+6 
           3770      8.54244e+6 
           3790      9.13021e+6 
           3810      9.72883e+6 
           3830      7.73908e+6 
           3850      9.56026e+6 
           3870      9.64684e+6 
           3890      8.65165e+6 
           3910      9.75729e+6 
           3930      5.90771e+6 
           3950      9.15452e+6 
           3970       6.3988e+6 
           3990      1.06272e+7 
           4010      1.11449e+7 
           4030      1.11166e+7 
           4050      1.09387e+7 
           4070      1.07953e+7 
           4090      1.12147e+7 
           4110      1.03547e+7 
           4130      1.12874e+7 
           4150      1.14941e+7 
           4170      1.13932e+7 
           4190      1.11572e+7 
           4210      1.11052e+7 
           4230      1.07444e+7 
           4250      1.08911e+7 
           4270       1.0611e+7 
           4290      9.86344e+6 
           4310      8.65201e+6 
           4330      1.05927e+7 
           4350      9.94082e+6 
           4370      1.12051e+7 
           4390      1.06968e+7 
           4410      1.10115e+7 
           4430      1.13235e+7 
           4450      1.12012e+7 
           4470      1.14181e+7 
           4490      1.15026e+7 
           4510      1.20577e+7 
           4530      1.13093e+7 
           4550      1.14454e+7 
           4570      1.19555e+7 
           4590      1.14833e+7 
           4610      1.17216e+7 
           4630        1.157e+7 
           4650      1.16388e+7 
           4670      1.18072e+7 
           4690      1.16545e+7 
           4710      1.13064e+7 
           4730      1.16606e+7 
           4750      1.17159e+7 
           4770       1.1647e+7 
           4790        1.158e+7 
           4810      1.15451e+7 
           4830      1.15245e+7 
           4850      1.08851e+7 
           4870      9.65949e+6 
           4890       1.1133e+7 
           4910      1.11278e+7 
           4930      1.09416e+7 
           4950      1.11724e+7 
           4970      1.12884e+7 
           4990      1.07468e+7 
           5010      1.04345e+7 
           5030      1.08679e+7 
           5050      1.07898e+7 
           5070      1.10339e+7 
           5090      1.07694e+7 
           5110      1.08335e+7 
           5130      1.06416e+7 
           5150      1.04148e+7 
           5170      1.00966e+7 
           5190      1.00626e+7 
           5210      1.02755e+7 
           5230       1.0375e+7 
           5250      1.05659e+7 
           5270      9.84321e+6 
           5290      1.04365e+7 
           5310      1.05335e+7 
           5330       1.0009e+7 
           5350      1.03818e+7 
           5370      1.03057e+7 
           5390      1.02302e+7 
           5410      1.00265e+7 
           5430      1.01321e+7 
           5450      1.02349e+7 
           5470      1.01264e+7 
           5490      1.01068e+7 
           5510      1.00828e+7 
           5530      1.00658e+7 
           5550      1.01325e+7 
           5570      9.91971e+6 
           5590      9.81089e+6 
           5610      9.87837e+6 
           5630      9.93632e+6 
           5650      9.86974e+6 
           5670       9.7148e+6 
           5690      9.78232e+6 
           5710      9.64609e+6 
           5730      9.88374e+6 
           5750      9.72008e+6 
           5770      9.72761e+6 
           5790      9.60937e+6 
           5810       9.6469e+6 
           5830      9.65644e+6 
           5850      9.51235e+6 
           5870      9.49946e+6 
           5890      9.20875e+6 
           5910      9.40572e+6 
           5930      9.36318e+6 
           5950      9.34714e+6 
           5970      9.31074e+6 
           5990      9.24236e+6 
           6010      9.14853e+6 
           6030        9.116e+6 
           6050      9.16966e+6 
           6070      9.11813e+6 
           6090      9.01791e+6 
           6110      8.93385e+6 
           6130      8.73931e+6 
           6150      8.75037e+6 
           6170      8.62023e+6 
           6190      8.79123e+6 
           6210      8.78101e+6 
           6230      8.64182e+6 
           6250      8.44434e+6 
           6270       8.6429e+6 
           6290      8.62191e+6 
           6310      8.45927e+6 
           6330      8.46344e+6 
           6350      8.46197e+6 
           6370        8.417e+6 
           6390      8.39263e+6 
           6410      8.25682e+6 
           6430       8.2737e+6 
           6450       8.2019e+6 
           6470      8.17837e+6 
           6490      8.05998e+6 
           6510      8.13844e+6 
           6530      8.11604e+6 
           6550      7.83738e+6 
           6570      6.91513e+6 
           6590       7.9162e+6 
           6610       7.9764e+6 
           6630      7.95319e+6 
           6650      7.91326e+6 
           6670      7.83346e+6 
           6690      7.86404e+6 
           6710      7.78018e+6 
           6730      7.77931e+6 
           6750      7.71189e+6 
           6770      7.68941e+6 
           6790      7.65094e+6 
           6810      7.60511e+6 
           6830       7.5867e+6 
           6850      7.50192e+6 
           6870      7.49973e+6 
           6890       7.4803e+6 
           6910      7.43335e+6 
           6930      7.39969e+6 
           6950      7.35904e+6 
           6970      7.33502e+6 
           6990      7.29803e+6 
           7010      7.19028e+6 
           7030      7.20578e+6 
           7050      7.18974e+6 
           7070       7.1439e+6 
           7090      7.10763e+6 
           7110      7.06263e+6 
           7130       7.0084e+6 
           7150      6.96727e+6 
           7170      6.93759e+6 
           7190      6.84426e+6 
           7210      6.85416e+6 
           7230      6.83994e+6 
           7250      6.83077e+6 
           7270      6.80016e+6 
           7290      6.70144e+6 
           7310      6.71115e+6 
           7330      6.67569e+6 
           7350      6.67023e+6 
           7370      6.65087e+6 
           7390      6.55463e+6 
           7410      6.47324e+6 
           7430      6.49147e+6 
           7450        6.476e+6 
           7470      6.47075e+6 
           7490      6.41811e+6 
           7510      6.39679e+6 
           7530      6.37805e+6 
           7550      6.36825e+6 
           7570      6.31642e+6 
           7590      6.28566e+6 
           7610      6.25469e+6 
           7630      6.23631e+6 
           7650      6.20325e+6 
           7670      6.10797e+6 
           7690      6.14077e+6 
           7710      6.07613e+6 
           7730      6.07002e+6 
           7750      6.01345e+6 
           7770      6.00056e+6 
           7790      6.00454e+6 
           7810      5.97657e+6 
           7830      5.91877e+6 
           7850       5.8962e+6 
           7870      5.89593e+6 
           7890      5.86481e+6 
           7910       5.8211e+6 
           7930       5.7445e+6 
           7950      5.73191e+6 
           7970      5.75485e+6 
           7990      5.73044e+6 
           8010      5.67543e+6 
           8030      5.65514e+6 
           8050        5.614e+6 
           8070      5.61523e+6 
           8090      5.55408e+6 
           8110      5.56268e+6 
           8130      5.54544e+6 
           8150      5.51276e+6 
           8170      5.48539e+6 
           8190      5.38265e+6 
           8210       5.3858e+6 
           8230      5.35136e+6 
           8250      5.34809e+6 
           8270      5.35783e+6 
           8290      5.32692e+6 
           8310      5.27371e+6 
           8330      5.21465e+6 
           8350      5.23531e+6 
           8370      5.22026e+6 
           8390      5.15439e+6 
           8410       5.1713e+6 
           8430      5.11605e+6 
           8450      5.09284e+6 
           8470      5.05282e+6 
           8490      5.02533e+6 
           8510      4.81841e+6 
           8530      4.97434e+6 
           8550      4.40383e+6 
           8570      4.99823e+6 
           8590      4.90889e+6 
           8610      4.85715e+6 
           8630      4.93042e+6 
           8650      4.87358e+6 
           8670      4.31965e+6 
           8690      4.79263e+6 
           8710      4.83631e+6 
           8730      4.80324e+6 
           8750      4.57936e+6 
           8770      4.75995e+6 
           8790      4.75153e+6 
           8810      4.69664e+6 
           8830      4.69043e+6 
           8850      4.63884e+6 
           8870      4.42925e+6 
           8890      4.64462e+6 
           8910      4.63452e+6 
           8930      4.58629e+6 
           8950      4.58209e+6 
           8970      4.56992e+6 
           8990      4.54536e+6 
           9010      4.26836e+6 
           9030      4.43528e+6 
           9050      4.49878e+6 
           9070      4.42473e+6 
           9090       4.3415e+6 
           9110      4.38815e+6 
           9130      4.41333e+6 
           9150       4.3937e+6 
           9170      4.37034e+6 
           9190       4.3561e+6 
           9210      4.26812e+6 
           9230      4.02274e+6 
           9250      4.20354e+6 
           9270      4.24608e+6 
           9290      4.25112e+6 
           9310       4.2394e+6 
           9330      4.21475e+6 
           9350      4.19476e+6 
           9370      4.17356e+6 
           9390      4.15914e+6 
           9410      4.04198e+6 
           9430      4.10389e+6 
           9450      4.07679e+6 
           9470      4.08602e+6 
           9490      4.07238e+6 
           9510      4.04267e+6 
           9530      3.99449e+6 
           9550      3.75376e+6 
           9570      3.96014e+6 
           9590      3.97609e+6 
           9610       3.9405e+6 
           9630      3.90851e+6 
           9650      3.90168e+6 
           9670       3.8696e+6 
           9690      3.87821e+6 
           9710      3.86966e+6 
           9730      3.85275e+6 
           9750      3.81594e+6 
           9770      3.81285e+6 
           9790      3.79351e+6 
           9810      3.78551e+6 
           9830      3.76728e+6 
           9850      3.74875e+6 
           9870      3.72411e+6 
           9890       3.7013e+6 
           9910      3.68733e+6 
           9930      3.68586e+6 
           9950      3.67102e+6 
           9970      3.65588e+6 
           9990      3.63843e+6 
          10025      3.56981e+6 
          10075      3.47969e+6 
          10125      3.52166e+6 
          10175      3.47741e+6 
          10225      3.44956e+6 
          10275      3.42066e+6 
          10325      3.36337e+6 
          10375      3.33549e+6 
          10425       3.3092e+6 
          10475      3.25026e+6 
          10525      3.23488e+6 
          10575      3.19321e+6 
          10625      3.15436e+6 
          10675      3.08414e+6 
          10725      3.08058e+6 
          10775      3.04652e+6 
          10825      2.99999e+6 
          10875      2.97605e+6 
          10925      2.85509e+6 
          10975      2.89485e+6 
          11025      2.90306e+6 
          11075      2.88424e+6 
          11125      2.84757e+6 
          11175      2.81499e+6 
          11225      2.79604e+6 
          11275      2.74341e+6 
          11325      2.72286e+6 
          11375      2.70171e+6 
          11425       2.6612e+6 
          11475      2.65963e+6 
          11525      2.63385e+6 
          11575      2.60052e+6 
          11625       2.5557e+6 
          11675      2.53201e+6 
          11725      2.53287e+6 
          11775      2.47633e+6 
          11825      2.46023e+6 
          11875      2.42922e+6 
          11925      2.43782e+6 
          11975       2.3756e+6 
          12025       2.3749e+6 
          12075       2.3477e+6 
          12125      2.33258e+6 
          12175      2.32226e+6 
          12225      2.29955e+6 
          12275       2.2713e+6 
          12325      2.25472e+6 
          12375      2.23267e+6 
          12425      2.21198e+6 
          12475      2.19426e+6 
          12525      2.17051e+6 
          12575      2.14749e+6 
          12625      2.12818e+6 
          12675      2.11013e+6 
          12725      2.09442e+6 
          12775      2.06432e+6 
          12825       1.9251e+6 
          12875      2.02742e+6 
          12925      2.01517e+6 
          12975      2.00166e+6 
          13025      1.98109e+6 
          13075      1.96735e+6 
          13125      1.94023e+6 
          13175      1.92056e+6 
          13225      1.91503e+6 
          13275      1.89024e+6 
          13325      1.87858e+6 
          13375      1.86126e+6 
          13425      1.84918e+6 
          13475       1.8326e+6 
          13525      1.81565e+6 
          13575      1.79339e+6 
          13625      1.78291e+6 
          13675      1.76683e+6 
          13725      1.74512e+6 
          13775      1.73496e+6 
          13825      1.72139e+6 
          13875      1.71063e+6 
          13925      1.69434e+6 
          13975      1.68004e+6 
          14025      1.66205e+6 
          14075      1.65323e+6 
          14125      1.63265e+6 
          14175      1.62641e+6 
          14225      1.60177e+6 
          14275      1.58355e+6 
          14325      1.58364e+6 
          14375      1.57437e+6 
          14425      1.53183e+6 
          14475       1.5464e+6 
          14525       1.5177e+6 
          14570      1.51592e+6 
          14620      1.50397e+6 
          14675      1.49378e+6 
          14725      1.47321e+6 
          14775      1.46119e+6 
          14825      1.45282e+6 
          14875       1.4274e+6 
          14925      1.43741e+6 
          14975      1.41936e+6 
          15025      1.39479e+6 
          15075      1.38325e+6 
          15125      1.38715e+6 
          15175      1.37797e+6 
          15225      1.35946e+6 
          15275      1.35198e+6 
          15325      1.33964e+6 
          15375      1.32919e+6 
          15425       1.3134e+6 
          15475       1.3079e+6 
          15525      1.29574e+6 
          15575       1.2749e+6 
          15625      1.28138e+6 
          15675      1.25621e+6 
          15725      1.23788e+6 
          15775      1.22975e+6 
          15825       1.2299e+6 
          15875      1.17385e+6 
          15925      1.20575e+6 
          15975      1.20401e+6 
          16050      1.18205e+6 
          16150      1.13837e+6 
          16250      1.15272e+6 
          16350      1.11524e+6 
          16450       1.0667e+6 
          16550      1.08786e+6 
          16650      1.06642e+6 
          16750      1.02543e+6 
          16850          976103 
          16950      1.00333e+6 
          17050          978286 
          17150          959084 
          17250          934273 
          17350          866628 
          17450          892095 
          17550          883326 
          17650          864796 
          17750          848934 
          17850          833111 
          17950          817879 
          18050          798668 
          18150          743986 
          18250          759087 
          18350          753555 
          18450          736722 
          18550          724389 
          18650          706848 
          18750          652951 
          18850          679396 
          18950          662814 
          19050          659133 
          19150          645816 
          19250          634040 
          19350          618136 
          19450          575119 
          19550          596623 
          19650          587923 
          19750          575350 
          19850          566881 
          19950          556583 
          20050          547934 
          20150          538973 
          20250          527647 
          20350          516503 
          20450          510565 
          20550          501112 
          20650          490643 
          20750          483143 
          20850          474940 
          20950          465251 
          21050          458715 
          21150          450216 
          21250          442494 
          21350          435236 
          21450          428532 
          21550          420111 
          21650          392344 
          21750          403892 
          21850          398982 
          21950          393891 
          22050          385500 
          22150          380284 
          22250          374369 
          22350          368205 
          22450          362251 
          22550          355185 
          22650          349984 
          22750          344869 
          22850          338631 
          22950          333462 
          23050          328803 
          23150          323218 
          23250          318158 
          23350          312890 
          23450          308591 
          23550          303291 
          23650          299035 
          23750          293757 
          23850          288974 
          23950          285213 
          24050          280690 
          24150          275981 
          24250          272133 
          24350          267634 
          24450          263874 
          24550          259085 
          24650          256156 
          24750          251851 
          24850          247376 
          24950          244181 
          25050          241401 
          25150          237793 
          25250          233520 
          25350          230902 
          25450          227526 
          25550          223896 
          25650          219016 
          25750          218068 
          25850          214033 
          25950          211889 
          26050          208367 
          26150          203123 
          26250          193837 
          26350          199075 
          26450          196867 
          26550          194211 
          26650          190524 
          26750          185843 
          26850          186483 
          26950          184241 
          27050          181656 
          27150          179165 
          27250          176716 
          27350          174343 
          27450          171941 
          27550          166049 
          27650          166141 
          27750          165014 
          27850          162869 
          27950          160790 
          28050          158611 
          28150          156555 
          28250          154457 
          28350          152483 
          28450          150259 
          28550          148404 
          28650          145818 
          28750          140695 
          28850          142487 
          28950          140870 
          29050          139036 
          29150          137210 
          29250          135309 
          29350          133755 
          29450          131957 
          29550          130388 
          29650          128739 
          29750          127100 
          29850          125531 
          29950          123867 
          30050          122322 
          30150          120845 
          30250          119273 
          30350          115024 
          30450          115233 
          30550          114928 
          30650          113450 
          30750          112195 
          30850          110685 
          30950          109349 
          31050          108103 
          31150          106370 
          31250          105466 
          31350          104208 
          31450          102975 
          31550          101581 
          31650          100538 
          31750         99274.2 
          31850         98161.6 
          31950         97042.5 
          32100         95267.4 
          32300         93087.7 
          32500         90914.5 
          32700         88808.7 
          32900         85247.2 
          33100         84574.5 
          33300         82780.2 
          33500         81042.9 
          33700         79151.5 
          33900         77335.4 
          34100         75604.7 
          34300         74081.7 
          34500         72497.3 
          34700         70906.9 
          34900         69382.2 
          35100         67887.4 
          35300         66388.7 
          35500         65020.8 
          35700         63590.8 
          35900         62253.1 
          36100         60995.5 
          36300           59725 
          36500         58390.6 
          36700           57177 
          36900         55878.3 
          37100         54787.7 
          37300         53467.7 
          37500           51913 
          37700         51599.7 
          37900         50568.7 
          38100         49522.7 
          38300         48588.3 
          38500         47675.4 
          38700         46693.6 
          38900         45776.5 
          39100         44831.3 
          39300         44056.6 
          39500         43167.4 
          39700         42382.3 
          39900         41475.7 
          40100         40666.8 
          40300         39904.8 
          40500         38712.2 
          40700         38485.3 
          40900         37774.1 
          41100         37104.1 
          41300         36429.9 
          41500         35727.2 
          41700         34906.6 
          41900           34439 
          42100         33749.1 
          42300         33237.1 
          42500         32616.2 
          42700         32051.1 
          42900         31425.4 
          43100         30801.9 
          43300         30254.8 
          43500         29642.7 
          43700         28896.5 
          43900         28573.2 
          44100           27997 
          44300         27541.3 
          44500         27069.8 
          44700         26554.7 
          44900         26137.4 
          45100         25678.3 
          45300         25217.1 
          45500         24824.8 
          45700           24424 
          45900         23977.4 
          46100           23628 
          46300         23227.4 
          46500         22606.4 
          46700         22325.1 
          46900         22150.5 
          47100         21799.8 
          47300         21472.7 
          47500         21118.6 
          47700         20781.3 
          47900         20460.3 
          48100         20116.3 
          48300         19819.2 
          48500         19494.4 
          48700         19188.4 
          48900           18890 
          49100         18600.5 
          49300         18305.7 
          49500         18019.7 
          49700         17736.2 
          49900         17486.9 
          50100         17195.9 
          50300         16950.8 
          50500         16670.5 
          50700         16427.9 
          50900         16192.9 
          51100         15929.3 
          51300         15574.9 
          51500         15466.9 
          51700         15253.1 
          51900         15015.5 
          52100         14790.7 
          52300         14574.5 
          52500         14372.1 
          52700         14165.6 
          52900         13948.3 
          53100         13757.9 
          53300         13554.1 
          53500           13366 
          53700         13164.8 
          53900         12985.6 
          54100           12807 
          54300         12613.1 
          54500         12448.6 
          54700         12260.9 
          54900         12096.3 
          55100         11934.8 
          55300         11763.9 
          55500         11603.1 
          55700         11451.9 
          55900         11275.5 
          56100         11135.4 
          56300         10979.5 
          56500           10839 
          56700         10692.6 
          56900         10540.8 
          57100         10392.6 
          57300         10265.6 
          57500         10127.5 
          57700          9991.6 
          57900         9859.09 
          58100         9728.48 
          58300         9601.33 
          58500         9476.68 
          58700         9349.36 
          58900         9220.27 
          59100         9033.08 
          59300         8988.74 
          59500         8844.24 
          59700         8755.05 
          59900         8645.36 
          60100         8532.09 
          60300         8425.97 
          60500         8318.49 
          60700          8210.6 
          60900         8104.53 
          61100         7996.57 
          61300         7903.16 
          61500         7805.55 
          61700         7707.21 
          61900         7611.07 
          62100         7516.82 
          62300         7414.77 
          62500         7328.04 
          62700         7237.56 
          62900         7129.33 
          63100         7058.37 
          63300         6977.85 
          63500         6892.08 
          63700         6807.57 
          63900          6724.7 
          64200         6604.43 
          64600         6444.79 
          65000         6290.73 
          65400         6145.06 
          65800         6000.86 
          66200         5859.95 
          66600         5724.66 
          67000         5591.97 
          67400         5462.58 
          67800         5328.81 
          68200         5218.07 
          68600         5100.31 
          69000         4985.79 
          69400         4873.91 
          69800         4766.55 
          70200         4659.85 
          70600         4558.91 
          71000         4459.71 
          71400         4362.67 
          71800         4268.36 
          72200         4176.32 
          72600         4087.19 
          73000         4000.94 
          73400          3915.5 
          73800         3834.02 
          74200         3753.19 
          74600         3657.86 
          75000         3577.96 
          75400         3524.99 
          75800         3453.13 
          76200         3382.74 
          76600         3314.36 
          77000         3247.02 
          77400         3182.24 
          77800         3118.68 
          78200         3056.77 
          78600          2996.3 
          79000         2937.36 
          79400         2879.76 
          79800         2823.69 
          80200         2768.65 
          80600         2715.02 
          81000          2663.3 
          81400          2610.8 
          81800         2562.25 
          82200         2514.18 
          82600          2466.7 
          83000          2420.5 
          83400         2374.76 
          83800         2330.89 
          84200         2288.02 
          84600         2245.91 
          85000         2204.75 
          85400         2164.51 
          85800         2125.19 
          86200         2086.65 
          86600         2048.08 
          87000         2012.56 
          87400         1974.21 
          87800         1939.06 
          88200         1906.93 
          88600         1873.39 
          89000         1840.51 
          89400         1808.52 
          89800         1776.75 
          90200         1746.31 
          90600         1716.46 
          91000         1686.67 
          91400         1657.91 
          91800          1629.9 
          92200         1602.41 
          92600         1575.28 
          93000         1548.96 
          93400         1522.93 
          93800          1496.1 
          94200         1472.85 
          94600         1448.38 
          95000         1424.69 
          95400         1401.22 
          95800         1378.37 
          96200         1355.95 
          96600            1334 
          97000         1312.69 
          97400         1291.21 
          97800         1270.63 
          98200         1250.64 
          98600         1230.83 
          99000         1211.37 
          99400         1192.15 
          99800         1173.65 
         100200         1155.33 
         200000         75.0869 
         400000         4.73432 
         600000          0.9329 
         800000        0.293903 
         1.0e+6        0.119834 
         1.2e+6       0.0575404 
         1.4e+6       0.0309323 
         1.6e+6       0.0180639 
