# Kurucz ODFNEW /NOVER models
# teff = 7000 K (value for the effective temperature for the model. Temperatures are given in K)
# logg = 2.00 log(cm/s2) (value for Log(G) for the model.)
# meta = -0.5  (value for the Metallicity for the model.)
# lh = 1.25  (l/Hp where l is the  mixing length of the convective element and Hp is the pressure scale height)
# vtur = 2.0 km/s (Microturbulence velocity)
#
# column 1: WAVELENGTH (ANGSTROM), Wavelength in Angstrom
# column 2: FLUX (ERG/CM2/S/A), Flux in erg/cm2/s/A
              0               0 
           90.9               0 
           93.5               0 
           96.1               0 
           97.7               0 
           99.6               0 
            102               0 
          103.8               0 
          105.6               0 
          107.7               0 
          110.4               0 
            114               0 
          117.8               0 
          121.3               0 
          124.8               0 
          127.1               0 
          128.4               0 
          130.5               0 
          132.4               0 
          133.9               0 
          136.6               0 
          139.8               0 
          143.3               0 
          147.2               0 
            151               0 
          155.2               0 
          158.8               0 
            162               0 
            166               0 
          170.3               0 
          173.4               0 
          176.8               0 
          180.2               0 
          181.7               0 
          186.1               0 
            191               0 
          193.9               0 
          198.4               0 
          201.8               0 
            205               0 
          210.5               0 
          216.2               0 
          219.8               0 
            223               0 
          226.8               0 
            230               0 
            234               0 
            240               0 
          246.5               0 
          252.4               0 
          256.8               0 
            260               0 
            264               0 
          268.5               0 
          273.5               0 
          278.5               0 
            284               0 
            290               0 
            296               0 
            301               0 
            308               0 
            318               0 
            328               0 
            338               0 
            348               0 
            357               0 
            366               0 
            375               0 
            385               0 
            395     1.25829e-24 
            405     8.17885e-24 
            414     4.06501e-23 
            422      1.5904e-22 
            430     5.89749e-22 
            441     3.29307e-21 
            451     1.45505e-20 
            460      5.2267e-20 
            470     2.03646e-19 
            480     7.46756e-19 
            490     2.58894e-18 
            500      8.5031e-18 
            506     2.24815e-17 
            512     4.95302e-17 
            520     1.17916e-16 
            530     3.37461e-16 
            540      9.1127e-16 
            550     2.39775e-15 
            560     6.04103e-15 
            570     1.46935e-14 
            580     3.41811e-14 
            590     7.87801e-14 
            600     1.74259e-13 
            610     3.74768e-13 
            620     7.84233e-13 
            630     1.59966e-12 
            640     3.18547e-12 
            650     6.19908e-12 
            658      1.0391e-11 
            665     1.61383e-11 
            675     2.97672e-11 
            685      5.3828e-11 
            695     9.55193e-11 
            705     1.66238e-10 
            716     3.00566e-10 
            726     5.05552e-10 
            735     7.96594e-10 
            745      1.30132e-9 
            755      2.09545e-9 
            765      3.32785e-9 
            775      5.21462e-9 
            785      8.06801e-9 
            795      1.22731e-8 
            805      1.85864e-8 
            815      2.77739e-8 
            825      4.10116e-8 
            835      5.99279e-8 
            845      8.66766e-8 
            855      1.24136e-7 
            865      1.76124e-7 
            875      2.47327e-7 
            885      3.45016e-7 
            895      4.76754e-7 
            905      6.52381e-7 
            915      0.00111405 
            925      0.00363136 
            935      0.00490227 
            945      0.00682906 
            955      0.00972326 
            965       0.0131257 
            975       0.0170559 
            985        0.022842 
            995       0.0293682 
           1005        0.040186 
           1015       0.0521456 
           1025       0.0654261 
           1035       0.0862641 
           1045        0.111254 
           1055           0.142 
           1065        0.177121 
           1075        0.225671 
           1085        0.284971 
           1095        0.351114 
           1105         1.10524 
           1115          3.7936 
           1125         5.56867 
           1135         7.84356 
           1145         9.88533 
           1155          10.646 
           1165         13.9128 
           1175         15.1554 
           1185         17.5793 
           1195         7.04141 
           1205         5.30501 
           1215         1.88847 
           1225         6.51722 
           1235          16.811 
           1245          37.704 
           1255         82.9463 
           1265         100.867 
           1275          171.22 
           1285         271.341 
           1295         371.131 
           1305         343.676 
           1315         561.841 
           1325         717.484 
           1335         847.199 
           1345         1096.73 
           1355         1189.97 
           1365         1388.66 
           1375         1568.51 
           1385         1780.89 
           1395         2115.94 
           1405         2422.19 
           1415         2591.85 
           1425         2966.53 
           1435         3078.27 
           1442         3646.53 
           1447         3904.74 
           1455         4423.02 
           1465         4569.26 
           1475         5164.31 
           1485         5825.99 
           1495         6701.68 
           1505         7474.31 
           1512         7672.05 
           1517         8382.47 
           1525         9270.57 
           1535         14462.1 
           1545         21689.8 
           1555         22491.4 
           1565         20663.6 
           1575         28606.1 
           1585         32104.8 
           1595         39245.2 
           1605         39015.3 
           1615         41478.7 
           1625           45197 
           1635         62847.9 
           1645          101140 
           1655         53978.2 
           1665          115466 
           1672         54751.4 
           1677          216528 
           1685          463584 
           1695          650571 
           1705          760789 
           1715      1.24254e+6 
           1725      1.43128e+6 
           1735      1.80104e+6 
           1745      1.59413e+6 
           1755      2.10857e+6 
           1765      1.53995e+6 
           1775      2.09026e+6 
           1785      1.87855e+6 
           1795        2.832e+6 
           1805      2.11351e+6 
           1815      2.61154e+6 
           1825      2.11665e+6 
           1835      2.13325e+6 
           1845      1.91363e+6 
           1855      2.27788e+6 
           1865      2.70659e+6 
           1875      2.53398e+6 
           1885      2.71996e+6 
           1895      3.06586e+6 
           1905       2.7762e+6 
           1915      2.98274e+6 
           1925      2.79313e+6 
           1935      1.76119e+6 
           1945      3.38607e+6 
           1955      3.54648e+6 
           1967      3.99818e+6 
           1976      3.90471e+6 
           1984      3.77157e+6 
           1995      3.71446e+6 
           2005      3.51624e+6 
           2015      3.31328e+6 
           2025      3.04535e+6 
           2035      3.74792e+6 
           2045      4.18933e+6 
           2055      3.79333e+6 
           2065      3.55038e+6 
           2074      4.59717e+6 
           2078      5.13637e+6 
           2085      4.88875e+6 
           2095      4.59336e+6 
           2105       4.2849e+6 
           2115      4.51221e+6 
           2125      4.51221e+6 
           2135      3.51504e+6 
           2145      4.40479e+6 
           2155      4.51386e+6 
           2165      4.05841e+6 
           2175      4.12802e+6 
           2185      4.41513e+6 
           2195      4.97997e+6 
           2205      4.70692e+6 
           2215      3.91502e+6 
           2225      3.83896e+6 
           2235      4.97119e+6 
           2245      4.47695e+6 
           2255      3.75862e+6 
           2265      3.78344e+6 
           2275      4.47602e+6 
           2285      4.75111e+6 
           2295      4.24494e+6 
           2305      4.63638e+6 
           2315      4.38021e+6 
           2325      4.17317e+6 
           2335      2.89833e+6 
           2345      2.14856e+6 
           2355      3.77625e+6 
           2365      2.18964e+6 
           2375      3.09554e+6 
           2385      1.63449e+6 
           2395      2.24592e+6 
           2405      2.16964e+6 
           2415      2.75864e+6 
           2425      4.37076e+6 
           2435      4.29135e+6 
           2445      4.72191e+6 
           2455      4.71253e+6 
           2465      4.60598e+6 
           2475       4.1979e+6 
           2485      4.19853e+6 
           2495      4.03557e+6 
           2505      5.40586e+6 
           2513      4.10062e+6 
           2518      4.32753e+6 
           2525      3.54139e+6 
           2535      3.37509e+6 
           2545      3.59199e+6 
           2555      4.33302e+6 
           2565      3.80212e+6 
           2575      4.44421e+6 
           2585      4.10749e+6 
           2595      3.74648e+6 
           2605       3.2496e+6 
           2615      2.98983e+6 
           2625      4.02489e+6 
           2635      4.96669e+6 
           2645      6.94709e+6 
           2655      7.25399e+6 
           2665      5.81202e+6 
           2675       6.4673e+6 
           2685      6.44638e+6 
           2695      5.84934e+6 
           2705      6.31384e+6 
           2715      5.41695e+6 
           2725       5.5112e+6 
           2735      6.00685e+6 
           2745      3.56906e+6 
           2755      4.35535e+6 
           2765      5.02671e+6 
           2775      6.07709e+6 
           2785      4.84935e+6 
           2795      1.69171e+6 
           2805      2.25717e+6 
           2815      6.01591e+6 
           2825        7.306e+6 
           2835      6.95411e+6 
           2845      6.65536e+6 
           2855      5.86331e+6 
           2865      7.14244e+6 
           2875      6.97845e+6 
           2885      7.14333e+6 
           2895      6.75064e+6 
           2910      8.18538e+6 
           2930      7.76157e+6 
           2950      7.66102e+6 
           2970      8.22103e+6 
           2990      8.31537e+6 
           3010      8.65015e+6 
           3030      8.59664e+6 
           3050      8.67461e+6 
           3070       8.7898e+6 
           3090      9.14592e+6 
           3110      8.83273e+6 
           3130       8.7802e+6 
           3150       9.2477e+6 
           3170      9.24833e+6 
           3190      8.56408e+6 
           3210      9.05583e+6 
           3230      8.53854e+6 
           3250       9.1464e+6 
           3270      9.47806e+6 
           3290      9.59777e+6 
           3310      9.88548e+6 
           3330      9.65362e+6 
           3350       9.5528e+6 
           3370      9.39364e+6 
           3390      9.60175e+6 
           3410      9.78007e+6 
           3430       1.0032e+7 
           3450      9.97715e+6 
           3470      9.82992e+6 
           3490      9.80417e+6 
           3510      1.01585e+7 
           3530      1.01483e+7 
           3550      1.06109e+7 
           3570      1.00132e+7 
           3590      1.00239e+7 
           3610      1.01493e+7 
           3630      1.03405e+7 
           3640      1.01595e+7 
           3650      1.07232e+7 
           3670      1.05247e+7 
           3690      1.08926e+7 
           3710      1.35542e+7 
           3730      1.61573e+7 
           3750      2.14235e+7 
           3770      2.29695e+7 
           3790       2.7334e+7 
           3810      3.10315e+7 
           3830      2.50422e+7 
           3850      3.28477e+7 
           3870      3.54523e+7 
           3890      2.39488e+7 
           3910      3.41784e+7 
           3930      2.46773e+7 
           3950      3.30551e+7 
           3970       1.9891e+7 
           3990      3.43907e+7 
           4010      3.64311e+7 
           4030      3.59916e+7 
           4050      3.56393e+7 
           4070      3.47031e+7 
           4090      3.16824e+7 
           4110      2.55248e+7 
           4130      3.40708e+7 
           4150      3.51303e+7 
           4170      3.43757e+7 
           4190      3.41964e+7 
           4210      3.39977e+7 
           4230      3.32958e+7 
           4250      3.35153e+7 
           4270      3.26936e+7 
           4290      3.26291e+7 
           4310      3.05626e+7 
           4330      2.74999e+7 
           4350      2.40642e+7 
           4370      3.18733e+7 
           4390      3.14821e+7 
           4410       3.0804e+7 
           4430      3.08124e+7 
           4450      3.09356e+7 
           4470      3.07782e+7 
           4490      3.06802e+7 
           4510      3.13793e+7 
           4530      2.99645e+7 
           4550      2.95543e+7 
           4570      3.05734e+7 
           4590      2.94044e+7 
           4610      3.01318e+7 
           4630      2.93186e+7 
           4650      2.95007e+7 
           4670      2.94507e+7 
           4690      2.86931e+7 
           4710       2.7769e+7 
           4730      2.86931e+7 
           4750      2.87158e+7 
           4770      2.82272e+7 
           4790      2.79837e+7 
           4810      2.76831e+7 
           4830      2.71039e+7 
           4850      2.34615e+7 
           4870       1.9298e+7 
           4890      2.59166e+7 
           4910      2.62935e+7 
           4930      2.57256e+7 
           4950       2.6147e+7 
           4970      2.62634e+7 
           4990      2.52408e+7 
           5010      2.44273e+7 
           5030      2.51298e+7 
           5050      2.47598e+7 
           5070      2.50309e+7 
           5090      2.46325e+7 
           5110      2.45511e+7 
           5130      2.39936e+7 
           5150      2.35747e+7 
           5170      2.31474e+7 
           5190      2.29246e+7 
           5210      2.29099e+7 
           5230       2.2797e+7 
           5250      2.31307e+7 
           5270      2.18473e+7 
           5290      2.26651e+7 
           5310      2.23745e+7 
           5330      2.17268e+7 
           5350       2.2257e+7 
           5370      2.19779e+7 
           5390      2.17463e+7 
           5410       2.1358e+7 
           5430      2.13415e+7 
           5450      2.14718e+7 
           5470       2.1227e+7 
           5490      2.11463e+7 
           5510      2.09583e+7 
           5530      2.07738e+7 
           5550      2.08261e+7 
           5570      2.04837e+7 
           5590      2.02687e+7 
           5610      2.02071e+7 
           5630      2.02004e+7 
           5650      1.99337e+7 
           5670      1.96739e+7 
           5690      1.97022e+7 
           5710      1.95159e+7 
           5730      1.95853e+7 
           5750       1.9333e+7 
           5770       1.9232e+7 
           5790      1.90342e+7 
           5810      1.89335e+7 
           5830      1.88194e+7 
           5850      1.85985e+7 
           5870      1.85036e+7 
           5890      1.80948e+7 
           5910      1.82217e+7 
           5930      1.80808e+7 
           5950      1.79551e+7 
           5970      1.78414e+7 
           5990      1.76437e+7 
           6010      1.74629e+7 
           6030      1.73741e+7 
           6050      1.72852e+7 
           6070      1.72032e+7 
           6090      1.70182e+7 
           6110      1.68424e+7 
           6130      1.65683e+7 
           6150      1.63581e+7 
           6170      1.62948e+7 
           6190       1.6402e+7 
           6210      1.63092e+7 
           6230      1.60795e+7 
           6250      1.56729e+7 
           6270      1.59545e+7 
           6290       1.5838e+7 
           6310      1.55807e+7 
           6330      1.55407e+7 
           6350      1.53906e+7 
           6370      1.52811e+7 
           6390      1.52271e+7 
           6410      1.49975e+7 
           6430      1.49608e+7 
           6450      1.47469e+7 
           6470      1.47539e+7 
           6490      1.44717e+7 
           6510      1.44772e+7 
           6530      1.43188e+7 
           6550      1.31866e+7 
           6570       1.0729e+7 
           6590       1.3786e+7 
           6610      1.39881e+7 
           6630       1.3981e+7 
           6650      1.38987e+7 
           6670      1.37765e+7 
           6690      1.37296e+7 
           6710      1.36161e+7 
           6730      1.35345e+7 
           6750      1.33849e+7 
           6770      1.33578e+7 
           6790      1.32506e+7 
           6810      1.31639e+7 
           6830      1.30482e+7 
           6850       1.2956e+7 
           6870      1.28959e+7 
           6890      1.28124e+7 
           6910      1.27186e+7 
           6930      1.26265e+7 
           6950      1.25414e+7 
           6970      1.24525e+7 
           6990      1.23752e+7 
           7010      1.22188e+7 
           7030      1.21768e+7 
           7050      1.21169e+7 
           7070      1.20356e+7 
           7090      1.19558e+7 
           7110      1.17158e+7 
           7130      1.17391e+7 
           7150      1.16742e+7 
           7170      1.15968e+7 
           7190      1.14842e+7 
           7210      1.14242e+7 
           7230       1.1346e+7 
           7250      1.12863e+7 
           7270      1.12378e+7 
           7290      1.11075e+7 
           7310      1.10362e+7 
           7330      1.09747e+7 
           7350      1.09311e+7 
           7370      1.08795e+7 
           7390      1.07641e+7 
           7410      1.06423e+7 
           7430      1.05837e+7 
           7450       1.0531e+7 
           7470      1.04335e+7 
           7490      1.03806e+7 
           7510      1.03353e+7 
           7530      1.02905e+7 
           7550      1.02552e+7 
           7570      1.01656e+7 
           7590      1.01108e+7 
           7610       1.0044e+7 
           7630      9.98369e+6 
           7650      9.90002e+6 
           7670      9.79659e+6 
           7690      9.76925e+6 
           7710      9.67427e+6 
           7730      9.65329e+6 
           7750      9.57717e+6 
           7770      9.37757e+6 
           7790      9.48654e+6 
           7810      9.42011e+6 
           7830      9.32717e+6 
           7850      9.24854e+6 
           7870      9.20705e+6 
           7890      9.13743e+6 
           7910      9.08527e+6 
           7930      9.00235e+6 
           7950      8.94937e+6 
           7970      8.95432e+6 
           7990      8.85881e+6 
           8010      8.81992e+6 
           8030       8.7585e+6 
           8050      8.71155e+6 
           8070      8.65975e+6 
           8090      8.59454e+6 
           8110      8.56537e+6 
           8130      8.51701e+6 
           8150       8.4605e+6 
           8170      8.40729e+6 
           8190      8.25562e+6 
           8210      8.25515e+6 
           8230       8.1945e+6 
           8250       8.1465e+6 
           8270       8.1683e+6 
           8290      8.11139e+6 
           8310      8.03911e+6 
           8330      7.90283e+6 
           8350       7.9385e+6 
           8370      7.83286e+6 
           8390       7.7613e+6 
           8410      7.71699e+6 
           8430      7.75248e+6 
           8450       7.6293e+6 
           8470      7.42004e+6 
           8490      7.81004e+6 
           8510      7.10334e+6 
           8530      7.84206e+6 
           8550      6.59127e+6 
           8570      7.94702e+6 
           8590      7.50111e+6 
           8610      7.26556e+6 
           8630      7.98713e+6 
           8650      7.80321e+6 
           8670      6.39352e+6 
           8690       7.7595e+6 
           8710       7.9841e+6 
           8730      7.81658e+6 
           8750      6.57978e+6 
           8770      7.60046e+6 
           8790      7.84236e+6 
           8810      7.78738e+6 
           8830      7.64923e+6 
           8850      7.27078e+6 
           8870       6.3857e+6 
           8890      7.49484e+6 
           8910      7.56041e+6 
           8930      7.51903e+6 
           8950       7.5325e+6 
           8970      7.46055e+6 
           8990      7.31599e+6 
           9010       6.2519e+6 
           9030       6.7879e+6 
           9050      7.24826e+6 
           9070      7.11833e+6 
           9090      7.00681e+6 
           9110      7.12859e+6 
           9130      7.15434e+6 
           9150       7.1249e+6 
           9170      7.05756e+6 
           9190      6.97425e+6 
           9210      6.71394e+6 
           9230      5.64569e+6 
           9250      6.52213e+6 
           9270      6.70006e+6 
           9290      6.81488e+6 
           9310      6.79647e+6 
           9330      6.75396e+6 
           9350      6.72081e+6 
           9370      6.68654e+6 
           9390      6.62691e+6 
           9410      6.43073e+6 
           9430      6.51869e+6 
           9450      6.49704e+6 
           9470      6.48013e+6 
           9490      6.43487e+6 
           9510      6.35116e+6 
           9530      6.10344e+6 
           9550      5.20593e+6 
           9570      6.08792e+6 
           9590       6.2174e+6 
           9610      6.16583e+6 
           9630      6.10611e+6 
           9650      6.13142e+6 
           9670      6.04403e+6 
           9690      6.03917e+6 
           9710      6.05746e+6 
           9730      6.01866e+6 
           9750      5.95001e+6 
           9770       5.9525e+6 
           9790      5.91643e+6 
           9810      5.88451e+6 
           9830      5.84967e+6 
           9850      5.79097e+6 
           9870      5.76327e+6 
           9890       5.7088e+6 
           9910      5.69423e+6 
           9930      5.66824e+6 
           9950      5.64167e+6 
           9970      5.61754e+6 
           9990      5.57431e+6 
          10025      5.30456e+6 
          10075      5.08019e+6 
          10125      5.33664e+6 
          10175      5.29448e+6 
          10225      5.23456e+6 
          10275      5.17052e+6 
          10325      5.07288e+6 
          10375      5.02128e+6 
          10425      4.95626e+6 
          10475      4.84003e+6 
          10525      4.80471e+6 
          10575      4.74356e+6 
          10625      4.67499e+6 
          10675        4.545e+6 
          10725      4.53088e+6 
          10775      4.47953e+6 
          10825      4.41381e+6 
          10875      4.34657e+6 
          10925      3.92527e+6 
          10975      4.14886e+6 
          11025      4.21298e+6 
          11075      4.17164e+6 
          11125      4.10776e+6 
          11175      4.05478e+6 
          11225      4.01155e+6 
          11275      3.90998e+6 
          11325      3.86142e+6 
          11375      3.84181e+6 
          11425      3.77364e+6 
          11475      3.76171e+6 
          11525      3.71665e+6 
          11575      3.66493e+6 
          11625      3.58108e+6 
          11675      3.52007e+6 
          11725      3.53284e+6 
          11775      3.43038e+6 
          11825      3.41434e+6 
          11875      3.35279e+6 
          11925      3.36448e+6 
          11975      3.28677e+6 
          12025       3.2681e+6 
          12075      3.22094e+6 
          12125      3.18598e+6 
          12175      3.15909e+6 
          12225      3.11742e+6 
          12275      3.07359e+6 
          12325      3.04026e+6 
          12375      3.00641e+6 
          12425      2.97518e+6 
          12475      2.93685e+6 
          12525      2.89736e+6 
          12575      2.84983e+6 
          12625      2.82352e+6 
          12675      2.79988e+6 
          12725      2.76675e+6 
          12775      2.70381e+6 
          12825      2.42029e+6 
          12875       2.6488e+6 
          12925      2.63646e+6 
          12975      2.60902e+6 
          13025      2.58036e+6 
          13075      2.55251e+6 
          13125      2.51801e+6 
          13175      2.48353e+6 
          13225      2.46414e+6 
          13275      2.43407e+6 
          13325      2.40798e+6 
          13375      2.37991e+6 
          13425      2.35343e+6 
          13475      2.32666e+6 
          13525      2.29549e+6 
          13575      2.26737e+6 
          13625      2.24812e+6 
          13675      2.22083e+6 
          13725      2.17688e+6 
          13775      2.16607e+6 
          13825      2.14314e+6 
          13875      2.12654e+6 
          13925      2.09595e+6 
          13975      2.07616e+6 
          14025      2.05257e+6 
          14075      2.03288e+6 
          14125       2.0068e+6 
          14175      1.98723e+6 
          14225      1.96175e+6 
          14275      1.93842e+6 
          14325      1.92197e+6 
          14375      1.90315e+6 
          14425      1.84762e+6 
          14475      1.85969e+6 
          14525      1.82262e+6 
          14570      1.81919e+6 
          14620      1.79549e+6 
          14675        1.781e+6 
          14725      1.75764e+6 
          14775      1.73402e+6 
          14825      1.71943e+6 
          14875      1.69361e+6 
          14925      1.69077e+6 
          14975      1.66902e+6 
          15025      1.64049e+6 
          15075      1.62301e+6 
          15125      1.61243e+6 
          15175      1.59537e+6 
          15225      1.58734e+6 
          15275      1.55025e+6 
          15325      1.53375e+6 
          15375      1.54101e+6 
          15425       1.4794e+6 
          15475       1.5116e+6 
          15525       1.5042e+6 
          15575      1.41936e+6 
          15625       1.4947e+6 
          15675      1.44362e+6 
          15725      1.37399e+6 
          15775      1.44673e+6 
          15825      1.43964e+6 
          15875      1.29163e+6 
          15925      1.39891e+6 
          15975      1.40924e+6 
          16050      1.37273e+6 
          16150      1.28833e+6 
          16250       1.3424e+6 
          16350      1.29002e+6 
          16450      1.20802e+6 
          16550      1.25961e+6 
          16650      1.23407e+6 
          16750      1.18396e+6 
          16850      1.10914e+6 
          16950      1.15738e+6 
          17050      1.12987e+6 
          17150      1.10938e+6 
          17250      1.07878e+6 
          17350          984168 
          17450      1.02769e+6 
          17550       1.0163e+6 
          17650          994555 
          17750          977308 
          17850          956941 
          17950          941270 
          18050          917896 
          18150          845334 
          18250          872786 
          18350          867015 
          18450          850071 
          18550          832359 
          18650          814878 
          18750          744121 
          18850          780618 
          18950          765613 
          19050          757806 
          19150          743141 
          19250          728801 
          19350          712163 
          19450          654906 
          19550          686321 
          19650          676143 
          19750          661897 
          19850          651545 
          19950          639661 
          20050          628509 
          20150          617432 
          20250          605671 
          20350          594168 
          20450          584838 
          20550          574288 
          20650          563175 
          20750          553708 
          20850          544234 
          20950          534287 
          21050          525098 
          21150          515031 
          21250          506191 
          21350          497733 
          21450          490353 
          21550          480816 
          21650          444241 
          21750          462871 
          21850          457453 
          21950          450588 
          22050          442041 
          22150          434357 
          22250          428451 
          22350          421376 
          22450          414499 
          22550          406246 
          22650          400691 
          22750          394386 
          22850          388084 
          22950          381627 
          23050          376156 
          23150          370043 
          23250          364434 
          23350          358570 
          23450          353060 
          23550          347525 
          23650          342102 
          23750          336628 
          23850          331328 
          23950          326210 
          24050          320871 
          24150          315583 
          24250          312084 
          24350          305743 
          24450          300758 
          24550          297901 
          24650          292210 
          24750          287842 
          24850          285572 
          24950          275191 
          25050          278083 
          25150          274089 
          25250          261771 
          25350          266024 
          25450          262832 
          25550          258239 
          25650          244589 
          25750          251312 
          25850          247742 
          25950          244963 
          26050          239811 
          26150          226449 
          26250          220304 
          26350          230165 
          26450          228364 
          26550          225209 
          26650          220705 
          26750          207028 
          26850          215282 
          26950          213355 
          27050          210241 
          27150          207500 
          27250          204640 
          27350          201812 
          27450          198794 
          27550          186538 
          27650          190932 
          27750          190987 
          27850          188520 
          27950          186035 
          28050          183533 
          28150          181072 
          28250          178669 
          28350          176332 
          28450          173838 
          28550          171670 
          28650          168019 
          28750          158187 
          28850          164602 
          28950          162828 
          29050          160794 
          29150          158504 
          29250          156590 
          29350          154668 
          29450          152655 
          29550          150748 
          29650          148837 
          29750          146940 
          29850          145099 
          29950          143224 
          30050          141422 
          30150          139644 
          30250          137779 
          30350          130537 
          30450          131973 
          30550          132786 
          30650          131199 
          30750          129626 
          30850          127864 
          30950          126383 
          31050          124828 
          31150          123076 
          31250          121804 
          31350          120345 
          31450          118869 
          31550          117523 
          31650          116202 
          31750          114698 
          31850          113451 
          31950          112103 
          32100          110100 
          32300          107568 
          32500          105067 
          32700          102620 
          32900         97115.7 
          33100         97290.1 
          33300         95445.5 
          33500         93389.5 
          33700         91169.9 
          33900         89166.1 
          34100         87219.5 
          34300         85372.8 
          34500         83584.8 
          34700           81748 
          34900         79991.2 
          35100         78277.9 
          35300         76592.2 
          35500         74927.4 
          35700         73271.7 
          35900         71919.6 
          36100         70179.6 
          36300         68990.9 
          36500         67196.4 
          36700           66175 
          36900         64236.8 
          37100           63434 
          37300           61491 
          37500         59205.1 
          37700         59713.3 
          37900         58575.8 
          38100         56864.6 
          38300         55976.9 
          38500         55226.6 
          38700         54141.6 
          38900         53013.8 
          39100         51051.1 
          39300         51088.8 
          39500         50121.1 
          39700         49172.9 
          39900           48144 
          40100         46873.2 
          40300         45622.7 
          40500         44378.6 
          40700         44646.3 
          40900         43818.9 
          41100           43052 
          41300         42256.3 
          41500         41438.8 
          41700         39675.1 
          41900           39924 
          42100         39190.4 
          42300         38542.8 
          42500           37841 
          42700         37169.2 
          42900         36508.1 
          43100         35855.8 
          43300         35215.7 
          43500           34596 
          43700           33193 
          43900         33282.4 
          44100         32800.9 
          44300         32246.3 
          44500           31689 
          44700         31185.3 
          44900           30613 
          45100         30099.5 
          45300         29588.2 
          45500         29090.3 
          45700         28596.3 
          45900         28113.4 
          46100         27653.7 
          46300         27179.8 
          46500         26054.5 
          46700         25615.9 
          46900         25834.6 
          47100         25450.9 
          47300         25044.2 
          47500         24631.7 
          47700         24236.8 
          47900         23850.9 
          48100           23469 
          48300         23100.7 
          48500         22726.3 
          48700         22374.9 
          48900         22014.2 
          49100         21686.7 
          49300         21323.6 
          49500         21039.4 
          49700         20655.3 
          49900         20393.3 
          50100         20073.2 
          50300         19705.4 
          50500         19478.7 
          50700         19180.3 
          50900         18801.5 
          51100         18553.7 
          51300         17853.8 
          51500         18016.6 
          51700         17677.3 
          51900           17519 
          52100         17258.4 
          52300         17005.5 
          52500         16729.9 
          52700         16398.3 
          52900         16270.5 
          53100         16033.3 
          53300         15800.5 
          53500           15572 
          53700         15256.3 
          53900         15052.5 
          54100         14911.9 
          54300         14696.2 
          54500         14489.6 
          54700         14279.3 
          54900         14084.2 
          55100           13868 
          55300           13519 
          55500           13500 
          55700         13312.2 
          55900         13120.7 
          56100         12948.3 
          56300         12769.7 
          56500         12596.8 
          56700         12423.7 
          56900         12250.4 
          57100         11886.3 
          57300         11917.1 
          57500           11766 
          57700         11606.4 
          57900         11451.1 
          58100         11298.8 
          58300         11149.3 
          58500         11014.9 
          58700         10868.1 
          58900         10695.5 
          59100         10320.3 
          59300         10419.7 
          59500         10103.4 
          59700           10124 
          59900         10043.7 
          60100         9913.66 
          60300         9788.22 
          60500         9662.67 
          60700         9537.66 
          60900         9415.28 
          61100         9292.49 
          61300         9179.74 
          61500         9063.93 
          61700         8949.94 
          61900         8836.35 
          62100         8727.29 
          62300         8614.36 
          62500         8510.51 
          62700         8394.79 
          62900         8113.61 
          63100         8180.35 
          63300         8097.63 
          63500         7998.67 
          63700         7902.02 
          63900         7805.01 
          64200         7664.79 
          64600         7480.42 
          65000         7301.18 
          65400         7129.96 
          65800         6960.79 
          66200         6796.44 
          66600         6639.98 
          67000         6486.49 
          67400         6330.87 
          67800         6118.19 
          68200         6045.34 
          68600         5915.18 
          69000         5781.11 
          69400         5642.93 
          69800          5526.4 
          70200         5404.15 
          70600         5285.19 
          71000         5159.82 
          71400         5057.98 
          71800         4948.34 
          72200         4840.06 
          72600         4723.38 
          73000         4637.28 
          73400         4539.25 
          73800         4443.88 
          74200         4349.39 
          74600         4201.53 
          75000         4070.97 
          75400         4082.03 
          75800         4001.87 
          76200         3920.48 
          76600         3840.91 
          77000         3763.29 
          77400         3687.78 
          77800         3590.82 
          78200         3542.29 
          78600          3472.2 
          79000         3403.72 
          79400         3336.96 
          79800          3271.7 
          80200         3208.05 
          80600         3146.08 
          81000         3085.79 
          81400         3004.25 
          81800         2965.15 
          82200         2912.77 
          82600          2857.8 
          83000         2803.96 
          83400         2750.96 
          83800         2699.55 
          84200         2650.05 
          84600         2601.47 
          85000         2553.84 
          85400         2507.09 
          85800          2461.4 
          86200         2416.81 
          86600         2349.38 
          87000         2330.41 
          87400         2275.35 
          87800         2234.82 
          88200         2208.49 
          88600         2168.82 
          89000         2131.54 
          89400         2094.36 
          89800         2057.81 
          90200         2022.18 
          90600         1986.15 
          91000         1953.17 
          91400         1919.78 
          91800         1887.22 
          92200         1855.24 
          92600         1821.67 
          93000         1793.23 
          93400         1763.22 
          93800         1715.54 
          94200         1703.51 
          94600          1676.8 
          95000         1647.89 
          95400         1619.73 
          95800         1595.65 
          96200         1569.58 
          96600         1544.25 
          97000         1519.33 
          97400         1494.73 
          97800         1470.91 
          98200         1446.92 
          98600         1420.86 
          99000         1401.99 
          99400         1379.82 
          99800         1358.11 
         100200          1336.9 
         200000         86.4428 
         400000         5.41716 
         600000         1.06395 
         800000        0.334508 
         1.0e+6        0.136214 
         1.2e+6        0.065347 
         1.4e+6       0.0351069 
         1.6e+6       0.0204935 
