# Kurucz ODFNEW /NOVER models
# teff = 35000 K (value for the effective temperature for the model. Temperatures are given in K)
# logg = 5.00 log(cm/s2) (value for Log(G) for the model.)
# meta = -0.5  (value for the Metallicity for the model.)
# lh = 1.25  (l/Hp where l is the  mixing length of the convective element and Hp is the pressure scale height)
# vtur = 2.0 km/s (Microturbulence velocity)
#
# column 1: WAVELENGTH (ANGSTROM), Wavelength in Angstrom
# column 2: FLUX (ERG/CM2/S/A), Flux in erg/cm2/s/A
              0               0 
           90.9     1.83491e-13 
           93.5     8.47426e-13 
           96.1     3.61502e-12 
           97.7     8.51593e-12 
           99.6     2.27462e-11 
            102     7.48246e-11 
          103.8     1.76648e-10 
          105.6     4.05367e-10 
          107.7      1.03227e-9 
          110.4      3.26156e-9 
            114      1.39103e-8 
          117.8      5.86127e-8 
          121.3      2.03714e-7 
          124.8      6.60554e-7 
          127.1      1.38186e-6 
          128.4      2.07311e-6 
          130.5      3.92386e-6 
          132.4       6.8728e-6 
          133.9      1.05781e-5 
          136.6      2.24812e-5 
          139.8      5.29685e-5 
          143.3     0.000129536 
          147.2     0.000333996 
            151     0.000803624 
          155.2      0.00201995 
          158.8      0.00429087 
            162      0.00816509 
            166       0.0176608 
          170.3       0.0388771 
          173.4       0.0671541 
          176.8        0.119822 
          180.2        0.209155 
          181.7        0.266069 
          186.1        0.526448 
            191          1.0871 
          193.9          1.6419 
          198.4         3.04628 
          201.8         4.77249 
            205         7.18821 
          210.5         14.1475 
          216.2         27.5199 
          219.8         41.2991 
            223         58.5441 
          226.8         87.2939 
            230         48210.2 
            234          161285 
            240          258204 
          246.5          407079 
          252.4          619983 
          256.8          735280 
            260      1.22432e+6 
            264      1.92652e+6 
          268.5       2.6977e+6 
          273.5      3.41886e+6 
          278.5      3.94719e+6 
            284      6.99131e+6 
            290       9.2337e+6 
            296      1.11008e+7 
            301      1.52699e+7 
            308      3.09104e+7 
            318      6.40291e+7 
            328      8.12297e+7 
            338      1.23043e+8 
            348      1.67355e+8 
            357      2.45159e+8 
            366      3.62116e+8 
            375      4.05193e+8 
            385      4.98843e+8 
            395      6.38843e+8 
            405      7.39612e+8 
            414      8.59247e+8 
            422      9.26383e+8 
            430      1.01721e+9 
            441      1.20104e+9 
            451      1.34709e+9 
            460      1.43633e+9 
            470      1.62398e+9 
            480      1.82822e+9 
            490      1.96399e+9 
            500      2.25044e+9 
            506      4.70551e+9 
            512     2.08712e+10 
            520     1.95192e+10 
            530     1.83202e+10 
            540     1.64038e+10 
            550     1.83757e+10 
            560     2.11995e+10 
            570      2.1689e+10 
            580     2.00673e+10 
            590     2.09371e+10 
            600     1.89569e+10 
            610      2.0421e+10 
            620     2.25989e+10 
            630     2.20827e+10 
            640     2.19021e+10 
            650     2.20073e+10 
            658     2.04252e+10 
            665     2.16748e+10 
            675     2.24199e+10 
            685     1.98993e+10 
            695     2.25208e+10 
            705     2.06145e+10 
            716     2.30908e+10 
            726      2.2672e+10 
            735     2.28573e+10 
            745     2.23313e+10 
            755     2.21382e+10 
            765     2.20898e+10 
            775     2.22008e+10 
            785     2.25974e+10 
            795     2.24015e+10 
            805     2.19611e+10 
            815     2.19485e+10 
            825     2.23301e+10 
            835      2.0218e+10 
            845     2.17557e+10 
            855      2.1577e+10 
            865      2.1877e+10 
            875     2.18241e+10 
            885     2.18215e+10 
            895     2.18163e+10 
            905     2.13313e+10 
            915      2.0536e+10 
            925     4.56368e+10 
            935     7.08793e+10 
            945     1.07283e+11 
            955     1.20922e+11 
            965     1.48115e+11 
            975     7.67352e+10 
            985     1.36562e+11 
            995     1.22134e+11 
           1005     1.27384e+11 
           1015     1.26799e+11 
           1025      8.3276e+10 
           1035     1.20676e+11 
           1045      1.3196e+11 
           1055      1.2773e+11 
           1065     1.15325e+11 
           1075     1.16733e+11 
           1085     1.05653e+11 
           1095     1.13252e+11 
           1105     1.07966e+11 
           1115      1.0592e+11 
           1125     9.43207e+10 
           1135     1.01287e+11 
           1145     9.64795e+10 
           1155     9.33251e+10 
           1165     9.02753e+10 
           1175     7.02366e+10 
           1185      8.2996e+10 
           1195     8.08849e+10 
           1205     7.64501e+10 
           1215     5.18896e+10 
           1225     7.28118e+10 
           1235     7.65799e+10 
           1245     7.42634e+10 
           1255       7.357e+10 
           1265     7.37229e+10 
           1275     7.31757e+10 
           1285     7.22239e+10 
           1295     6.77744e+10 
           1305     6.73658e+10 
           1315     6.82448e+10 
           1325     6.56629e+10 
           1335     6.38288e+10 
           1345     6.33102e+10 
           1355     6.17554e+10 
           1365     5.97175e+10 
           1375     5.84278e+10 
           1385     5.67915e+10 
           1395     5.08055e+10 
           1405     5.03864e+10 
           1415     5.31577e+10 
           1425     4.91288e+10 
           1435     5.05393e+10 
           1442     5.02056e+10 
           1447     4.95695e+10 
           1455     4.79155e+10 
           1465     4.70935e+10 
           1475     4.61348e+10 
           1485     4.59273e+10 
           1495     4.44772e+10 
           1505     4.35305e+10 
           1512     4.28781e+10 
           1517     4.24911e+10 
           1525     4.14001e+10 
           1535      3.7767e+10 
           1545     3.44767e+10 
           1555     3.41344e+10 
           1565     3.54807e+10 
           1575     3.60749e+10 
           1585     3.60396e+10 
           1595     3.55107e+10 
           1605      3.3512e+10 
           1615     3.22475e+10 
           1625     3.24495e+10 
           1635     3.20862e+10 
           1645     3.10237e+10 
           1655     3.19744e+10 
           1665     3.13265e+10 
           1672     2.97494e+10 
           1677     3.20262e+10 
           1685     3.10225e+10 
           1695     3.02536e+10 
           1705     2.95343e+10 
           1715     2.86285e+10 
           1725     2.77443e+10 
           1735     2.82902e+10 
           1745     2.77986e+10 
           1755     2.71427e+10 
           1765      2.6726e+10 
           1775     2.61901e+10 
           1785     2.60406e+10 
           1795     2.54437e+10 
           1805     2.51984e+10 
           1815     2.46036e+10 
           1825     2.41492e+10 
           1835     2.39773e+10 
           1845     2.30629e+10 
           1855     2.27602e+10 
           1865     2.25471e+10 
           1875     2.21401e+10 
           1885     2.13916e+10 
           1895     2.10111e+10 
           1905     2.11244e+10 
           1915     2.05438e+10 
           1925     1.96334e+10 
           1935     2.00428e+10 
           1945     1.99836e+10 
           1955     1.89261e+10 
           1967     1.91262e+10 
           1976     1.91271e+10 
           1984     1.86305e+10 
           1995     1.80943e+10 
           2005     1.81813e+10 
           2015     1.79828e+10 
           2025      1.7745e+10 
           2035     1.73072e+10 
           2045     1.70248e+10 
           2055     1.40941e+10 
           2065     1.35727e+10 
           2074     1.36864e+10 
           2078     1.35919e+10 
           2085     1.39332e+10 
           2095     1.45447e+10 
           2105     1.53421e+10 
           2115     1.54036e+10 
           2125     1.51089e+10 
           2135      1.4928e+10 
           2145      1.4681e+10 
           2155      1.4567e+10 
           2165     1.40638e+10 
           2175     1.41872e+10 
           2185     1.37239e+10 
           2195     1.38165e+10 
           2205      1.3621e+10 
           2215     1.30905e+10 
           2225     1.31984e+10 
           2235     1.30028e+10 
           2245     1.27878e+10 
           2255      1.2305e+10 
           2265     1.24338e+10 
           2275     1.22592e+10 
           2285     1.20129e+10 
           2295     1.14141e+10 
           2305     1.14082e+10 
           2315     1.14948e+10 
           2325     1.13619e+10 
           2335     1.11909e+10 
           2345      1.1036e+10 
           2355      1.0863e+10 
           2365     1.07054e+10 
           2375     1.05279e+10 
           2385     1.00954e+10 
           2395     1.01683e+10 
           2405     1.00917e+10 
           2415      9.94885e+9 
           2425      9.82471e+9 
           2435      9.66603e+9 
           2445      9.54173e+9 
           2455      9.40041e+9 
           2465      9.28337e+9 
           2475      9.15314e+9 
           2485        9.004e+9 
           2495      8.07683e+9 
           2505      8.70408e+9 
           2513      8.21506e+9 
           2518      8.44213e+9 
           2525      8.53188e+9 
           2535       8.4307e+9 
           2545      8.28722e+9 
           2555      8.17861e+9 
           2565      8.08291e+9 
           2575      7.97535e+9 
           2585      7.87318e+9 
           2595      7.75611e+9 
           2605      7.68503e+9 
           2615      7.57126e+9 
           2625      7.48198e+9 
           2635      7.38461e+9 
           2645       7.2804e+9 
           2655      7.18665e+9 
           2665      7.06812e+9 
           2675      6.95114e+9 
           2685      6.90887e+9 
           2695      6.77573e+9 
           2705      6.71799e+9 
           2715      6.62823e+9 
           2725      6.52234e+9 
           2735      6.34481e+9 
           2745      6.39116e+9 
           2755      6.31258e+9 
           2765      6.19602e+9 
           2775      6.16271e+9 
           2785      6.07871e+9 
           2795      5.93787e+9 
           2805      5.90903e+9 
           2815      5.85902e+9 
           2825      5.75152e+9 
           2835      5.67258e+9 
           2845      5.64722e+9 
           2855      5.57167e+9 
           2865      5.49843e+9 
           2875      5.43518e+9 
           2885      5.36994e+9 
           2895      5.30369e+9 
           2910      5.19933e+9 
           2930      5.08691e+9 
           2950      4.93503e+9 
           2970      4.84234e+9 
           2990      4.71666e+9 
           3010      4.60472e+9 
           3030      4.49446e+9 
           3050      4.40008e+9 
           3070      4.30937e+9 
           3090       4.1926e+9 
           3110      4.11354e+9 
           3130      4.01728e+9 
           3150      3.92695e+9 
           3170      3.83818e+9 
           3190      3.73802e+9 
           3210      3.64599e+9 
           3230      3.59448e+9 
           3250       3.5204e+9 
           3270      3.43457e+9 
           3290      3.36604e+9 
           3310      3.29616e+9 
           3330      3.22223e+9 
           3350      3.14869e+9 
           3370      3.08747e+9 
           3390      3.02895e+9 
           3410      2.96528e+9 
           3430      2.89885e+9 
           3450      2.82963e+9 
           3470      2.77821e+9 
           3490      2.72178e+9 
           3510      2.66831e+9 
           3530      2.61833e+9 
           3550      2.56368e+9 
           3570      2.52292e+9 
           3590      2.45715e+9 
           3610      2.41525e+9 
           3630      2.36121e+9 
           3640      2.34219e+9 
           3650      2.25029e+9 
           3670      2.21338e+9 
           3690      2.17249e+9 
           3710      2.11087e+9 
           3730      2.07094e+9 
           3750      2.03736e+9 
           3770      1.97938e+9 
           3790      2.00688e+9 
           3810      2.04862e+9 
           3830      1.85328e+9 
           3850       2.0493e+9 
           3870      2.04933e+9 
           3890      1.73125e+9 
           3910      2.00793e+9 
           3930      1.97987e+9 
           3950      1.92884e+9 
           3970      1.59884e+9 
           3990      1.85815e+9 
           4010      1.84487e+9 
           4030      1.75437e+9 
           4050      1.79558e+9 
           4070      1.74152e+9 
           4090      1.61461e+9 
           4110      1.46151e+9 
           4130      1.64413e+9 
           4150      1.62662e+9 
           4170      1.61281e+9 
           4190      1.58064e+9 
           4210      1.55089e+9 
           4230       1.5332e+9 
           4250      1.50129e+9 
           4270      1.46943e+9 
           4290      1.44657e+9 
           4310      1.41109e+9 
           4330      1.29575e+9 
           4350      1.20532e+9 
           4370      1.33974e+9 
           4390      1.30242e+9 
           4410      1.30377e+9 
           4430       1.2863e+9 
           4450      1.26575e+9 
           4470      1.20205e+9 
           4490      1.22326e+9 
           4510      1.20333e+9 
           4530      1.18459e+9 
           4550      1.15613e+9 
           4570      1.14748e+9 
           4590      1.12682e+9 
           4610       1.1082e+9 
           4630      1.08667e+9 
           4650      1.04983e+9 
           4670      1.05372e+9 
           4690      1.02179e+9 
           4710      1.01124e+9 
           4730      1.00928e+9 
           4750       9.9285e+8 
           4770       9.7881e+8 
           4790      9.63347e+8 
           4810      9.46283e+8 
           4830      9.25771e+8 
           4850      8.62479e+8 
           4870      7.88664e+8 
           4890      8.81246e+8 
           4910      8.73487e+8 
           4930      8.45628e+8 
           4950      8.49093e+8 
           4970       8.3843e+8 
           4990      8.25748e+8 
           5010      8.03753e+8 
           5030       8.0047e+8 
           5050       7.8599e+8 
           5070      7.77677e+8 
           5090      7.66051e+8 
           5110      7.54743e+8 
           5130      7.43386e+8 
           5150       7.3251e+8 
           5170      7.21933e+8 
           5190       7.1171e+8 
           5210      7.01538e+8 
           5230      6.91456e+8 
           5250      6.81101e+8 
           5270      6.71355e+8 
           5290      6.62212e+8 
           5310      6.52783e+8 
           5330      6.43594e+8 
           5350      6.34502e+8 
           5370      6.25631e+8 
           5390      6.16781e+8 
           5410      6.03054e+8 
           5430      5.99807e+8 
           5450      5.91467e+8 
           5470      5.83321e+8 
           5490      5.75305e+8 
           5510      5.67402e+8 
           5530      5.59635e+8 
           5550       5.5211e+8 
           5570       5.4457e+8 
           5590      5.36871e+8 
           5610      5.30021e+8 
           5630      5.22898e+8 
           5650       5.1585e+8 
           5670      5.08715e+8 
           5690      4.98942e+8 
           5710      4.88647e+8 
           5730      4.82408e+8 
           5750      4.75903e+8 
           5770      4.70096e+8 
           5790      4.63989e+8 
           5810      4.57876e+8 
           5830      4.51781e+8 
           5850      4.46463e+8 
           5870      4.30295e+8 
           5890      4.34522e+8 
           5910      4.30412e+8 
           5930      4.25391e+8 
           5950      4.20471e+8 
           5970      4.15926e+8 
           5990      4.11051e+8 
           6010      4.06519e+8 
           6030      4.01908e+8 
           6050      3.97567e+8 
           6070      3.92764e+8 
           6090      3.87871e+8 
           6110      3.83057e+8 
           6130      3.78314e+8 
           6150      3.73448e+8 
           6170      3.68904e+8 
           6190      3.64509e+8 
           6210      3.60075e+8 
           6230       3.5568e+8 
           6250      3.51285e+8 
           6270      3.47073e+8 
           6290      3.42897e+8 
           6310      3.38712e+8 
           6330      3.34694e+8 
           6350      3.30638e+8 
           6370      3.26744e+8 
           6390      3.22829e+8 
           6410      3.18994e+8 
           6430      3.15235e+8 
           6450       3.1149e+8 
           6470      3.07677e+8 
           6490      3.04121e+8 
           6510      3.00308e+8 
           6530      2.95308e+8 
           6550      2.83471e+8 
           6570      2.57101e+8 
           6590      2.83796e+8 
           6610      2.83039e+8 
           6630      2.80357e+8 
           6650      2.77191e+8 
           6670      2.71373e+8 
           6690      2.68153e+8 
           6710      2.67662e+8 
           6730      2.64618e+8 
           6750      2.61737e+8 
           6770      2.58886e+8 
           6790      2.55786e+8 
           6810        2.531e+8 
           6830      2.50263e+8 
           6850      2.47495e+8 
           6870      2.44731e+8 
           6890      2.41678e+8 
           6910      2.39208e+8 
           6930      2.36739e+8 
           6950       2.3413e+8 
           6970      2.31571e+8 
           6990      2.29037e+8 
           7010      2.26513e+8 
           7030      2.23938e+8 
           7050        2.216e+8 
           7070      2.16542e+8 
           7090      2.16888e+8 
           7110       2.1453e+8 
           7130      2.12246e+8 
           7150      2.09985e+8 
           7170      2.07532e+8 
           7190      2.05425e+8 
           7210      2.03359e+8 
           7230      2.00693e+8 
           7250      1.99021e+8 
           7270      1.96987e+8 
           7290      1.93724e+8 
           7310      1.92863e+8 
           7330      1.90858e+8 
           7350      1.88873e+8 
           7370      1.86913e+8 
           7390      1.84978e+8 
           7410      1.83061e+8 
           7430      1.81176e+8 
           7450      1.79315e+8 
           7470      1.77405e+8 
           7490      1.75559e+8 
           7510      1.73843e+8 
           7530      1.72097e+8 
           7550      1.70361e+8 
           7570      1.68627e+8 
           7590      1.66588e+8 
           7610      1.65174e+8 
           7630      1.63578e+8 
           7650      1.61938e+8 
           7670      1.60326e+8 
           7690      1.58678e+8 
           7710      1.57127e+8 
           7730      1.55508e+8 
           7750      1.54048e+8 
           7770      1.52526e+8 
           7790       1.5103e+8 
           7810      1.49498e+8 
           7830      1.48077e+8 
           7850      1.46712e+8 
           7870      1.45225e+8 
           7890      1.43776e+8 
           7910       1.4246e+8 
           7930      1.41065e+8 
           7950      1.39725e+8 
           7970      1.38348e+8 
           7990      1.37037e+8 
           8010      1.35725e+8 
           8030      1.34407e+8 
           8050      1.33147e+8 
           8070      1.31875e+8 
           8090      1.30533e+8 
           8110      1.29179e+8 
           8130      1.28146e+8 
           8150      1.26837e+8 
           8170      1.25737e+8 
           8190      1.24298e+8 
           8210      1.22447e+8 
           8230      1.21157e+8 
           8250      1.20277e+8 
           8270      1.18914e+8 
           8290      1.18132e+8 
           8310      1.17095e+8 
           8330      1.15926e+8 
           8350      1.14587e+8 
           8370      1.13772e+8 
           8390       1.1285e+8 
           8410      1.11813e+8 
           8430      1.10774e+8 
           8450      1.09369e+8 
           8470      1.08801e+8 
           8490      1.07714e+8 
           8510      1.06709e+8 
           8530      1.05722e+8 
           8550      1.04795e+8 
           8570      1.04097e+8 
           8590      1.02157e+8 
           8610      1.01876e+8 
           8630      1.01602e+8 
           8650      9.98741e+7 
           8670      9.81257e+7 
           8690      9.89318e+7 
           8710      9.85625e+7 
           8730      9.65146e+7 
           8750      9.31461e+7 
           8770        9.425e+7 
           8790      9.53772e+7 
           8810      9.49299e+7 
           8830      9.36501e+7 
           8850      8.96967e+7 
           8870      8.66541e+7 
           8890       9.0493e+7 
           8910      9.10269e+7 
           8930      9.05343e+7 
           8950      8.98811e+7 
           8970      8.88393e+7 
           8990      8.63981e+7 
           9010      8.04646e+7 
           9030      8.20307e+7 
           9050      8.50907e+7 
           9070      8.46425e+7 
           9090      8.46443e+7 
           9110      8.41823e+7 
           9130      8.35066e+7 
           9150       8.2755e+7 
           9170      8.17762e+7 
           9190      8.06622e+7 
           9210      7.73587e+7 
           9230      7.13902e+7 
           9250      7.59647e+7 
           9270      7.78642e+7 
           9290      7.78174e+7 
           9310      7.71531e+7 
           9330      7.68401e+7 
           9350      7.58094e+7 
           9370      7.56149e+7 
           9390      7.50195e+7 
           9410      7.43734e+7 
           9430       7.3766e+7 
           9450      7.31377e+7 
           9470      7.21022e+7 
           9490      7.16189e+7 
           9510        7.006e+7 
           9530       6.7045e+7 
           9550      6.19524e+7 
           9570       6.7033e+7 
           9590      6.83512e+7 
           9610      6.81485e+7 
           9630      6.76056e+7 
           9650      6.74512e+7 
           9670      6.69146e+7 
           9690      6.63417e+7 
           9710      6.54054e+7 
           9730      6.52882e+7 
           9750      6.48025e+7 
           9770      6.42848e+7 
           9790      6.37749e+7 
           9810      6.32607e+7 
           9830      6.27696e+7 
           9850      6.22702e+7 
           9870      6.17746e+7 
           9890      6.12707e+7 
           9910      6.07092e+7 
           9930      6.03389e+7 
           9950      5.98644e+7 
           9970      5.92834e+7 
           9990      5.86802e+7 
          10025      5.56697e+7 
          10075      5.39974e+7 
          10125      5.53765e+7 
          10175      5.48698e+7 
          10225      5.38121e+7 
          10275       5.2815e+7 
          10325      5.16476e+7 
          10375      5.08568e+7 
          10425      4.99127e+7 
          10475      4.89876e+7 
          10525      4.80846e+7 
          10575      4.72029e+7 
          10625      4.63428e+7 
          10675      4.54434e+7 
          10725      4.46769e+7 
          10775      4.38704e+7 
          10825      4.27492e+7 
          10875      4.20894e+7 
          10925      3.85707e+7 
          10975      3.97558e+7 
          11025      3.98673e+7 
          11075      3.93666e+7 
          11125      3.87185e+7 
          11175       3.8047e+7 
          11225      3.73769e+7 
          11275      3.67438e+7 
          11325      3.61088e+7 
          11375      3.54951e+7 
          11425      3.48907e+7 
          11475      3.43011e+7 
          11525      3.37234e+7 
          11575      3.31543e+7 
          11625       3.2538e+7 
          11675      3.20388e+7 
          11725      3.15277e+7 
          11775      3.10078e+7 
          11825      3.04955e+7 
          11875       2.9996e+7 
          11925      2.95067e+7 
          11975      2.87433e+7 
          12025      2.85569e+7 
          12075      2.80961e+7 
          12125      2.76445e+7 
          12175      2.72044e+7 
          12225      2.67706e+7 
          12275      2.63454e+7 
          12325      2.59287e+7 
          12375      2.55203e+7 
          12425      2.51226e+7 
          12475      2.47279e+7 
          12525      2.43052e+7 
          12575      2.39646e+7 
          12625      2.35953e+7 
          12675      2.32336e+7 
          12725      2.28415e+7 
          12775       2.2107e+7 
          12825      2.05655e+7 
          12875      2.16465e+7 
          12925      2.14958e+7 
          12975      2.10731e+7 
          13025      2.08763e+7 
          13075       2.0568e+7 
          13125      2.02622e+7 
          13175      1.99622e+7 
          13225      1.96677e+7 
          13275      1.93785e+7 
          13325      1.90941e+7 
          13375      1.88141e+7 
          13425      1.85309e+7 
          13475       1.8273e+7 
          13525       1.8008e+7 
          13575      1.77505e+7 
          13625       1.7493e+7 
          13675      1.72463e+7 
          13725      1.69978e+7 
          13775      1.67597e+7 
          13825       1.6523e+7 
          13875      1.62901e+7 
          13925      1.60596e+7 
          13975      1.58367e+7 
          14025      1.56148e+7 
          14075      1.53995e+7 
          14125      1.51862e+7 
          14175      1.49769e+7 
          14225      1.47711e+7 
          14275      1.45687e+7 
          14325      1.43699e+7 
          14375      1.41742e+7 
          14425      1.39823e+7 
          14475      1.37935e+7 
          14525      1.36076e+7 
          14570      1.34431e+7 
          14620      1.32614e+7 
          14675      1.30677e+7 
          14725      1.28942e+7 
          14775       1.2712e+7 
          14825      1.25568e+7 
          14875      1.23923e+7 
          14925      1.22303e+7 
          14975      1.20708e+7 
          15025      1.19137e+7 
          15075      1.17431e+7 
          15125      1.16078e+7 
          15175      1.14584e+7 
          15225      1.13115e+7 
          15275      1.11662e+7 
          15325      1.10232e+7 
          15375      1.08832e+7 
          15425      1.07428e+7 
          15475      1.06088e+7 
          15525      1.04735e+7 
          15575      1.03368e+7 
          15625      1.02157e+7 
          15675      1.00763e+7 
          15725      9.94585e+6 
          15775      9.84084e+6 
          15825      9.71376e+6 
          15875      9.55415e+6 
          15925      9.46409e+6 
          15975       9.3713e+6 
          16050      9.17818e+6 
          16150      8.92461e+6 
          16250      8.77331e+6 
          16350      8.51414e+6 
          16450      8.26141e+6 
          16550      8.17603e+6 
          16650      7.99061e+6 
          16750      7.71702e+6 
          16850      7.46993e+6 
          16950      7.43908e+6 
          17050      7.24191e+6 
          17150       7.1144e+6 
          17250      6.93432e+6 
          17350      6.58065e+6 
          17450      6.59663e+6 
          17550      6.49512e+6 
          17650       6.3511e+6 
          17750      6.21086e+6 
          17850      6.07386e+6 
          17950      5.94183e+6 
          18050      5.80158e+6 
          18150       5.4931e+6 
          18250      5.50341e+6 
          18350      5.44504e+6 
          18450      5.33031e+6 
          18550       5.2154e+6 
          18650       5.0551e+6 
          18750      4.79761e+6 
          18850      4.88626e+6 
          18950      4.79506e+6 
          19050      4.68069e+6 
          19150      4.59939e+6 
          19250      4.50657e+6 
          19350      4.39412e+6 
          19450      4.14142e+6 
          19550      4.21487e+6 
          19650      4.15434e+6 
          19750      4.07181e+6 
          19850       3.9912e+6 
          19950      3.91256e+6 
          20050      3.83596e+6 
          20150      3.76117e+6 
          20250      3.68808e+6 
          20350      3.61691e+6 
          20450      3.54666e+6 
          20550      3.47531e+6 
          20650      3.41329e+6 
          20750      3.34862e+6 
          20850      3.28546e+6 
          20950      3.22379e+6 
          21050      3.16347e+6 
          21150      3.09632e+6 
          21250      3.04721e+6 
          21350      2.99105e+6 
          21450      2.93563e+6 
          21550      2.87073e+6 
          21650      2.70402e+6 
          21750      2.75877e+6 
          21850      2.72757e+6 
          21950      2.68002e+6 
          22050      2.63214e+6 
          22150      2.58539e+6 
          22250      2.53945e+6 
          22350      2.49491e+6 
          22450      2.45113e+6 
          22550      2.40832e+6 
          22650      2.36647e+6 
          22750      2.32548e+6 
          22850      2.28532e+6 
          22950      2.24614e+6 
          23050      2.20747e+6 
          23150      2.17024e+6 
          23250      2.13349e+6 
          23350      2.09757e+6 
          23450      2.06231e+6 
          23550      2.02785e+6 
          23650      1.99411e+6 
          23750      1.96098e+6 
          23850      1.92861e+6 
          23950      1.89691e+6 
          24050      1.86586e+6 
          24150      1.83539e+6 
          24250      1.80549e+6 
          24350      1.77633e+6 
          24450      1.74834e+6 
          24550      1.72131e+6 
          24650      1.69299e+6 
          24750      1.66359e+6 
          24850      1.64029e+6 
          24950      1.61234e+6 
          25050      1.58922e+6 
          25150      1.56422e+6 
          25250      1.53703e+6 
          25350      1.51508e+6 
          25450      1.49348e+6 
          25550      1.46767e+6 
          25650       1.4428e+6 
          25750      1.42332e+6 
          25850      1.40381e+6 
          25950      1.38093e+6 
          26050      1.35597e+6 
          26150      1.32611e+6 
          26250      1.26026e+6 
          26350      1.29022e+6 
          26450      1.27935e+6 
          26550      1.26097e+6 
          26650      1.23927e+6 
          26750      1.21485e+6 
          26850      1.20274e+6 
          26950      1.18958e+6 
          27050      1.17225e+6 
          27150      1.15515e+6 
          27250      1.13842e+6 
          27350      1.12195e+6 
          27450      1.10304e+6 
          27550      1.07633e+6 
          27650       1.0661e+6 
          27750      1.05779e+6 
          27850      1.04399e+6 
          27950      1.02925e+6 
          28050      1.01475e+6 
          28150      1.00046e+6 
          28250          986455 
          28350          972713 
          28450          959183 
          28550          944526 
          28650          925139 
          28750          901806 
          28850          903485 
          28950          894961 
          29050          882784 
          29150          870840 
          29250          859040 
          29350          847468 
          29450          836076 
          29550          824903 
          29650          813865 
          29750          803039 
          29850          792381 
          29950          781934 
          30050          771606 
          30150          761398 
          30250          749004 
          30350          725630 
          30450          720872 
          30550          720803 
          30650          713221 
          30750          704006 
          30850          695018 
          30950          686129 
          31050          677378 
          31150          668765 
          31250          660287 
          31350          651941 
          31450          643726 
          31550          635680 
          31650          627720 
          31750          619884 
          31850          612173 
          31950          604582 
          32100          593388 
          32300          578914 
          32500          564854 
          32700          550884 
          32900          526493 
          33100          521489 
          33300          512663 
          33500          501154 
          33700          489420 
          33900          478022 
          34100          466957 
          34300          456179 
          34500          445746 
          34700          435616 
          34900          425750 
          35100          416142 
          35300          406845 
          35500          397792 
          35700          388972 
          35900          380410 
          36100          372072 
          36300          363981 
          36500          356102 
          36700          348428 
          36900          340954 
          37100          333126 
          37300          322064 
          37500          313922 
          37700          312720 
          37900          306490 
          38100          300065 
          38300          293908 
          38500          287888 
          38700          282002 
          38900          276247 
          39100          270274 
          39300          265213 
          39500          259902 
          39700          254709 
          39900          249653 
          40100          244241 
          40300          238760 
          40500          229387 
          40700          230361 
          40900          226176 
          41100          221819 
          41300          217443 
          41500          213266 
          41700          208177 
          41900          205196 
          42100          201532 
          42300          197757 
          42500          194016 
          42700          190467 
          42900          186770 
          43100          183509 
          43300          180148 
          43500          176759 
          43700          172212 
          43900          169831 
          44100          167451 
          44300          164457 
          44500          161526 
          44700          158746 
          44900          155941 
          45100          153197 
          45300          150515 
          45500          147890 
          45700          145323 
          45900          142809 
          46100          140323 
          46300          137609 
          46500          131443 
          46700          130990 
          46900          130356 
          47100          128800 
          47300          126661 
          47500          124544 
          47700          122471 
          47900          120442 
          48100          118452 
          48300          116506 
          48500          114597 
          48700          112729 
          48900          110898 
          49100          109104 
          49300          107346 
          49500          105623 
          49700          103934 
          49900          102280 
          50100          100659 
          50300         99067.6 
          50500           97509 
          50700         95980.4 
          50900         94480.2 
          51100         92605.3 
          51300           89769 
          51500           89867 
          51700         88771.2 
          51900         87412.9 
          52100         86079.7 
          52300         84771.1 
          52500         83488.3 
          52700         82227.7 
          52900         80991.9 
          53100         79780.5 
          53300           78590 
          53500         77421.7 
          53700         76273.8 
          53900         75148.7 
          54100         74044.5 
          54300         72960.8 
          54500         71896.2 
          54700         70850.3 
          54900         69823.8 
          55100           68815 
          55300         67824.1 
          55500         66853.1 
          55700         65899.2 
          55900         64960.8 
          56100         64039.9 
          56300         63134.2 
          56500         62245.3 
          56700         61371.1 
          56900         60512.2 
          57100         59631.4 
          57300         58839.7 
          57500         58025.4 
          57700         57225.3 
          57900         56438.6 
          58100         55664.6 
          58300         54904.3 
          58500           54174 
          58700         53418.2 
          58900         52424.1 
          59100         50641.8 
          59300         51077.4 
          59500         50428.4 
          59700         49838.4 
          59900         49280.5 
          60100         48628.4 
          60300         47985.4 
          60500         47353.7 
          60700         46732.2 
          60900           46121 
          61100         45519.9 
          61300         44927.5 
          61500         44346.2 
          61700           43773 
          61900         43209.4 
          62100         42655.1 
          62300         42108.8 
          62500         41571.6 
          62700         40983.1 
          62900         40274.4 
          63100           39921 
          63300         39507.5 
          63500         39012.3 
          63700         38523.6 
          63900         38043.1 
          64200         37336.5 
          64600         36418.5 
          65000         35529.6 
          65400         34667.1 
          65800           33831 
          66200         33019.4 
          66600         32231.6 
          67000         31467.7 
          67400         30679.9 
          67800           29792 
          68200         29306.7 
          68600         28628.9 
          69000         27969.5 
          69400         27329.7 
          69800         26707.3 
          70200         26102.6 
          70600         25515.1 
          71000         24943.7 
          71400         24388.6 
          71800         23848.7 
          72200         23323.6 
          72600         22812.1 
          73000         22315.4 
          73400         21832.3 
          73800         21361.1 
          74200         20864.5 
          74600           19978 
          75000         19489.5 
          75400         19523.8 
          75800         19189.8 
          76200         18789.7 
          76600         18399.4 
          77000         18018.8 
          77400         17648.8 
          77800         17287.2 
          78200         16935.9 
          78600         16592.6 
          79000         16258.4 
          79400         15932.4 
          79800         15614.6 
          80200         15304.6 
          80600         15002.3 
          81000         14707.5 
          81400         14410.9 
          81800         14138.6 
          82200         13864.7 
          82600         13597.7 
          83000         13336.8 
          83400         13081.9 
          83800         12833.3 
          84200         12590.6 
          84600         12353.3 
          85000         12121.6 
          85400         11895.7 
          85800         11674.5 
          86200         11458.4 
          86600         11216.7 
          87000         11034.6 
          87400         10734.1 
          87800         10539.8 
          88200         10450.7 
          88600         10262.9 
          89000         10079.1 
          89400         9899.57 
          89800         9723.74 
          90200         9551.57 
          90600         9383.41 
          91000         9219.22 
          91400         9057.99 
          91800         8900.99 
          92200          8746.8 
          92600         8595.83 
          93000         8448.45 
          93400         8304.13 
          93800         8122.13 
          94200         8009.14 
          94600         7889.34 
          95000         7756.68 
          95400          7627.2 
          95800            7500 
          96200         7375.49 
          96600         7253.57 
          97000         7134.22 
          97400         7017.36 
          97800         6902.96 
          98200          6790.6 
          98600         6680.58 
          99000         6572.89 
          99400         6467.09 
          99800          6363.9 
         100200         6262.18 
         200000         387.674 
         400000         23.6045 
         600000         4.58524 
         800000         1.43293 
         1.0e+6         0.58122 
         1.2e+6        0.277995 
         1.4e+6         0.14901 
         1.6e+6       0.0868097 
