# Kurucz ODFNEW /NOVER models
# teff = 5750 K (value for the effective temperature for the model. Temperatures are given in K)
# logg = 1.50 log(cm/s2) (value for Log(G) for the model.)
# meta = -0.5  (value for the Metallicity for the model.)
# lh = 1.25  (l/Hp where l is the  mixing length of the convective element and Hp is the pressure scale height)
# vtur = 2.0 km/s (Microturbulence velocity)
#
# column 1: WAVELENGTH (ANGSTROM), Wavelength in Angstrom
# column 2: FLUX (ERG/CM2/S/A), Flux in erg/cm2/s/A
              0               0 
           90.9               0 
           93.5               0 
           96.1               0 
           97.7               0 
           99.6               0 
            102               0 
          103.8               0 
          105.6               0 
          107.7               0 
          110.4               0 
            114               0 
          117.8               0 
          121.3               0 
          124.8               0 
          127.1               0 
          128.4               0 
          130.5               0 
          132.4               0 
          133.9               0 
          136.6               0 
          139.8               0 
          143.3               0 
          147.2               0 
            151               0 
          155.2               0 
          158.8               0 
            162               0 
            166               0 
          170.3               0 
          173.4               0 
          176.8               0 
          180.2               0 
          181.7               0 
          186.1               0 
            191               0 
          193.9               0 
          198.4               0 
          201.8               0 
            205               0 
          210.5               0 
          216.2               0 
          219.8               0 
            223               0 
          226.8               0 
            230               0 
            234               0 
            240               0 
          246.5               0 
          252.4               0 
          256.8               0 
            260               0 
            264               0 
          268.5               0 
          273.5               0 
          278.5               0 
            284               0 
            290               0 
            296               0 
            301               0 
            308               0 
            318               0 
            328               0 
            338               0 
            348               0 
            357               0 
            366               0 
            375               0 
            385               0 
            395               0 
            405               0 
            414               0 
            422               0 
            430               0 
            441               0 
            451               0 
            460               0 
            470               0 
            480               0 
            490               0 
            500     1.51008e-24 
            506     4.66417e-24 
            512     1.19012e-23 
            520      3.4385e-23 
            530     1.24273e-22 
            540     4.20708e-22 
            550     1.37441e-21 
            560     4.26848e-21 
            570     1.27049e-20 
            580     3.59349e-20 
            590     9.99574e-20 
            600      2.6527e-19 
            610     6.80352e-19 
            620     1.68833e-18 
            630     4.06174e-18 
            640     9.49185e-18 
            650     2.15668e-17 
            658     4.07817e-17 
            665     7.02246e-17 
            675     1.49535e-16 
            685       3.109e-16 
            695     6.31657e-16 
            705     1.25391e-15 
            716     2.60905e-15 
            726     4.96798e-15 
            735     8.72675e-15 
            745     1.60392e-14 
            755     2.89627e-14 
            765     5.14357e-14 
            775     8.98445e-14 
            785      1.5455e-13 
            795     2.60756e-13 
            805     4.36642e-13 
            815     7.19856e-13 
            825     1.16989e-12 
            835     1.87726e-12 
            845     2.97485e-12 
            855     4.65877e-12 
            865     7.21112e-12 
            875     1.10299e-11 
            885     1.67181e-11 
            895     2.50619e-11 
            905     3.71857e-11 
            915       2.8402e-7 
            925      1.02211e-6 
            935      1.53463e-6 
            945      2.28466e-6 
            955      3.49057e-6 
            965      5.10304e-6 
            975      7.38895e-6 
            985      1.06497e-5 
            995      1.51963e-5 
           1005      2.18979e-5 
           1015      3.07524e-5 
           1025      4.09028e-5 
           1035      5.96242e-5 
           1045      8.21542e-5 
           1055     0.000112441 
           1065      0.00015041 
           1075     0.000206646 
           1085     0.000277652 
           1095     0.000364814 
           1105      0.00100996 
           1115      0.00410815 
           1125      0.00646553 
           1135      0.00979239 
           1145       0.0131057 
           1155       0.0143612 
           1165       0.0197016 
           1175       0.0218959 
           1185       0.0276681 
           1195      0.00920864 
           1205      0.00793092 
           1215      0.00483397 
           1225        0.011787 
           1235       0.0261573 
           1245       0.0712154 
           1255        0.146348 
           1265        0.183376 
           1275        0.305647 
           1285        0.470425 
           1295        0.654024 
           1305        0.630521 
           1315         1.01345 
           1325         1.23067 
           1335         1.52032 
           1345         1.82902 
           1355          2.1237 
           1365         2.42773 
           1375         2.73806 
           1385         3.14821 
           1395          3.6569 
           1405         4.39781 
           1415         4.88641 
           1425         5.46165 
           1435          6.2257 
           1442         7.85414 
           1447         7.39621 
           1455         8.80598 
           1465         10.2103 
           1475         10.5245 
           1485         12.4467 
           1495         16.2061 
           1505         19.3586 
           1512         16.5316 
           1517         20.7904 
           1525         26.0028 
           1535         60.1543 
           1545         70.5079 
           1555         93.8404 
           1565          88.306 
           1575         145.955 
           1585         179.756 
           1595         218.173 
           1605         230.292 
           1615         257.665 
           1625         282.738 
           1635         336.451 
           1645         452.798 
           1655         246.007 
           1665           490.7 
           1672         301.225 
           1677         561.011 
           1685          912.76 
           1695         1195.95 
           1705         1276.09 
           1715         1522.56 
           1725         1917.44 
           1735         2440.43 
           1745         2708.97 
           1755         3887.38 
           1765          3729.3 
           1775         4235.17 
           1785         4816.86 
           1795          7181.8 
           1805         5313.16 
           1815         6146.55 
           1825         6115.02 
           1835         8451.54 
           1845         7390.24 
           1855         10184.1 
           1865         12664.8 
           1875         13428.1 
           1885         15262.3 
           1895         18790.2 
           1905         17525.3 
           1915         19404.5 
           1925         17549.3 
           1935         12022.6 
           1945         26452.6 
           1955         28994.8 
           1967         36228.1 
           1976         33741.6 
           1984         35248.1 
           1995         40384.7 
           2005         42484.2 
           2015         42146.9 
           2025         36942.5 
           2035         53086.9 
           2045         61336.6 
           2055         53274.6 
           2065         50736.6 
           2074         65888.7 
           2078          113122 
           2085          123941 
           2095          164184 
           2105          194919 
           2115          218506 
           2125          178495 
           2135          156189 
           2145          222819 
           2155          250244 
           2165          202373 
           2175          229791 
           2185          273002 
           2195          310921 
           2205          285243 
           2215          191581 
           2225          218917 
           2235          344381 
           2245          314009 
           2255          200840 
           2265          180881 
           2275          290007 
           2285          328486 
           2295          309137 
           2305          367540 
           2315          295150 
           2325          263938 
           2335          109684 
           2345         69282.6 
           2355          175146 
           2365         72729.7 
           2375          111243 
           2385         52604.3 
           2395         75234.1 
           2405         72929.3 
           2415          140461 
           2425          363321 
           2435          395675 
           2445          481341 
           2455          504536 
           2465          431362 
           2475          385395 
           2485          283425 
           2495          348976 
           2505          549819 
           2513          291253 
           2518          249128 
           2525          203160 
           2535          283060 
           2545          364856 
           2555          571725 
           2565          359430 
           2575          450726 
           2585          308331 
           2595          237584 
           2605          168390 
           2615          159772 
           2625          237357 
           2635          572103 
           2645      1.09863e+6 
           2655      1.33477e+6 
           2665          888804 
           2675      1.03506e+6 
           2685      1.12519e+6 
           2695          914877 
           2705      1.10975e+6 
           2715          742295 
           2725          702764 
           2735          746690 
           2745          279304 
           2755          417707 
           2765          598611 
           2775          675858 
           2785          354654 
           2795          111900 
           2805          144941 
           2815          529565 
           2825      1.02413e+6 
           2835      1.12571e+6 
           2845      1.13284e+6 
           2855          728685 
           2865      1.31003e+6 
           2875      1.47413e+6 
           2885      1.42871e+6 
           2895      1.47136e+6 
           2910      1.94538e+6 
           2930      1.78933e+6 
           2950      1.73536e+6 
           2970      2.04426e+6 
           2990      2.02691e+6 
           3010      2.23874e+6 
           3030      2.24317e+6 
           3050      2.36317e+6 
           3070      2.22019e+6 
           3090      2.45428e+6 
           3110      2.41717e+6 
           3130       2.3848e+6 
           3150      2.43177e+6 
           3170       2.5153e+6 
           3190      2.27428e+6 
           3210      2.58948e+6 
           3230      2.13438e+6 
           3250      2.69972e+6 
           3270      3.05174e+6 
           3290      2.99133e+6 
           3310       3.0914e+6 
           3330      3.01109e+6 
           3350      2.96124e+6 
           3370       2.7064e+6 
           3390      2.99723e+6 
           3410      3.15906e+6 
           3430      3.30719e+6 
           3450      3.39968e+6 
           3470      3.33057e+6 
           3490      3.38993e+6 
           3510      3.59421e+6 
           3530      3.46227e+6 
           3550      3.91154e+6 
           3570      3.40169e+6 
           3590      3.42792e+6 
           3610      3.52907e+6 
           3630      3.64212e+6 
           3640       3.5991e+6 
           3650      3.91364e+6 
           3670       3.8943e+6 
           3690      4.12365e+6 
           3710      4.95188e+6 
           3730      5.25497e+6 
           3750      6.05743e+6 
           3770      6.41505e+6 
           3790      6.95021e+6 
           3810      7.57036e+6 
           3830      6.28059e+6 
           3850      7.31832e+6 
           3870       7.6451e+6 
           3890      6.68984e+6 
           3910      7.08263e+6 
           3930       3.1951e+6 
           3950      5.80266e+6 
           3970      3.62821e+6 
           3990      7.78894e+6 
           4010      8.56189e+6 
           4030      8.57919e+6 
           4050      8.47169e+6 
           4070      8.35363e+6 
           4090      8.96439e+6 
           4110       8.3604e+6 
           4130      8.87928e+6 
           4150      9.25699e+6 
           4170      8.99488e+6 
           4190      8.98838e+6 
           4210      8.90234e+6 
           4230      8.67351e+6 
           4250      8.90887e+6 
           4270      8.77603e+6 
           4290      8.21866e+6 
           4310      7.33256e+6 
           4330      8.78647e+6 
           4350      8.28518e+6 
           4370      9.32609e+6 
           4390      8.90507e+6 
           4410      8.98178e+6 
           4430       9.1416e+6 
           4450      9.11345e+6 
           4470      9.33017e+6 
           4490      9.43186e+6 
           4510      1.00174e+7 
           4530      9.26254e+6 
           4550      9.35616e+6 
           4570      9.88251e+6 
           4590      9.40893e+6 
           4610      9.77965e+6 
           4630      9.61698e+6 
           4650      9.72851e+6 
           4670      9.85802e+6 
           4690       9.7128e+6 
           4710      9.39852e+6 
           4730       9.7843e+6 
           4750      9.89627e+6 
           4770      9.79638e+6 
           4790      9.77452e+6 
           4810      9.73786e+6 
           4830       9.7357e+6 
           4850      9.19335e+6 
           4870      8.15079e+6 
           4890       9.4387e+6 
           4910      9.42494e+6 
           4930       9.2274e+6 
           4950      9.52707e+6 
           4970      9.60277e+6 
           4990      9.02849e+6 
           5010      8.71805e+6 
           5030      9.16436e+6 
           5050      9.16208e+6 
           5070       9.3785e+6 
           5090      9.14049e+6 
           5110      9.18234e+6 
           5130      8.91562e+6 
           5150      8.78997e+6 
           5170      8.69164e+6 
           5190      8.62296e+6 
           5210      8.68957e+6 
           5230      8.78164e+6 
           5250       8.9095e+6 
           5270      8.28327e+6 
           5290      8.84945e+6 
           5310      8.88297e+6 
           5330      8.48095e+6 
           5350      8.86621e+6 
           5370      8.84274e+6 
           5390      8.72201e+6 
           5410      8.56018e+6 
           5430      8.62734e+6 
           5450      8.80865e+6 
           5470      8.67902e+6 
           5490      8.63753e+6 
           5510      8.60719e+6 
           5530      8.63732e+6 
           5550      8.71203e+6 
           5570      8.55632e+6 
           5590      8.44953e+6 
           5610      8.53242e+6 
           5630      8.56984e+6 
           5650      8.47849e+6 
           5670      8.32305e+6 
           5690      8.43253e+6 
           5710      8.29891e+6 
           5730      8.56534e+6 
           5750      8.40663e+6 
           5770       8.4307e+6 
           5790      8.29682e+6 
           5810      8.34562e+6 
           5830      8.37578e+6 
           5850       8.2454e+6 
           5870      8.25023e+6 
           5890      8.01186e+6 
           5910      8.16503e+6 
           5930      8.12791e+6 
           5950      8.11691e+6 
           5970      8.10267e+6 
           5990      8.02356e+6 
           6010      7.93823e+6 
           6030      7.92876e+6 
           6050      7.97388e+6 
           6070      7.94915e+6 
           6090      7.82935e+6 
           6110      7.74328e+6 
           6130      7.58316e+6 
           6150      7.56709e+6 
           6170      7.48069e+6 
           6190      7.65829e+6 
           6210      7.65562e+6 
           6230      7.50162e+6 
           6250      7.26313e+6 
           6270      7.52695e+6 
           6290      7.50782e+6 
           6310      7.33068e+6 
           6330      7.37103e+6 
           6350       7.3766e+6 
           6370      7.32918e+6 
           6390      7.32063e+6 
           6410      7.19103e+6 
           6430      7.21606e+6 
           6450      7.15692e+6 
           6470      7.15871e+6 
           6490      7.01056e+6 
           6510      7.11288e+6 
           6530      7.12142e+6 
           6550      6.91151e+6 
           6570      6.07089e+6 
           6590      6.95129e+6 
           6610      6.96619e+6 
           6630      6.97968e+6 
           6650      6.93333e+6 
           6670      6.86786e+6 
           6690      6.90386e+6 
           6710      6.82061e+6 
           6730      6.83503e+6 
           6750       6.7516e+6 
           6770      6.75426e+6 
           6790      6.70849e+6 
           6810      6.68408e+6 
           6830      6.65815e+6 
           6850      6.58656e+6 
           6870      6.59561e+6 
           6890      6.58458e+6 
           6910      6.54219e+6 
           6930      6.51326e+6 
           6950      6.47585e+6 
           6970      6.46146e+6 
           6990      6.42752e+6 
           7010      6.31042e+6 
           7030      6.34163e+6 
           7050       6.3371e+6 
           7070      6.29216e+6 
           7090      6.26542e+6 
           7110      6.19839e+6 
           7130      6.17228e+6 
           7150      6.14419e+6 
           7170      6.11852e+6 
           7190       6.0186e+6 
           7210      6.03221e+6 
           7230      6.01504e+6 
           7250       6.0246e+6 
           7270      6.00149e+6 
           7290      5.90381e+6 
           7310      5.89953e+6 
           7330      5.88939e+6 
           7350      5.87776e+6 
           7370        5.881e+6 
           7390      5.78539e+6 
           7410      5.70625e+6 
           7430       5.7213e+6 
           7450      5.71302e+6 
           7470      5.70601e+6 
           7490       5.6656e+6 
           7510      5.65295e+6 
           7530      5.63823e+6 
           7550      5.64284e+6 
           7570      5.58816e+6 
           7590      5.56823e+6 
           7610      5.54406e+6 
           7630      5.52979e+6 
           7650       5.4937e+6 
           7670      5.40925e+6 
           7690      5.44555e+6 
           7710      5.37411e+6 
           7730       5.3715e+6 
           7750      5.33298e+6 
           7770      5.30294e+6 
           7790       5.3301e+6 
           7810      5.30932e+6 
           7830       5.2538e+6 
           7850      5.22412e+6 
           7870      5.23405e+6 
           7890      5.20059e+6 
           7910      5.16174e+6 
           7930      5.10109e+6 
           7950      5.08721e+6 
           7970      5.11983e+6 
           7990      5.09341e+6 
           8010      5.04764e+6 
           8030      5.02608e+6 
           8050      4.99334e+6 
           8070       4.9943e+6 
           8090      4.93833e+6 
           8110      4.95497e+6 
           8130      4.93983e+6 
           8150      4.91069e+6 
           8170      4.88701e+6 
           8190      4.78472e+6 
           8210      4.79245e+6 
           8230      4.76523e+6 
           8250       4.7524e+6 
           8270       4.7783e+6 
           8290      4.74925e+6 
           8310      4.69673e+6 
           8330      4.63182e+6 
           8350      4.66756e+6 
           8370      4.63761e+6 
           8390      4.58362e+6 
           8410      4.59744e+6 
           8430       4.5629e+6 
           8450      4.52887e+6 
           8470      4.47608e+6 
           8490      4.47006e+6 
           8510      4.20099e+6 
           8530      4.42395e+6 
           8550      3.66463e+6 
           8570      4.51466e+6 
           8590      4.42377e+6 
           8610      4.34552e+6 
           8630      4.47122e+6 
           8650      4.39274e+6 
           8670      3.67279e+6 
           8690      4.32948e+6 
           8710      4.39879e+6 
           8730      4.37115e+6 
           8750      4.13648e+6 
           8770      4.34084e+6 
           8790      4.32735e+6 
           8810      4.27822e+6 
           8830      4.26101e+6 
           8850      4.22183e+6 
           8870      4.02004e+6 
           8890      4.23025e+6 
           8910      4.21784e+6 
           8930      4.16996e+6 
           8950      4.17014e+6 
           8970      4.16163e+6 
           8990      4.13935e+6 
           9010      3.89047e+6 
           9030      4.04987e+6 
           9050      4.10839e+6 
           9070      4.01638e+6 
           9090      3.92989e+6 
           9110      3.98976e+6 
           9130      4.02483e+6 
           9150      4.01041e+6 
           9170        3.987e+6 
           9190      3.97741e+6 
           9210      3.89424e+6 
           9230      3.67477e+6 
           9250      3.82505e+6 
           9270      3.86705e+6 
           9290      3.88228e+6 
           9310      3.87326e+6 
           9330      3.84996e+6 
           9350      3.83243e+6 
           9370      3.81192e+6 
           9390      3.80032e+6 
           9410      3.67689e+6 
           9430      3.73991e+6 
           9450      3.71935e+6 
           9470      3.73685e+6 
           9490       3.7269e+6 
           9510      3.70028e+6 
           9530      3.66256e+6 
           9550      3.45541e+6 
           9570      3.62713e+6 
           9590       3.6408e+6 
           9610      3.59826e+6 
           9630      3.56513e+6 
           9650      3.56342e+6 
           9670       3.5267e+6 
           9690      3.53653e+6 
           9710      3.54298e+6 
           9730      3.52697e+6 
           9750      3.48065e+6 
           9770      3.49177e+6 
           9790      3.47082e+6 
           9810      3.46878e+6 
           9830      3.45286e+6 
           9850      3.42894e+6 
           9870      3.41032e+6 
           9890      3.38637e+6 
           9910      3.37698e+6 
           9930      3.37515e+6 
           9950      3.36376e+6 
           9970      3.35246e+6 
           9990      3.33792e+6 
          10025       3.2794e+6 
          10075      3.20205e+6 
          10125      3.22454e+6 
          10175      3.18868e+6 
          10225      3.16422e+6 
          10275      3.14323e+6 
          10325      3.08358e+6 
          10375      3.06328e+6 
          10425      3.04145e+6 
          10475       2.9774e+6 
          10525      2.96887e+6 
          10575       2.9351e+6 
          10625       2.8993e+6 
          10675      2.83025e+6 
          10725      2.82986e+6 
          10775      2.80122e+6 
          10825      2.75984e+6 
          10875      2.74032e+6 
          10925      2.64112e+6 
          10975      2.67235e+6 
          11025      2.67692e+6 
          11075      2.65911e+6 
          11125      2.62202e+6 
          11175      2.59257e+6 
          11225      2.57865e+6 
          11275      2.52424e+6 
          11325      2.50299e+6 
          11375       2.4891e+6 
          11425      2.44791e+6 
          11475      2.45509e+6 
          11525      2.43267e+6 
          11575      2.40026e+6 
          11625      2.35192e+6 
          11675      2.32701e+6 
          11725      2.34012e+6 
          11775      2.27964e+6 
          11825      2.27142e+6 
          11875      2.23539e+6 
          11925      2.25492e+6 
          11975      2.19467e+6 
          12025      2.19792e+6 
          12075      2.17237e+6 
          12125      2.15641e+6 
          12175      2.14788e+6 
          12225      2.12622e+6 
          12275      2.10073e+6 
          12325      2.08511e+6 
          12375      2.06539e+6 
          12425      2.04822e+6 
          12475      2.03096e+6 
          12525       2.0068e+6 
          12575      1.98328e+6 
          12625      1.96816e+6 
          12675       1.9541e+6 
          12725      1.94131e+6 
          12775      1.92005e+6 
          12825       1.8065e+6 
          12875      1.88368e+6 
          12925      1.86604e+6 
          12975      1.85352e+6 
          13025      1.83597e+6 
          13075       1.8233e+6 
          13125      1.79858e+6 
          13175      1.77942e+6 
          13225      1.77444e+6 
          13275      1.75075e+6 
          13325      1.74073e+6 
          13375      1.72503e+6 
          13425      1.71377e+6 
          13475      1.69865e+6 
          13525      1.68145e+6 
          13575      1.66014e+6 
          13625      1.65171e+6 
          13675      1.63697e+6 
          13725      1.61053e+6 
          13775      1.60521e+6 
          13825      1.59303e+6 
          13875      1.58484e+6 
          13925      1.56837e+6 
          13975      1.55663e+6 
          14025      1.53904e+6 
          14075      1.53219e+6 
          14125      1.51283e+6 
          14175       1.5063e+6 
          14225      1.48368e+6 
          14275      1.46719e+6 
          14325      1.46664e+6 
          14375      1.45886e+6 
          14425      1.41248e+6 
          14475       1.4318e+6 
          14525      1.40247e+6 
          14570      1.40385e+6 
          14620       1.3898e+6 
          14675      1.38313e+6 
          14725      1.36238e+6 
          14775      1.35068e+6 
          14825      1.34303e+6 
          14875      1.32285e+6 
          14925      1.33039e+6 
          14975      1.31302e+6 
          15025      1.29335e+6 
          15075      1.27855e+6 
          15125      1.28055e+6 
          15175      1.27191e+6 
          15225      1.26038e+6 
          15275      1.24411e+6 
          15325      1.23236e+6 
          15375      1.23379e+6 
          15425      1.19936e+6 
          15475      1.21436e+6 
          15525      1.20788e+6 
          15575      1.16223e+6 
          15625      1.19919e+6 
          15675      1.16995e+6 
          15725      1.13044e+6 
          15775      1.15489e+6 
          15825      1.15491e+6 
          15875      1.07064e+6 
          15925      1.13305e+6 
          15975      1.13333e+6 
          16050      1.11242e+6 
          16150      1.06263e+6 
          16250       1.0858e+6 
          16350      1.05301e+6 
          16450      1.00167e+6 
          16550      1.02232e+6 
          16650      1.00224e+6 
          16750          970794 
          16850          922141 
          16950          943849 
          17050          918102 
          17150          902444 
          17250          878959 
          17350          824114 
          17450          840936 
          17550          829571 
          17650          811745 
          17750          797445 
          17850          782245 
          17950          769789 
          18050          751754 
          18150          709528 
          18250          718492 
          18350          709720 
          18450          694178 
          18550          681821 
          18650          667707 
          18750          624576 
          18850          641664 
          18950          623254 
          19050          621503 
          19150          609091 
          19250          597999 
          19350          584580 
          19450          551258 
          19550          564410 
          19650          554895 
          19750          542819 
          19850          534869 
          19950          525290 
          20050          517298 
          20150          508958 
          20250          498201 
          20350          487756 
          20450          482369 
          20550          473510 
          20650          463758 
          20750          456404 
          20850          448837 
          20950          439867 
          21050          433464 
          21150          425223 
          21250          418034 
          21350          411276 
          21450          405361 
          21550          398397 
          21650          376704 
          21750          383647 
          21850          377801 
          21950          372888 
          22050          364934 
          22150          359520 
          22250          354454 
          22350          348680 
          22450          343136 
          22550          335663 
          22650          331319 
          22750          326627 
          22850          321012 
          22950          315660 
          23050          311658 
          23150          306385 
          23250          301552 
          23350          296708 
          23450          292648 
          23550          287498 
          23650          283557 
          23750          278816 
          23850          274026 
          23950          270416 
          24050          266101 
          24150          261647 
          24250          258456 
          24350          253484 
          24450          249821 
          24550          246277 
          24650          242931 
          24750          238980 
          24850          235565 
          24950          230316 
          25050          229982 
          25150          226435 
          25250          220095 
          25350          220027 
          25450          216847 
          25550          213341 
          25650          206138 
          25750          207938 
          25850          204066 
          25950          202278 
          26050          199035 
          26150          191808 
          26250          186877 
          26350          190627 
          26450          188074 
          26550          185398 
          26650          181946 
          26750          175934 
          26850          178295 
          26950          176020 
          27050          173407 
          27150          171172 
          27250          168837 
          27350          166587 
          27450          164421 
          27550          157983 
          27650          159129 
          27750          157749 
          27850          155671 
          27950          153706 
          28050          151630 
          28150          149661 
          28250          147650 
          28350          145804 
          28450          143645 
          28550          141947 
          28650          139806 
          28750          134491 
          28850          136376 
          28950          134721 
          29050          133000 
          29150          131180 
          29250          129431 
          29350          127969 
          29450          126237 
          29550          124758 
          29650          123194 
          29750          121626 
          29850          120136 
          29950          118533 
          30050          117061 
          30150          115648 
          30250          114210 
          30350          110305 
          30450          110748 
          30550          110024 
          30650          108601 
          30750          107414 
          30850          105907 
          30950          104665 
          31050          103453 
          31150          101784 
          31250          100945 
          31350         99734.7 
          31450         98564.3 
          31550         97300.9 
          31650         96303.5 
          31750         95062.4 
          31850         94035.6 
          31950           92968 
          32100         91271.5 
          32300           89202 
          32500         87123.3 
          32700         85109.6 
          32900         81902.7 
          33100         81056.7 
          33300         79236.6 
          33500         77571.6 
          33700         75738.1 
          33900         74021.2 
          34100         72387.6 
          34300         70924.6 
          34500         69455.6 
          34700         67928.5 
          34900         66484.1 
          35100         65083.4 
          35300         63667.5 
          35500         62330.4 
          35700         60951.4 
          35900         59768.4 
          36100         58460.4 
          36300         57360.5 
          36500           55959 
          36700         54925.6 
          36900         53523.7 
          37100         52608.8 
          37300         51404.5 
          37500           49794 
          37700         49553.3 
          37900         48583.2 
          38100         47454.4 
          38300         46651.9 
          38500         45817.6 
          38700         44852.2 
          38900         43993.9 
          39100         42899.4 
          39300         42349.3 
          39500         41496.4 
          39700         40742.4 
          39900         39845.1 
          40100         39069.3 
          40300         38225.3 
          40500         37288.2 
          40700         37011.5 
          40900         36314.8 
          41100         35687.9 
          41300         35038.2 
          41500         34360.1 
          41700         33463.7 
          41900         33121.4 
          42100         32458.8 
          42300         31975.9 
          42500         31373.3 
          42700         30836.1 
          42900         30207.4 
          43100         29578.9 
          43300         29059.2 
          43500         28446.1 
          43700         27689.3 
          43900           27416 
          44100           26827 
          44300         26391.4 
          44500         25937.8 
          44700         25423.4 
          44900         25040.5 
          45100         24592.9 
          45300         24141.3 
          45500         23778.5 
          45700           23403 
          45900         22952.8 
          46100         22638.8 
          46300         22252.1 
          46500         21730.1 
          46700         21428.6 
          46900         21241.1 
          47100         20908.2 
          47300         20607.2 
          47500         20258.7 
          47700         19940.2 
          47900         19639.3 
          48100         19300.5 
          48300         19024.7 
          48500         18712.8 
          48700         18421.2 
          48900         18130.6 
          49100         17859.8 
          49300         17569.5 
          49500         17304.8 
          49700         17022.4 
          49900           16797 
          50100           16510 
          50300         16276.2 
          50500         16002.8 
          50700         15777.1 
          50900         15545.8 
          51100         15304.6 
          51300         14980.8 
          51500         14861.8 
          51700           14647 
          51900           14428 
          52100           14212 
          52300         14005.7 
          52500         13814.5 
          52700         13599.9 
          52900         13404.4 
          53100         13229.1 
          53300         13029.8 
          53500         12853.7 
          53700         12648.2 
          53900         12480.7 
          54100         12319.1 
          54300         12129.4 
          54500         11975.4 
          54700           11795 
          54900         11636.5 
          55100         11484.9 
          55300         11296.1 
          55500           11164 
          55700         11023.2 
          55900         10850.5 
          56100         10717.3 
          56300         10568.3 
          56500         10436.5 
          56700         10295.9 
          56900           10149 
          57100         9978.86 
          57300          9886.5 
          57500         9753.57 
          57700         9623.28 
          57900         9495.66 
          58100         9370.58 
          58300         9248.66 
          58500         9130.93 
          58700          9006.9 
          58900         8883.63 
          59100         8711.31 
          59300          8660.7 
          59500         8491.26 
          59700         8437.12 
          59900         8331.29 
          60100         8222.77 
          60300         8120.63 
          60500         8017.11 
          60700         7912.93 
          60900         7811.27 
          61100         7706.43 
          61300         7617.64 
          61500         7523.74 
          61700         7429.25 
          61900         7336.37 
          62100          7245.8 
          62300         7147.05 
          62500         7064.64 
          62700         6977.37 
          62900         6854.51 
          63100         6803.94 
          63300         6727.16 
          63500         6643.85 
          63700         6563.48 
          63900         6482.32 
          64200         6367.68 
          64600         6213.59 
          65000         6064.41 
          65400         5924.68 
          65800         5785.69 
          66200         5650.13 
          66600         5520.05 
          67000         5391.89 
          67400         5267.11 
          67800         5133.77 
          68200         5031.21 
          68600         4917.95 
          69000         4807.29 
          69400         4698.29 
          69800         4596.42 
          70200         4493.44 
          70600         4395.95 
          71000         4299.26 
          71400         4207.26 
          71800         4115.91 
          72200         4026.72 
          72600         3939.51 
          73000         3858.63 
          73400         3776.16 
          73800         3697.61 
          74200         3619.48 
          74600         3528.92 
          75000         3446.95 
          75400         3399.56 
          75800         3330.39 
          76200         3262.55 
          76600          3196.6 
          77000         3131.78 
          77400         3069.31 
          77800         3005.15 
          78200         2948.36 
          78600         2890.07 
          79000         2833.23 
          79400         2777.63 
          79800         2723.53 
          80200         2670.31 
          80600         2618.82 
          81000         2568.95 
          81400          2515.4 
          81800         2471.43 
          82200         2425.08 
          82600         2379.34 
          83000          2334.7 
          83400         2290.48 
          83800         2248.06 
          84200         2206.88 
          84600         2166.38 
          85000         2126.79 
          85400         2087.86 
          85800         2049.96 
          86200         2012.83 
          86600         1973.13 
          87000         1941.44 
          87400         1904.18 
          87800         1870.25 
          88200         1839.48 
          88600         1807.12 
          89000         1775.45 
          89400         1744.61 
          89800         1713.92 
          90200         1684.58 
          90600         1655.83 
          91000         1626.93 
          91400         1599.28 
          91800         1572.37 
          92200         1545.82 
          92600         1519.49 
          93000         1494.25 
          93400         1469.17 
          93800         1441.68 
          94200          1420.8 
          94600         1397.28 
          95000          1374.3 
          95400         1351.46 
          95800         1329.73 
          96200         1308.07 
          96600         1286.97 
          97000         1266.37 
          97400         1245.58 
          97800          1225.8 
          98200         1206.46 
          98600         1186.97 
          99000         1168.67 
          99400         1150.09 
          99800         1132.19 
         100200         1114.54 
         200000         72.4143 
         400000         4.55984 
         600000        0.897528 
         800000        0.282548 
         1.0e+6        0.115155 
         1.2e+6       0.0552772 
         1.4e+6       0.0297136 
         1.6e+6       0.0173517 
