# Kurucz ODFNEW /NOVER models
# teff = 19000 K (value for the effective temperature for the model. Temperatures are given in K)
# logg = 2.50 log(cm/s2) (value for Log(G) for the model.)
# meta = -0.5  (value for the Metallicity for the model.)
# lh = 1.25  (l/Hp where l is the  mixing length of the convective element and Hp is the pressure scale height)
# vtur = 2.0 km/s (Microturbulence velocity)
#
# column 1: WAVELENGTH (ANGSTROM), Wavelength in Angstrom
# column 2: FLUX (ERG/CM2/S/A), Flux in erg/cm2/s/A
              0               0 
           90.9               0 
           93.5               0 
           96.1               0 
           97.7               0 
           99.6               0 
            102               0 
          103.8               0 
          105.6               0 
          107.7               0 
          110.4               0 
            114               0 
          117.8               0 
          121.3               0 
          124.8               0 
          127.1               0 
          128.4               0 
          130.5               0 
          132.4               0 
          133.9               0 
          136.6               0 
          139.8               0 
          143.3     1.20063e-22 
          147.2     1.14668e-21 
            151     8.15735e-21 
          155.2     6.34718e-20 
          158.8     3.38777e-19 
            162     1.41416e-18 
            166     7.82512e-18 
          170.3     4.50954e-17 
          173.4     1.51243e-16 
          176.8     5.43506e-16 
          180.2     1.86207e-15 
          181.7     3.15888e-15 
          186.1     1.41943e-14 
            191     6.97686e-14 
          193.9     1.72327e-13 
          198.4     6.64922e-13 
          201.8      1.7724e-12 
            205     4.32846e-12 
          210.5     1.88211e-11 
          216.2     7.97235e-11 
          219.8     1.90806e-10 
            223     4.04564e-10 
          226.8     9.59875e-10 
            230      1.80802e-8 
            234      4.86959e-8 
            240      1.52942e-7 
          246.5      4.95701e-7 
          252.4      1.38278e-6 
          256.8      2.76546e-6 
            260      4.80342e-6 
            264      8.94368e-6 
          268.5      1.75765e-5 
          273.5      3.62134e-5 
          278.5       7.3027e-5 
            284     0.000154301 
            290     0.000334371 
            296     0.000701337 
            301      0.00126893 
            308      0.00276523 
            318      0.00841053 
            328       0.0228894 
            338       0.0599042 
            348        0.146369 
            357        0.327104 
            366        0.679096 
            375         1.32807 
            385          2.7274 
            395         5.38202 
            405          10.237 
            414         17.8226 
            422         28.3091 
            430         44.3867 
            441         80.3804 
            451         133.887 
            460         206.881 
            470         330.752 
            480         514.717 
            490         789.767 
            500         1187.24 
            506         9641.48 
            512         66470.9 
            520         86168.7 
            530          127614 
            540          144064 
            550          231991 
            560          288194 
            570          378017 
            580          365306 
            590          518818 
            600          686309 
            610          869476 
            620      1.02552e+6 
            630      1.22293e+6 
            640      1.35075e+6 
            650      1.48918e+6 
            658      1.92166e+6 
            665       2.1087e+6 
            675      2.32508e+6 
            685      2.60863e+6 
            695      3.25656e+6 
            705      3.60482e+6 
            716      4.21553e+6 
            726      4.66099e+6 
            735      5.10948e+6 
            745      5.99111e+6 
            755      6.74317e+6 
            765      7.56454e+6 
            775        8.504e+6 
            785      9.46496e+6 
            795      1.03048e+7 
            805      1.12462e+7 
            815      1.21295e+7 
            825      1.35919e+7 
            835      1.37195e+7 
            845      1.55272e+7 
            855      1.67518e+7 
            865      1.83707e+7 
            875       2.0256e+7 
            885      2.23727e+7 
            895       2.4134e+7 
            905      2.48216e+7 
            915      6.67989e+7 
            925      1.36373e+9 
            935      2.69181e+9 
            945       3.9361e+9 
            955      4.60862e+9 
            965      4.58925e+9 
            975      1.05225e+9 
            985      3.64847e+9 
            995      4.06021e+9 
           1005      5.04434e+9 
           1015      5.09536e+9 
           1025      3.61409e+9 
           1035      3.62761e+9 
           1045      6.10069e+9 
           1055      5.65082e+9 
           1065       4.7351e+9 
           1075      5.62899e+9 
           1085      4.83415e+9 
           1095      5.79568e+9 
           1105      5.15223e+9 
           1115       4.9663e+9 
           1125      4.26997e+9 
           1135      5.65232e+9 
           1145      5.24424e+9 
           1155      5.47745e+9 
           1165      5.55647e+9 
           1175      3.75331e+9 
           1185      5.57011e+9 
           1195      4.79743e+9 
           1205      2.48171e+9 
           1215      2.77758e+9 
           1225       4.9178e+9 
           1235      5.52736e+9 
           1245      5.53663e+9 
           1255      5.43464e+9 
           1265       5.3015e+9 
           1275      5.57788e+9 
           1285      5.46309e+9 
           1295      3.72321e+9 
           1305      4.08689e+9 
           1315      5.36308e+9 
           1325      5.06634e+9 
           1335       4.5686e+9 
           1345       5.0834e+9 
           1355      5.04497e+9 
           1365      4.66378e+9 
           1375      4.63284e+9 
           1385      4.61432e+9 
           1395      3.64859e+9 
           1405      3.97834e+9 
           1415      4.28092e+9 
           1425      4.31009e+9 
           1435      4.41744e+9 
           1442      4.52069e+9 
           1447      4.41735e+9 
           1455      4.33494e+9 
           1465      4.08989e+9 
           1475      4.11879e+9 
           1485      4.08416e+9 
           1495      4.01893e+9 
           1505      3.77541e+9 
           1512      3.37932e+9 
           1517      3.52046e+9 
           1525      3.62308e+9 
           1535       3.2043e+9 
           1545      3.26366e+9 
           1555      3.12255e+9 
           1565      3.31289e+9 
           1575      3.48053e+9 
           1585      3.46944e+9 
           1595      3.48545e+9 
           1605      3.45124e+9 
           1615      3.42249e+9 
           1625      3.35669e+9 
           1635      3.52205e+9 
           1645      3.50206e+9 
           1655      3.42051e+9 
           1665      3.52211e+9 
           1672      3.39863e+9 
           1677      3.55788e+9 
           1685      3.51504e+9 
           1695      3.33141e+9 
           1705      3.22766e+9 
           1715      3.06049e+9 
           1725      3.06298e+9 
           1735      3.18083e+9 
           1745      3.09338e+9 
           1755      3.15019e+9 
           1765      3.05195e+9 
           1775      2.93863e+9 
           1785       2.9784e+9 
           1795      3.07533e+9 
           1805      3.09904e+9 
           1815      2.77096e+9 
           1825      2.90458e+9 
           1835      2.82434e+9 
           1845      2.60256e+9 
           1855      2.51699e+9 
           1865      2.58409e+9 
           1875       2.7782e+9 
           1885      2.48151e+9 
           1895      2.30233e+9 
           1905      2.52685e+9 
           1915      2.37109e+9 
           1925      2.27993e+9 
           1935       2.4153e+9 
           1945      2.45067e+9 
           1955      2.23632e+9 
           1967       2.4391e+9 
           1976      2.53098e+9 
           1984      2.36331e+9 
           1995      2.30845e+9 
           2005      2.40337e+9 
           2015      2.37457e+9 
           2025      2.45912e+9 
           2035      2.24316e+9 
           2045      2.29397e+9 
           2055      2.23396e+9 
           2065      2.23579e+9 
           2074      2.39352e+9 
           2078      2.12842e+9 
           2085      2.25879e+9 
           2095      2.13462e+9 
           2105      2.19167e+9 
           2115      2.20426e+9 
           2125      2.23279e+9 
           2135      2.20142e+9 
           2145      2.07393e+9 
           2155      2.17892e+9 
           2165      2.17363e+9 
           2175      2.14987e+9 
           2185      2.08068e+9 
           2195      2.11806e+9 
           2205      2.10029e+9 
           2215      2.06386e+9 
           2225      2.01575e+9 
           2235      2.00914e+9 
           2245      2.02536e+9 
           2255      1.95869e+9 
           2265      1.98997e+9 
           2275      1.96757e+9 
           2285      1.97528e+9 
           2295      1.86576e+9 
           2305       1.9191e+9 
           2315      1.86248e+9 
           2325      1.84134e+9 
           2335      1.77855e+9 
           2345      1.77971e+9 
           2355      1.79805e+9 
           2365       1.7684e+9 
           2375      1.74966e+9 
           2385      1.72641e+9 
           2395      1.72884e+9 
           2405      1.69391e+9 
           2415      1.67965e+9 
           2425      1.68973e+9 
           2435      1.64264e+9 
           2445      1.65161e+9 
           2455      1.65531e+9 
           2465      1.61859e+9 
           2475       1.6005e+9 
           2485      1.58758e+9 
           2495      1.47454e+9 
           2505      1.55644e+9 
           2513      1.49209e+9 
           2518      1.53804e+9 
           2525      1.51103e+9 
           2535       1.4877e+9 
           2545      1.44991e+9 
           2555      1.48048e+9 
           2565      1.45568e+9 
           2575      1.46661e+9 
           2585      1.44903e+9 
           2595      1.43727e+9 
           2605      1.43092e+9 
           2615      1.41245e+9 
           2625      1.40017e+9 
           2635      1.38908e+9 
           2645      1.39297e+9 
           2655      1.38715e+9 
           2665      1.35172e+9 
           2675      1.35358e+9 
           2685      1.34666e+9 
           2695      1.31251e+9 
           2705      1.30622e+9 
           2715      1.29662e+9 
           2725      1.27956e+9 
           2735      1.27959e+9 
           2745      1.23853e+9 
           2755        1.237e+9 
           2765      1.23068e+9 
           2775      1.23685e+9 
           2785      1.21943e+9 
           2795      1.18107e+9 
           2805      1.19392e+9 
           2815      1.19182e+9 
           2825      1.17608e+9 
           2835         1.14e+9 
           2845      1.15044e+9 
           2855      1.13869e+9 
           2865      1.13861e+9 
           2875      1.12614e+9 
           2885      1.11799e+9 
           2895      1.10358e+9 
           2910        1.088e+9 
           2930      1.06728e+9 
           2950      1.04151e+9 
           2970      1.03035e+9 
           2990      1.00949e+9 
           3010      9.85975e+8 
           3030       9.7932e+8 
           3050      9.62307e+8 
           3070      9.45974e+8 
           3090      9.21379e+8 
           3110      9.10967e+8 
           3130      8.95171e+8 
           3150      8.80083e+8 
           3170      8.61774e+8 
           3190      8.42636e+8 
           3210      8.34071e+8 
           3230      8.19042e+8 
           3250      8.06034e+8 
           3270      7.91623e+8 
           3290      7.77401e+8 
           3310      7.65901e+8 
           3330      7.52617e+8 
           3350      7.38824e+8 
           3370      7.27494e+8 
           3390       7.1582e+8 
           3410      7.04242e+8 
           3430      6.88944e+8 
           3450      6.75441e+8 
           3470      6.66238e+8 
           3490      6.56429e+8 
           3510      6.48019e+8 
           3530      6.38732e+8 
           3550      6.28326e+8 
           3570      6.20214e+8 
           3590      6.06015e+8 
           3610      5.95328e+8 
           3630      5.87728e+8 
           3640       5.8658e+8 
           3650      5.74489e+8 
           3670       5.6626e+8 
           3690      5.46746e+8 
           3710      5.61724e+8 
           3730      5.73617e+8 
           3750      6.19458e+8 
           3770      6.13142e+8 
           3790      6.13639e+8 
           3810      6.29531e+8 
           3830      5.77208e+8 
           3850       6.2323e+8 
           3870      6.08426e+8 
           3890      5.57698e+8 
           3910      5.98629e+8 
           3930      5.79502e+8 
           3950      5.79226e+8 
           3970      5.19336e+8 
           3990      5.60951e+8 
           4010      5.51528e+8 
           4030       5.3477e+8 
           4050      5.37033e+8 
           4070      5.24514e+8 
           4090      5.12055e+8 
           4110      4.73007e+8 
           4130      4.98474e+8 
           4150       4.9318e+8 
           4170      4.88545e+8 
           4190      4.83014e+8 
           4210      4.77054e+8 
           4230      4.68995e+8 
           4250      4.60982e+8 
           4270      4.50558e+8 
           4290      4.47287e+8 
           4310      4.39637e+8 
           4330      4.25498e+8 
           4350      3.96152e+8 
           4370       4.2021e+8 
           4390      4.12463e+8 
           4410      4.09561e+8 
           4430      4.03146e+8 
           4450       3.9894e+8 
           4470      3.86498e+8 
           4490      3.86612e+8 
           4510      3.82988e+8 
           4530      3.76971e+8 
           4550      3.71662e+8 
           4570      3.66232e+8 
           4590      3.61421e+8 
           4610      3.55668e+8 
           4630      3.50739e+8 
           4650      3.43757e+8 
           4670      3.41302e+8 
           4690      3.37677e+8 
           4710       3.2833e+8 
           4730        3.263e+8 
           4750      3.21587e+8 
           4770       3.2004e+8 
           4790      3.15385e+8 
           4810      3.10423e+8 
           4830      3.06325e+8 
           4850      2.98966e+8 
           4870      2.75421e+8 
           4890      2.94709e+8 
           4910      2.90844e+8 
           4930      2.83297e+8 
           4950      2.82842e+8 
           4970      2.79746e+8 
           4990      2.75829e+8 
           5010      2.67718e+8 
           5030      2.68482e+8 
           5050      2.62784e+8 
           5070      2.61624e+8 
           5090      2.58249e+8 
           5110      2.54788e+8 
           5130      2.50615e+8 
           5150      2.47621e+8 
           5170      2.45315e+8 
           5190      2.42197e+8 
           5210      2.38481e+8 
           5230      2.36041e+8 
           5250      2.33111e+8 
           5270      2.30043e+8 
           5290      2.27324e+8 
           5310      2.24372e+8 
           5330      2.21591e+8 
           5350      2.18608e+8 
           5370      2.16251e+8 
           5390      2.13508e+8 
           5410      2.10941e+8 
           5430      2.08036e+8 
           5450      2.05586e+8 
           5470      2.03091e+8 
           5490      2.00701e+8 
           5510      1.98341e+8 
           5530       1.9585e+8 
           5550      1.93621e+8 
           5570      1.91189e+8 
           5590      1.88992e+8 
           5610      1.86605e+8 
           5630      1.84533e+8 
           5650       1.8173e+8 
           5670      1.79372e+8 
           5690      1.77136e+8 
           5710      1.75712e+8 
           5730       1.7365e+8 
           5750      1.71453e+8 
           5770      1.69757e+8 
           5790      1.67755e+8 
           5810       1.6581e+8 
           5830      1.63743e+8 
           5850      1.61965e+8 
           5870      1.56806e+8 
           5890      1.57546e+8 
           5910      1.56309e+8 
           5930      1.54378e+8 
           5950      1.52512e+8 
           5970      1.51153e+8 
           5990      1.49211e+8 
           6010      1.47698e+8 
           6030      1.45943e+8 
           6050      1.44352e+8 
           6070      1.42799e+8 
           6090      1.41172e+8 
           6110      1.39613e+8 
           6130      1.38082e+8 
           6150      1.36279e+8 
           6170      1.34922e+8 
           6190      1.33511e+8 
           6210      1.32056e+8 
           6230      1.30599e+8 
           6250       1.2907e+8 
           6270      1.27721e+8 
           6290      1.26338e+8 
           6310      1.24914e+8 
           6330      1.23618e+8 
           6350      1.21972e+8 
           6370      1.20808e+8 
           6390       1.1961e+8 
           6410      1.18342e+8 
           6430      1.17115e+8 
           6450      1.15847e+8 
           6470      1.14475e+8 
           6490      1.13278e+8 
           6510      1.12166e+8 
           6530      1.10941e+8 
           6550      1.08815e+8 
           6570      9.91902e+7 
           6590      1.06778e+8 
           6610      1.06331e+8 
           6630      1.05279e+8 
           6650      1.04221e+8 
           6670      1.02513e+8 
           6690      1.01464e+8 
           6710      1.01035e+8 
           6730      9.99364e+7 
           6750      9.89732e+7 
           6770      9.79617e+7 
           6790       9.6642e+7 
           6810      9.59126e+7 
           6830      9.49479e+7 
           6850      9.40089e+7 
           6870      9.30634e+7 
           6890      9.20953e+7 
           6910      9.11606e+7 
           6930      9.02429e+7 
           6950      8.93654e+7 
           6970      8.84733e+7 
           6990       8.7567e+7 
           7010      8.67075e+7 
           7030      8.58414e+7 
           7050      8.49837e+7 
           7070      8.29433e+7 
           7090      8.33306e+7 
           7110      8.23332e+7 
           7130      8.15681e+7 
           7150       8.0884e+7 
           7170      8.00818e+7 
           7190      7.93233e+7 
           7210      7.85504e+7 
           7230      7.69924e+7 
           7250      7.69909e+7 
           7270      7.62828e+7 
           7290      7.50072e+7 
           7310      7.48087e+7 
           7330      7.40994e+7 
           7350       7.3397e+7 
           7370      7.27009e+7 
           7390      7.20045e+7 
           7410      7.13212e+7 
           7430      7.06308e+7 
           7450      6.99806e+7 
           7470       6.9262e+7 
           7490      6.86642e+7 
           7510      6.79917e+7 
           7530      6.73718e+7 
           7550      6.67578e+7 
           7570      6.61357e+7 
           7590       6.5513e+7 
           7610      6.48967e+7 
           7630      6.43019e+7 
           7650       6.3708e+7 
           7670      6.31246e+7 
           7690      6.25373e+7 
           7710      6.19578e+7 
           7730      6.13948e+7 
           7750      6.08306e+7 
           7770      6.01081e+7 
           7790      5.97351e+7 
           7810      5.91473e+7 
           7830      5.86562e+7 
           7850      5.81462e+7 
           7870      5.76162e+7 
           7890       5.7016e+7 
           7910      5.65337e+7 
           7930      5.59713e+7 
           7950      5.54397e+7 
           7970      5.49478e+7 
           7990      5.44894e+7 
           8010      5.39887e+7 
           8030      5.35525e+7 
           8050        5.311e+7 
           8070      5.26654e+7 
           8090      5.21024e+7 
           8110      5.16419e+7 
           8130      5.13119e+7 
           8150      5.07579e+7 
           8170      5.04284e+7 
           8190      4.99433e+7 
           8210      4.92838e+7 
           8230       4.8954e+7 
           8250      4.85703e+7 
           8270      4.79014e+7 
           8290      4.76679e+7 
           8310      4.72695e+7 
           8330      4.68468e+7 
           8350      4.62667e+7 
           8370      4.58104e+7 
           8390      4.55001e+7 
           8410      4.50618e+7 
           8430      4.47575e+7 
           8450      4.41672e+7 
           8470      4.35215e+7 
           8490      4.41351e+7 
           8510      4.26176e+7 
           8530      4.36606e+7 
           8550      4.14508e+7 
           8570      4.35293e+7 
           8590      4.15977e+7 
           8610      4.11582e+7 
           8630      4.28179e+7 
           8650      4.19721e+7 
           8670      3.89421e+7 
           8690      4.19389e+7 
           8710      4.17917e+7 
           8730      4.08233e+7 
           8750      3.76102e+7 
           8770      4.01191e+7 
           8790      4.04156e+7 
           8810      4.00304e+7 
           8830      3.97342e+7 
           8850      3.84025e+7 
           8870      3.59382e+7 
           8890      3.87056e+7 
           8910        3.844e+7 
           8930       3.8091e+7 
           8950      3.78728e+7 
           8970      3.75808e+7 
           8990      3.69662e+7 
           9010      3.41691e+7 
           9030      3.57284e+7 
           9050      3.63546e+7 
           9070      3.58546e+7 
           9090      3.56987e+7 
           9110      3.55035e+7 
           9130      3.52379e+7 
           9150      3.49603e+7 
           9170      3.46065e+7 
           9190      3.44021e+7 
           9210      3.35657e+7 
           9230      3.08609e+7 
           9250      3.32686e+7 
           9270      3.32149e+7 
           9290      3.30734e+7 
           9310      3.27095e+7 
           9330      3.25287e+7 
           9350      3.22888e+7 
           9370      3.20592e+7 
           9390       3.1811e+7 
           9410      3.15226e+7 
           9430      3.13214e+7 
           9450      3.10795e+7 
           9470      3.07017e+7 
           9490      3.06019e+7 
           9510      3.01468e+7 
           9530      2.95528e+7 
           9550      2.73291e+7 
           9570      2.95095e+7 
           9590      2.94533e+7 
           9610      2.91546e+7 
           9630      2.88655e+7 
           9650      2.87892e+7 
           9670      2.85704e+7 
           9690      2.83318e+7 
           9710      2.80665e+7 
           9730      2.79314e+7 
           9750      2.77198e+7 
           9770      2.75149e+7 
           9790      2.73086e+7 
           9810      2.71007e+7 
           9830       2.6902e+7 
           9850      2.67036e+7 
           9870      2.65011e+7 
           9890      2.62997e+7 
           9910      2.60425e+7 
           9930       2.5922e+7 
           9950      2.57312e+7 
           9970      2.55375e+7 
           9990      2.53545e+7 
          10025      2.45942e+7 
          10075      2.38652e+7 
          10125      2.40839e+7 
          10175      2.36997e+7 
          10225       2.3266e+7 
          10275      2.28613e+7 
          10325      2.23899e+7 
          10375      2.20594e+7 
          10425      2.16716e+7 
          10475      2.12921e+7 
          10525      2.09192e+7 
          10575      2.05578e+7 
          10625       2.0203e+7 
          10675      1.98217e+7 
          10725      1.95149e+7 
          10775      1.91817e+7 
          10825      1.86586e+7 
          10875      1.85368e+7 
          10925      1.74124e+7 
          10975      1.78309e+7 
          11025       1.7548e+7 
          11075      1.73251e+7 
          11125      1.70389e+7 
          11175      1.67576e+7 
          11225      1.64732e+7 
          11275      1.62026e+7 
          11325      1.59415e+7 
          11375       1.5689e+7 
          11425      1.54328e+7 
          11475       1.5187e+7 
          11525      1.49432e+7 
          11575      1.47019e+7 
          11625      1.44687e+7 
          11675      1.42397e+7 
          11725      1.40157e+7 
          11775      1.37926e+7 
          11825      1.35792e+7 
          11875      1.33676e+7 
          11925      1.31599e+7 
          11975      1.28907e+7 
          12025      1.27561e+7 
          12075        1.256e+7 
          12125      1.23677e+7 
          12175      1.21789e+7 
          12225      1.19941e+7 
          12275      1.18123e+7 
          12325      1.16341e+7 
          12375      1.14593e+7 
          12425       1.1288e+7 
          12475      1.11171e+7 
          12525       1.0935e+7 
          12575      1.07906e+7 
          12625      1.06323e+7 
          12675      1.04765e+7 
          12725      1.03232e+7 
          12775      1.00824e+7 
          12825      9.60511e+6 
          12875      9.87292e+6 
          12925      9.73669e+6 
          12975      9.55552e+6 
          13025       9.4592e+6 
          13075      9.32418e+6 
          13125       9.1914e+6 
          13175      9.06033e+6 
          13225      8.93295e+6 
          13275      8.80718e+6 
          13325      8.68352e+6 
          13375      8.56207e+6 
          13425      8.43529e+6 
          13475      8.32548e+6 
          13525      8.21009e+6 
          13575      8.09697e+6 
          13625       7.9853e+6 
          13675      7.87606e+6 
          13725      7.76837e+6 
          13775      7.66323e+6 
          13825      7.55921e+6 
          13875       7.4571e+6 
          13925      7.35505e+6 
          13975       7.2572e+6 
          14025      7.16072e+6 
          14075      7.06545e+6 
          14125      6.97131e+6 
          14175       6.8791e+6 
          14225      6.78838e+6 
          14275      6.69895e+6 
          14325      6.61114e+6 
          14375      6.52456e+6 
          14425       6.4396e+6 
          14475      6.35581e+6 
          14525      6.27355e+6 
          14570      6.20079e+6 
          14620      6.11843e+6 
          14675      6.03296e+6 
          14725      5.95625e+6 
          14775      5.88064e+6 
          14825      5.80674e+6 
          14875      5.73356e+6 
          14925      5.66086e+6 
          14975      5.58921e+6 
          15025      5.51684e+6 
          15075      5.43806e+6 
          15125      5.37663e+6 
          15175      5.30917e+6 
          15225      5.25275e+6 
          15275      5.16854e+6 
          15325      5.10424e+6 
          15375       5.0631e+6 
          15425      4.96163e+6 
          15475      4.94583e+6 
          15525      4.89135e+6 
          15575      4.75828e+6 
          15625      4.79143e+6 
          15675      4.70159e+6 
          15725      4.58413e+6 
          15775      4.62808e+6 
          15825       4.5733e+6 
          15875      4.37637e+6 
          15925      4.45707e+6 
          15975      4.42745e+6 
          16050      4.33836e+6 
          16150      4.16649e+6 
          16250      4.14904e+6 
          16350      4.04081e+6 
          16450      3.88378e+6 
          16550      3.86975e+6 
          16650      3.78182e+6 
          16750      3.68349e+6 
          16850      3.54316e+6 
          16950      3.53254e+6 
          17050      3.44225e+6 
          17150      3.37788e+6 
          17250      3.30389e+6 
          17350      3.15879e+6 
          17450      3.15993e+6 
          17550       3.0932e+6 
          17650      3.02667e+6 
          17750      2.96195e+6 
          17850      2.89776e+6 
          17950      2.83773e+6 
          18050      2.77724e+6 
          18150      2.66129e+6 
          18250      2.65822e+6 
          18350      2.60796e+6 
          18450       2.5542e+6 
          18550      2.49991e+6 
          18650      2.44014e+6 
          18750      2.34356e+6 
          18850      2.35259e+6 
          18950      2.30453e+6 
          19050      2.25341e+6 
          19150      2.21432e+6 
          19250      2.17043e+6 
          19350      2.12763e+6 
          19450      2.03491e+6 
          19550      2.04293e+6 
          19650       2.0056e+6 
          19750       1.9668e+6 
          19850      1.92905e+6 
          19950      1.89207e+6 
          20050      1.85609e+6 
          20150      1.82083e+6 
          20250      1.78653e+6 
          20350      1.75292e+6 
          20450       1.7196e+6 
          20550      1.68488e+6 
          20650      1.65694e+6 
          20750       1.6264e+6 
          20850      1.59654e+6 
          20950      1.56734e+6 
          21050      1.53888e+6 
          21150      1.50609e+6 
          21250      1.48377e+6 
          21350      1.45709e+6 
          21450      1.43085e+6 
          21550      1.40551e+6 
          21650      1.34586e+6 
          21750      1.35581e+6 
          21850      1.33199e+6 
          21950      1.30932e+6 
          22050      1.28663e+6 
          22150      1.26436e+6 
          22250      1.24229e+6 
          22350      1.22117e+6 
          22450       1.2003e+6 
          22550       1.1799e+6 
          22650      1.15988e+6 
          22750      1.14025e+6 
          22850      1.12098e+6 
          22950      1.10229e+6 
          23050      1.08367e+6 
          23150      1.06596e+6 
          23250      1.04838e+6 
          23350       1.0312e+6 
          23450      1.01427e+6 
          23550          997727 
          23650          981428 
          23750          965566 
          23850          949868 
          23950          934531 
          24050          919350 
          24150          904324 
          24250          890989 
          24350          875871 
          24450          861535 
          24550          849594 
          24650          834964 
          24750          820973 
          24850          811694 
          24950          792975 
          25050          787018 
          25150          775113 
          25250          754922 
          25350          752086 
          25450          741824 
          25550          729740 
          25650          707741 
          25750          708392 
          25850          698241 
          25950          687835 
          26050          676179 
          26150          653170 
          26250          640273 
          26350          647633 
          26450          638651 
          26550          628881 
          26650          619608 
          26750          597241 
          26850          601683 
          26950          593802 
          27050          585303 
          27150          576960 
          27250          568727 
          27350          560696 
          27450          552769 
          27550          533376 
          27650          535192 
          27750          529874 
          27850          522481 
          27950          515277 
          28050          508115 
          28150          501136 
          28250          494244 
          28350          487481 
          28450          480849 
          28550          474158 
          28650          466999 
          28750          450492 
          28850          455388 
          28950          449266 
          29050          443276 
          29150          437370 
          29250          431572 
          29350          425858 
          29450          420249 
          29550          414727 
          29650          409298 
          29750          403955 
          29850          398697 
          29950          393526 
          30050          388435 
          30150          383402 
          30250          378500 
          30350          366481 
          30450          366271 
          30550          364188 
          30650          359577 
          30750          354990 
          30850          350532 
          30950          346155 
          31050          341820 
          31150          337539 
          31250          333327 
          31350          329211 
          31450          325140 
          31550          321129 
          31650          317177 
          31750          313292 
          31850          309464 
          31950          305689 
          32100          300143 
          32300          292937 
          32500          285948 
          32700          279163 
          32900          268456 
          33100          265624 
          33300          259735 
          33500          253776 
          33700          247937 
          33900          242266 
          34100          236754 
          34300          231397 
          34500          226193 
          34700          221128 
          34900          216197 
          35100          211417 
          35300          206764 
          35500          202201 
          35700          197755 
          35900          193751 
          36100          189239 
          36300          185665 
          36500          181181 
          36700          177953 
          36900          173443 
          37100          170294 
          37300          165897 
          37500          161001 
          37700          160122 
          37900          156828 
          38100          152949 
          38300          150051 
          38500          147439 
          38700          144468 
          38900          141539 
          39100          137456 
          39300          135985 
          39500          133295 
          39700          130677 
          39900          128118 
          40100          125126 
          40300          121995 
          40500          119114 
          40700          118492 
          40900          116228 
          41100          114018 
          41300          111783 
          41500          109750 
          41700          106217 
          41900          105682 
          42100          103721 
          42300          101802 
          42500         99886.4 
          42700         98097.5 
          42900         96159.3 
          43100         94559.3 
          43300         92849.9 
          43500         91177.7 
          43700         88354.5 
          43900         87813.4 
          44100         86385.2 
          44300         84856.6 
          44500           83363 
          44700         81998.3 
          44900         80566.8 
          45100         79166.8 
          45300         77797.3 
          45500         76456.1 
          45700         75144.5 
          45900         73859.9 
          46100         72580.4 
          46300         71373.1 
          46500         68895.9 
          46700         67802.9 
          46900         67715.6 
          47100         66705.3 
          47300         65598.5 
          47500         64514.7 
          47700         63453.2 
          47900           62412 
          48100         61394.2 
          48300         60395.9 
          48500         59416.8 
          48700         58459.5 
          48900         57519.1 
          49100         56599.9 
          49300         55696.9 
          49500         54814.1 
          49700         53916.2 
          49900         53097.4 
          50100         52264.6 
          50300         51398.8 
          50500         50646.9 
          50700         49861.2 
          50900         49007.7 
          51100         48314.6 
          51300         46774.8 
          51500         46863.9 
          51700         46042.4 
          51900         45454.8 
          52100         44769.2 
          52300         44095.6 
          52500         43406.1 
          52700         42658.1 
          52900           42149 
          53100         41524.9 
          53300         40911.5 
          53500         40310.1 
          53700           39608 
          53900         39042.3 
          54100         38568.9 
          54300         38010.4 
          54500         37460.6 
          54700         36921.5 
          54900         36391.8 
          55100           35845 
          55300         35119.5 
          55500         34858.1 
          55700         34365.5 
          55900         33881.3 
          56100         33405.6 
          56300         32937.9 
          56500         32478.6 
          56700         32026.2 
          56900         31582.5 
          57100         30825.6 
          57300         30711.6 
          57500         30296.7 
          57700         29883.5 
          57900         29476.2 
          58100         29076.1 
          58300         28681.9 
          58500         28315.5 
          58700         27934.8 
          58900         27540.2 
          59100         26685.3 
          59300         26820.6 
          59500         26135.2 
          59700           26047 
          59900           25781 
          60100         25442.8 
          60300         25109.6 
          60500         24781.2 
          60700         24459.7 
          60900         24141.8 
          61100         23830.7 
          61300           23523 
          61500         23220.9 
          61700         22924.1 
          61900         22631.7 
          62100         22343.5 
          62300         22060.5 
          62500         21781.6 
          62700         21498.2 
          62900         20879.9 
          63100         20948.3 
          63300           20709 
          63500         20451.7 
          63700         20197.2 
          63900         19947.3 
          64200         19580.3 
          64600           19103 
          65000         18640.3 
          65400         18191.9 
          65800         17756.5 
          66200         17333.7 
          66600           16924 
          67000         16526.1 
          67400         16133.2 
          67800         15613.1 
          68200         15394.9 
          68600         15046.9 
          69000         14703.7 
          69400         14359.4 
          69800         14044.5 
          70200         13729.7 
          70600         13422.7 
          71000           13109 
          71400         12834.7 
          71800         12552.5 
          72200         12278.6 
          72600         11989.3 
          73000         11751.5 
          73400         11499.3 
          73800         11253.3 
          74200         10998.8 
          74600         10656.5 
          75000         10328.1 
          75400         10326.2 
          75800         10117.8 
          76200         9908.05 
          76600         9704.04 
          77000         9504.98 
          77400         9310.77 
          77800         9078.97 
          78200         8937.68 
          78600          8757.9 
          79000         8582.52 
          79400            8412 
          79800         8245.07 
          80200         8082.79 
          80600         7923.87 
          81000         7769.45 
          81400          7573.9 
          81800         7463.39 
          82200         7327.38 
          82600         7187.01 
          83000          7050.1 
          83400         6916.54 
          83800         6785.77 
          84200         6658.21 
          84600          6533.8 
          85000         6411.96 
          85400         6293.15 
          85800         6177.31 
          86200         6063.84 
          86600         5896.92 
          87000         5843.82 
          87400         5704.15 
          87800         5600.48 
          88200         5533.84 
          88600         5435.03 
          89000         5338.25 
          89400         5243.91 
          89800         5151.06 
          90200         5060.56 
          90600         4971.91 
          91000         4885.54 
          91400         4800.94 
          91800         4718.04 
          92200         4636.86 
          92600         4554.27 
          93000         4479.92 
          93400         4403.62 
          93800         4283.91 
          94200         4251.87 
          94600         4185.13 
          95000         4113.21 
          95400         4043.24 
          95800         3979.83 
          96200         3914.24 
          96600         3849.96 
          97000         3786.95 
          97400         3725.31 
          97800         3664.84 
          98200         3604.31 
          98600         3540.52 
          99000         3490.69 
          99400         3434.99 
          99800         3380.34 
         100200         3326.77 
         200000         208.614 
         400000         12.8406 
         600000         2.50986 
         800000         0.78819 
         1.0e+6        0.320955 
         1.2e+6        0.154044 
         1.4e+6       0.0828057 
         1.6e+6       0.0483643 
