# Kurucz ODFNEW /NOVER models
# teff = 3500 K (value for the effective temperature for the model. Temperatures are given in K)
# logg = 4.50 log(cm/s2) (value for Log(G) for the model.)
# meta = -0.5  (value for the Metallicity for the model.)
# lh = 1.25  (l/Hp where l is the  mixing length of the convective element and Hp is the pressure scale height)
# vtur = 2.0 km/s (Microturbulence velocity)
#
# column 1: WAVELENGTH (ANGSTROM), Wavelength in Angstrom
# column 2: FLUX (ERG/CM2/S/A), Flux in erg/cm2/s/A
              0               0 
           90.9               0 
           93.5               0 
           96.1               0 
           97.7               0 
           99.6               0 
            102               0 
          103.8               0 
          105.6               0 
          107.7               0 
          110.4               0 
            114               0 
          117.8               0 
          121.3               0 
          124.8               0 
          127.1               0 
          128.4               0 
          130.5               0 
          132.4               0 
          133.9               0 
          136.6               0 
          139.8               0 
          143.3               0 
          147.2               0 
            151               0 
          155.2               0 
          158.8               0 
            162               0 
            166               0 
          170.3               0 
          173.4               0 
          176.8               0 
          180.2               0 
          181.7               0 
          186.1               0 
            191               0 
          193.9               0 
          198.4               0 
          201.8               0 
            205               0 
          210.5               0 
          216.2               0 
          219.8               0 
            223               0 
          226.8               0 
            230               0 
            234               0 
            240               0 
          246.5               0 
          252.4               0 
          256.8               0 
            260               0 
            264               0 
          268.5               0 
          273.5               0 
          278.5               0 
            284               0 
            290               0 
            296               0 
            301               0 
            308               0 
            318               0 
            328               0 
            338               0 
            348               0 
            357               0 
            366               0 
            375               0 
            385               0 
            395               0 
            405               0 
            414               0 
            422               0 
            430               0 
            441               0 
            451               0 
            460               0 
            470               0 
            480               0 
            490               0 
            500               0 
            506               0 
            512               0 
            520               0 
            530               0 
            540               0 
            550               0 
            560               0 
            570               0 
            580               0 
            590               0 
            600               0 
            610               0 
            620               0 
            630               0 
            640               0 
            650               0 
            658               0 
            665               0 
            675               0 
            685               0 
            695               0 
            705               0 
            716               0 
            726               0 
            735               0 
            745     5.47394e-25 
            755     1.43264e-24 
            765     3.65108e-24 
            775     9.06788e-24 
            785     2.19787e-23 
            795     5.19223e-23 
            805     1.20276e-22 
            815     2.72385e-22 
            825     6.03821e-22 
            835     1.31165e-21 
            845     2.78855e-21 
            855     5.78989e-21 
            865      1.1801e-20 
            875      2.3628e-20 
            885     4.64376e-20 
            895     9.02714e-20 
            905      1.7129e-19 
            915     3.27199e-17 
            925     1.71672e-16 
            935     3.21381e-16 
            945     6.21821e-16 
            955     1.24627e-15 
            965     2.35191e-15 
            975     4.47143e-15 
            985     8.28381e-15 
            995      1.5358e-14 
           1005     2.58751e-14 
           1015     4.63788e-14 
           1025     8.34122e-14 
           1035     1.46672e-13 
           1045     2.84349e-13 
           1055     4.15782e-13 
           1065     7.64306e-13 
           1075     1.24785e-12 
           1085      1.7101e-12 
           1095     2.59266e-12 
           1105     4.08686e-12 
           1115     6.95629e-12 
           1125     1.05084e-11 
           1135     1.76351e-11 
           1145     2.58474e-11 
           1155     4.10443e-11 
           1165     6.21128e-11 
           1175     1.07082e-10 
           1185     1.54443e-10 
           1195     2.28382e-10 
           1205     3.36769e-10 
           1215     3.00548e-10 
           1225     6.95129e-10 
           1235     9.68608e-10 
           1245      1.37691e-9 
           1255      2.15812e-9 
           1265      3.12666e-9 
           1275      4.74637e-9 
           1285      6.53314e-9 
           1295      9.52863e-9 
           1305      1.34628e-8 
           1315      1.85023e-8 
           1325      2.53832e-8 
           1335      3.33666e-8 
           1345      4.61983e-8 
           1355      6.10066e-8 
           1365      7.94072e-8 
           1375      9.08458e-8 
           1385      1.19876e-7 
           1395      1.53567e-7 
           1405      2.06741e-7 
           1415      2.61066e-7 
           1425      3.04502e-7 
           1435      4.29489e-7 
           1442      5.29377e-7 
           1447      5.29035e-7 
           1455      6.56842e-7 
           1465      8.72795e-7 
           1475       1.0672e-6 
           1485      1.28518e-6 
           1495      1.73176e-6 
           1505      2.23341e-6 
           1512      2.28331e-6 
           1517      2.59848e-6 
           1525      3.20271e-6 
           1535      4.04738e-6 
           1545      5.69998e-6 
           1555      7.22932e-6 
           1565      8.84673e-6 
           1575      9.60571e-6 
           1585      1.15881e-5 
           1595      1.40506e-5 
           1605      1.73446e-5 
           1615      2.13611e-5 
           1625      2.65076e-5 
           1635      3.23215e-5 
           1645      3.90746e-5 
           1655      4.92922e-5 
           1665       5.8515e-5 
           1672      6.64901e-5 
           1677      7.13722e-5 
           1685      8.46761e-5 
           1695      0.00010227 
           1705     0.000124519 
           1715     0.000147504 
           1725     0.000174994 
           1735     0.000209201 
           1745      0.00024546 
           1755     0.000291059 
           1765     0.000342735 
           1775     0.000402927 
           1785     0.000502686 
           1795     0.000557911 
           1805     0.000709792 
           1815     0.000771867 
           1825     0.000935496 
           1835      0.00104226 
           1845      0.00127915 
           1855      0.00135331 
           1865      0.00169019 
           1875      0.00185588 
           1885      0.00219631 
           1895      0.00249798 
           1905      0.00288582 
           1915      0.00342189 
           1925      0.00356078 
           1935      0.00384625 
           1945      0.00484947 
           1955      0.00596524 
           1967      0.00667944 
           1976      0.00762978 
           1984      0.00893756 
           1995      0.00948636 
           2005       0.0108858 
           2015       0.0121391 
           2025       0.0134463 
           2035       0.0152694 
           2045       0.0164654 
           2055        0.019005 
           2065       0.0205221 
           2074       0.0207919 
           2078       0.0246624 
           2085       0.0318494 
           2095       0.0571839 
           2105       0.0803771 
           2115       0.0771192 
           2125        0.101107 
           2135        0.134841 
           2145       0.0947512 
           2155        0.135327 
           2165        0.131741 
           2175        0.147534 
           2185        0.138927 
           2195        0.263835 
           2205        0.205721 
           2215        0.293469 
           2225        0.233315 
           2235        0.459357 
           2245        0.486428 
           2255        0.762495 
           2265        0.303612 
           2275        0.745653 
           2285        0.589299 
           2295         1.29684 
           2305        0.379933 
           2315         2.05453 
           2325         1.14184 
           2335         2.34279 
           2345         1.36647 
           2355        0.911933 
           2365         1.49716 
           2375         1.24027 
           2385         3.15924 
           2395         2.56742 
           2405         7.05648 
           2415         2.97749 
           2425         4.18954 
           2435         7.44855 
           2445         12.1293 
           2455         15.4173 
           2465         7.01415 
           2475         17.4041 
           2485         3.47855 
           2495         4.77578 
           2505         12.2672 
           2513          7.3942 
           2518         9.12188 
           2525          12.404 
           2535         41.5902 
           2545          54.466 
           2555         58.7716 
           2565         21.2872 
           2575         45.7648 
           2585         24.9281 
           2595         36.6277 
           2605         57.6309 
           2615         44.3633 
           2625         93.9771 
           2635         173.704 
           2645           119.9 
           2655         179.503 
           2665         143.537 
           2675         118.437 
           2685         179.434 
           2695         102.219 
           2705         231.315 
           2715         213.909 
           2725          162.82 
           2735         164.492 
           2745         284.734 
           2755         258.747 
           2765         409.376 
           2775         559.032 
           2785         301.124 
           2795         480.879 
           2805         473.414 
           2815         409.681 
           2825         411.639 
           2835         291.148 
           2845         154.318 
           2855         55.6382 
           2865         315.058 
           2875         417.575 
           2885         814.863 
           2895         1020.46 
           2910         1288.51 
           2930         1557.27 
           2950         1474.28 
           2970         1383.38 
           2990         1697.46 
           3010         1803.25 
           3030         2237.67 
           3050         2796.69 
           3070         2836.24 
           3090         2420.91 
           3110         4120.56 
           3130         4269.94 
           3150         5995.04 
           3170         9277.59 
           3190         7911.76 
           3210         10061.6 
           3230         10945.6 
           3250         16396.4 
           3270         21994.9 
           3290         27435.6 
           3310         22782.8 
           3330         25410.9 
           3350         22386.6 
           3370         15124.7 
           3390         21338.2 
           3410         24840.4 
           3430           27453 
           3450         21484.6 
           3470         21614.1 
           3490         29502.9 
           3510         39076.1 
           3530         40300.5 
           3550         60548.8 
           3570         27992.1 
           3590         23256.4 
           3610         35478.6 
           3630         47885.8 
           3640         51393.1 
           3650         55681.7 
           3670         77673.8 
           3690         62930.9 
           3710         46343.7 
           3730         20437.5 
           3750         27834.5 
           3770         68227.1 
           3790         78285.7 
           3810         74066.1 
           3830           32719 
           3850           55458 
           3870         50869.1 
           3890         52341.7 
           3910         72804.9 
           3930         30155.8 
           3950         52352.2 
           3970         42499.2 
           3990          111475 
           4010          148637 
           4030          111508 
           4050          138978 
           4070          133029 
           4090          160731 
           4110          105458 
           4130          127186 
           4150          119869 
           4170          124147 
           4190          130218 
           4210         94454.1 
           4230           38648 
           4250          103380 
           4270          120243 
           4290          120844 
           4310          142025 
           4330          192947 
           4350          201699 
           4370          215205 
           4390          191392 
           4410          194776 
           4430          190462 
           4450          203637 
           4470          229422 
           4490          241715 
           4510          263321 
           4530          220686 
           4550          249558 
           4570          272037 
           4590          245156 
           4610          260229 
           4630          254752 
           4650          240909 
           4670          263604 
           4690          257027 
           4710          258296 
           4730          248455 
           4750          251493 
           4770          170691 
           4790          194045 
           4810          217153 
           4830          230781 
           4850          263235 
           4870          277772 
           4890          298963 
           4910          311676 
           4930          304640 
           4950          278506 
           4970          191653 
           4990          204251 
           5010          165686 
           5030          193793 
           5050          188834 
           5070          191348 
           5090          190095 
           5110          193241 
           5130          188201 
           5150          174669 
           5170          156675 
           5190          164252 
           5210          204256 
           5230          343056 
           5250          345916 
           5270          314063 
           5290          390755 
           5310          425804 
           5330          384781 
           5350          412919 
           5370          405853 
           5390          412946 
           5410          412667 
           5430          411486 
           5450          357775 
           5470          347079 
           5490          378680 
           5510          349777 
           5530          406408 
           5550          428619 
           5570          432211 
           5590          389316 
           5610          344171 
           5630          375661 
           5650          413956 
           5670          408383 
           5690          440272 
           5710          441714 
           5730          483625 
           5750          507648 
           5770          477339 
           5790          495611 
           5810          499059 
           5830          506889 
           5850          465868 
           5870          396751 
           5890          164529 
           5910          312369 
           5930          388183 
           5950          408512 
           5970          426062 
           5990          457471 
           6010          470650 
           6030          505537 
           6050          523917 
           6070          540214 
           6090          552568 
           6110          545709 
           6130          524439 
           6150          555219 
           6170          376048 
           6190          413177 
           6210          403907 
           6230          354592 
           6250          383563 
           6270          435667 
           6290          465892 
           6310          498825 
           6330          519321 
           6350          540406 
           6370          532087 
           6390          543440 
           6410          550965 
           6430          520955 
           6450          515085 
           6470          539947 
           6490          522592 
           6510          558864 
           6530          593613 
           6550          577769 
           6570          574136 
           6590          585297 
           6610          585357 
           6630          575110 
           6650          536754 
           6670          509524 
           6690          446772 
           6710          452947 
           6730          395147 
           6750          412263 
           6770          458739 
           6790          421352 
           6810          456419 
           6830          488023 
           6850          510592 
           6870          517487 
           6890          553642 
           6910          594872 
           6930          590312 
           6950          621791 
           6970          653823 
           6990          662170 
           7010          678182 
           7030          691471 
           7050          645600 
           7070          496312 
           7090          449389 
           7110          442347 
           7130          366919 
           7150          369482 
           7170          413291 
           7190          477231 
           7210          461803 
           7230          531169 
           7250          570214 
           7270          617638 
           7290          645375 
           7310          672842 
           7330          683569 
           7350          700288 
           7370          725552 
           7390          737564 
           7410          741273 
           7430          749505 
           7450          751052 
           7470          756418 
           7490          759839 
           7510          764549 
           7530          768797 
           7550          768563 
           7570          770029 
           7590          738901 
           7610          723054 
           7630          704773 
           7650          696265 
           7670          615453 
           7690          642152 
           7710          616751 
           7730          664715 
           7750          649935 
           7770          654207 
           7790          661345 
           7810          684210 
           7830          679246 
           7850          685386 
           7870          700216 
           7890          718216 
           7910          712841 
           7930          721531 
           7950          722017 
           7970          744613 
           7990          742364 
           8010          748234 
           8030          753333 
           8050          756397 
           8070          755951 
           8090          763727 
           8110          767010 
           8130          772020 
           8150          773794 
           8170          772889 
           8190          705484 
           8210          738437 
           8230          750536 
           8250          751939 
           8270          750785 
           8290          739108 
           8310          735064 
           8330          729203 
           8350          733226 
           8370          729671 
           8390          694406 
           8410          733133 
           8430          694724 
           8450          711647 
           8470          699940 
           8490          710496 
           8510          688174 
           8530          711357 
           8550          662116 
           8570          731353 
           8590          734027 
           8610          737382 
           8630          744891 
           8650          745530 
           8670          681152 
           8690          719775 
           8710          755804 
           8730          753828 
           8750          754569 
           8770          751963 
           8790          759078 
           8810          746654 
           8830          744193 
           8850          751658 
           8870          680421 
           8890          687373 
           8910          700756 
           8930          703811 
           8950          694508 
           8970          702558 
           8990          714259 
           9010          705660 
           9030          717832 
           9050          727311 
           9070          733358 
           9090          724664 
           9110          730064 
           9130          737082 
           9150          739804 
           9170          740748 
           9190          742568 
           9210          738545 
           9230          735835 
           9250          731907 
           9270          729059 
           9290          720161 
           9310          725720 
           9330          725297 
           9350          726592 
           9370          720446 
           9390          724817 
           9410          724377 
           9430          725501 
           9450          718384 
           9470          723963 
           9490          725057 
           9510          723927 
           9530          722551 
           9550          710439 
           9570          717880 
           9590          721771 
           9610          709264 
           9630          717982 
           9650          686771 
           9670          692554 
           9690          705705 
           9710          699886 
           9730          687820 
           9750          689082 
           9770          695027 
           9790          677408 
           9810          699898 
           9830          691519 
           9850          697410 
           9870          698415 
           9890          698636 
           9910          694745 
           9930          693669 
           9950          694841 
           9970          695884 
           9990          695024 
          10025          690254 
          10075          688728 
          10125          689073 
          10175          685811 
          10225          684669 
          10275          683767 
          10325          675217 
          10375          675444 
          10425          677333 
          10475          670986 
          10525          672279 
          10575          666307 
          10625          666592 
          10675          659238 
          10725          656740 
          10775          657052 
          10825          649773 
          10875          649674 
          10925          643582 
          10975          636639 
          11025          630937 
          11075          626206 
          11125          619647 
          11175          616256 
          11225          616490 
          11275          608810 
          11325          604064 
          11375          594282 
          11425          587012 
          11475          598560 
          11525          595079 
          11575          591580 
          11625          582125 
          11675          581049 
          11725          584790 
          11775          570922 
          11825          573620 
          11875          565007 
          11925          571881 
          11975          558393 
          12025          567228 
          12075          564452 
          12125          564395 
          12175          562842 
          12225          560441 
          12275          557512 
          12325          554832 
          12375          553087 
          12425          549550 
          12475          548518 
          12525          544627 
          12575          543212 
          12625          540619 
          12675          536853 
          12725          536365 
          12775          534806 
          12825          523980 
          12875          527737 
          12925          523234 
          12975          524781 
          13025          521957 
          13075          517115 
          13125          506206 
          13175          505495 
          13225          507087 
          13275          495770 
          13325          461842 
          13375          424260 
          13425          413956 
          13475          428463 
          13525          410371 
          13575          414385 
          13625          409037 
          13675          418984 
          13725          418178 
          13775          421062 
          13825          416289 
          13875          404252 
          13925          380275 
          13975          378485 
          14025          384334 
          14075          380029 
          14125          365144 
          14175          363567 
          14225          363807 
          14275          355755 
          14325          361574 
          14375          358936 
          14425          360036 
          14475          356816 
          14525          353881 
          14570          354238 
          14620          344150 
          14675          340019 
          14725          346158 
          14775          340765 
          14825          339566 
          14875          340693 
          14925          343454 
          14975          345868 
          15025          336829 
          15075          343880 
          15125          344330 
          15175          342357 
          15225          349669 
          15275          341458 
          15325          345553 
          15375          342609 
          15425          335102 
          15475          346563 
          15525          341131 
          15575          340825 
          15625          346254 
          15675          344569 
          15725          343403 
          15775          344893 
          15825          349621 
          15875          347660 
          15925          349063 
          15975          354187 
          16050          350358 
          16150          350886 
          16250          349162 
          16350          353911 
          16450          354409 
          16550          355806 
          16650          353054 
          16750          345736 
          16850          344617 
          16950          335998 
          17050          325796 
          17150          305153 
          17250          298941 
          17350          285280 
          17450          273990 
          17550          255967 
          17650          246992 
          17750          231984 
          17850          222510 
          17950          215934 
          18050          206240 
          18150          201996 
          18250          200964 
          18350          195412 
          18450          184468 
          18550          175970 
          18650          175020 
          18750          172269 
          18850          180020 
          18950          175345 
          19050          178460 
          19150          176293 
          19250          174263 
          19350          170233 
          19450          168467 
          19550          169114 
          19650          165728 
          19750          160616 
          19850          154747 
          19950          151515 
          20050          151029 
          20150          147288 
          20250          146002 
          20350          145580 
          20450          143413 
          20550          144465 
          20650          140065 
          20750          141203 
          20850          138578 
          20950          140194 
          21050          139902 
          21150          139711 
          21250          139183 
          21350          140122 
          21450          140252 
          21550          140867 
          21650          142463 
          21750          140686 
          21850          141847 
          21950          142090 
          22050          139518 
          22150          142615 
          22250          141077 
          22350          141824 
          22450          141624 
          22550          140245 
          22650          138606 
          22750          138285 
          22850          137229 
          22950          127288 
          23050          128242 
          23150          125717 
          23250          117801 
          23350          116829 
          23450          116547 
          23550          108080 
          23650          109936 
          23750          110054 
          23850         99947.5 
          23950          100126 
          24050         92670.9 
          24150           89018 
          24250         86055.7 
          24350         81792.4 
          24450         78282.4 
          24550         75676.9 
          24650         72596.5 
          24750           70289 
          24850         67711.4 
          24950         66558.4 
          25050         64797.4 
          25150         62478.5 
          25250         60607.8 
          25350         60423.8 
          25450         59693.8 
          25550         59700.7 
          25650         56658.7 
          25750         58106.4 
          25850           58092 
          25950         57281.3 
          26050         57425.2 
          26150         58650.8 
          26250         58073.4 
          26350         58154.3 
          26450         56353.2 
          26550         59355.3 
          26650         57441.4 
          26750         55243.7 
          26850         54712.7 
          26950         52071.9 
          27050         52428.9 
          27150         50132.5 
          27250         48316.4 
          27350         48378.1 
          27450         48392.2 
          27550         46661.2 
          27650         46134.8 
          27750         45982.8 
          27850         44392.7 
          27950         45832.9 
          28050         42429.3 
          28150           43135 
          28250         42414.6 
          28350         41856.4 
          28450         42189.2 
          28550         40745.1 
          28650         41240.1 
          28750         40654.3 
          28850         39781.6 
          28950         40416.2 
          29050         38271.2 
          29150         39785.5 
          29250         36453.3 
          29350         39444.9 
          29450         35736.2 
          29550         37574.5 
          29650         35832.1 
          29750           36873 
          29850         34783.1 
          29950         36448.2 
          30050         34051.3 
          30150         36107.3 
          30250         33549.8 
          30350         34706.1 
          30450         33482.6 
          30550         34045.3 
          30650         33712.9 
          30750         33238.6 
          30850         32789.8 
          30950         32125.2 
          31050         32951.4 
          31150         31897.3 
          31250           32460 
          31350         31595.4 
          31450         31754.9 
          31550         31286.6 
          31650         31603.2 
          31750           30816 
          31850         31339.1 
          31950         30612.1 
          32100         30798.9 
          32300         30413.6 
          32500         30153.1 
          32700         29837.5 
          32900         29710.4 
          33100         29570.4 
          33300         29299.9 
          33500         28907.1 
          33700         28826.4 
          33900         28618.1 
          34100         28246.7 
          34300           28446 
          34500           27630 
          34700         28041.5 
          34900         27281.5 
          35100         27364.4 
          35300         26831.2 
          35500         26862.1 
          35700         26438.4 
          35900         26294.3 
          36100         26106.4 
          36300         25748.9 
          36500           25470 
          36700         25218.1 
          36900         25019.9 
          37100         24760.5 
          37300         24511.3 
          37500         24468.1 
          37700         23924.2 
          37900         24008.6 
          38100         23549.1 
          38300           23056 
          38500         22978.2 
          38700         22704.3 
          38900         22173.2 
          39100         21897.9 
          39300         21588.8 
          39500         21180.9 
          39700         20656.1 
          39900         19900.3 
          40100         19733.9 
          40300         19316.1 
          40500         18590.9 
          40700         18043.4 
          40900         17492.8 
          41100         17360.9 
          41300         16972.1 
          41500         16776.5 
          41700         16172.9 
          41900         16077.9 
          42100         15679.8 
          42300         15669.8 
          42500         14923.6 
          42700         14836.6 
          42900         14518.9 
          43100         13903.4 
          43300         13823.7 
          43500         13323.8 
          43700         12905.4 
          43900         12744.5 
          44100         12389.9 
          44300         11893.8 
          44500         11880.1 
          44700         11540.1 
          44900           11397 
          45100         11167.4 
          45300         10913.1 
          45500         10770.8 
          45700         10571.6 
          45900         10398.3 
          46100         10229.2 
          46300          9987.8 
          46500         9945.08 
          46700         9706.35 
          46900         9621.69 
          47100         9505.16 
          47300         9344.29 
          47500         9211.99 
          47700         8896.82 
          47900         8882.61 
          48100         8597.39 
          48300         8660.67 
          48500          8380.4 
          48700         8189.07 
          48900         8053.53 
          49100         8159.96 
          49300          7773.8 
          49500         7763.55 
          49700         7557.35 
          49900         7505.99 
          50100         7303.72 
          50300          7134.4 
          50500         7076.96 
          50700         6970.38 
          50900         6823.67 
          51100         6780.17 
          51300         6608.45 
          51500         6587.04 
          51700          6356.2 
          51900         6331.77 
          52100         6302.42 
          52300         6147.57 
          52500         6010.33 
          52700         5995.58 
          52900          5829.7 
          53100         5898.39 
          53300         5738.69 
          53500         5618.35 
          53700         5533.72 
          53900         5564.69 
          54100         5355.52 
          54300         5183.65 
          54500         5285.19 
          54700         5205.57 
          54900         5171.45 
          55100         5076.42 
          55300            4955 
          55500         4851.84 
          55700         4838.68 
          55900         4869.59 
          56100         4756.27 
          56300         4705.66 
          56500         4639.95 
          56700         4553.73 
          56900         4461.27 
          57100         4492.36 
          57300         4310.51 
          57500         4504.14 
          57700         4323.25 
          57900         4209.15 
          58100         4285.68 
          58300         4134.98 
          58500          4115.1 
          58700         4095.97 
          58900         4087.64 
          59100         4000.82 
          59300         4004.84 
          59500         3945.18 
          59700         3879.79 
          59900          3872.6 
          60100         3925.21 
          60300         3744.74 
          60500         3663.28 
          60700         3783.68 
          60900         3753.07 
          61100         3594.33 
          61300          3766.8 
          61500         3583.48 
          61700         3576.31 
          61900         3542.35 
          62100         3521.51 
          62300         3529.13 
          62500         3412.24 
          62700         3357.83 
          62900         3379.56 
          63100         3308.78 
          63300         3298.44 
          63500         3168.66 
          63700         3218.24 
          63900         3130.58 
          64200         3014.38 
          64600         2814.04 
          65000         2703.27 
          65400         2608.21 
          65800         2472.09 
          66200         2404.66 
          66600         2370.85 
          67000         2300.75 
          67400         2281.48 
          67800         2188.75 
          68200          2142.9 
          68600         2142.96 
          69000         2078.07 
          69400            2029 
          69800         2039.91 
          70200         1959.01 
          70600          1924.1 
          71000         1879.02 
          71400         1854.62 
          71800          1846.3 
          72200         1770.82 
          72600         1747.72 
          73000         1728.69 
          73400         1685.98 
          73800         1669.56 
          74200         1614.86 
          74600         1610.65 
          75000         1569.68 
          75400         1545.64 
          75800         1497.77 
          76200         1459.05 
          76600         1439.36 
          77000          1428.7 
          77400         1374.73 
          77800         1369.91 
          78200         1335.91 
          78600            1311 
          79000         1264.02 
          79400         1267.21 
          79800         1219.87 
          80200         1222.26 
          80600         1181.97 
          81000         1154.77 
          81400          1146.4 
          81800         1129.64 
          82200         1096.54 
          82600         1093.95 
          83000         1064.62 
          83400         1036.99 
          83800         1011.45 
          84200         1024.08 
          84600         997.101 
          85000         973.189 
          85400         968.486 
          85800         947.911 
          86200         937.817 
          86600         921.889 
          87000          920.15 
          87400          882.55 
          87800         878.191 
          88200         863.609 
          88600         853.095 
          89000         845.064 
          89400         830.401 
          89800         813.676 
          90200         812.078 
          90600         796.615 
          91000         787.126 
          91400         774.976 
          91800         764.033 
          92200          752.41 
          92600         732.702 
          93000         731.769 
          93400         720.851 
          93800         708.251 
          94200         693.162 
          94600         684.744 
          95000         674.941 
          95400         678.691 
          95800         654.357 
          96200         641.805 
          96600         633.755 
          97000         625.454 
          97400         621.362 
          97800         612.389 
          98200         603.036 
          98600         595.013 
          99000         566.191 
          99400         574.112 
          99800          562.86 
         100200         554.511 
         200000         39.9719 
         400000         2.66113 
         600000         0.53527 
         800000        0.170547 
         1.0e+6       0.0700378 
         1.2e+6       0.0337932 
         1.4e+6       0.0182312 
         1.6e+6       0.0106743 
