# Kurucz ODFNEW /NOVER models
# teff = 6500 K (value for the effective temperature for the model. Temperatures are given in K)
# logg = 3.00 log(cm/s2) (value for Log(G) for the model.)
# meta = -0.5  (value for the Metallicity for the model.)
# lh = 1.25  (l/Hp where l is the  mixing length of the convective element and Hp is the pressure scale height)
# vtur = 2.0 km/s (Microturbulence velocity)
#
# column 1: WAVELENGTH (ANGSTROM), Wavelength in Angstrom
# column 2: FLUX (ERG/CM2/S/A), Flux in erg/cm2/s/A
              0               0 
           90.9               0 
           93.5               0 
           96.1               0 
           97.7               0 
           99.6               0 
            102               0 
          103.8               0 
          105.6               0 
          107.7               0 
          110.4               0 
            114               0 
          117.8               0 
          121.3               0 
          124.8               0 
          127.1               0 
          128.4               0 
          130.5               0 
          132.4               0 
          133.9               0 
          136.6               0 
          139.8               0 
          143.3               0 
          147.2               0 
            151               0 
          155.2               0 
          158.8               0 
            162               0 
            166               0 
          170.3               0 
          173.4               0 
          176.8               0 
          180.2               0 
          181.7               0 
          186.1               0 
            191               0 
          193.9               0 
          198.4               0 
          201.8               0 
            205               0 
          210.5               0 
          216.2               0 
          219.8               0 
            223               0 
          226.8               0 
            230               0 
            234               0 
            240               0 
          246.5               0 
          252.4               0 
          256.8               0 
            260               0 
            264               0 
          268.5               0 
          273.5               0 
          278.5               0 
            284               0 
            290               0 
            296               0 
            301               0 
            308               0 
            318               0 
            328               0 
            338               0 
            348               0 
            357               0 
            366               0 
            375               0 
            385               0 
            395               0 
            405               0 
            414     1.86114e-24 
            422     7.48831e-24 
            430     2.85268e-23 
            441     1.65032e-22 
            451     7.51939e-22 
            460     2.77367e-21 
            470     1.11171e-20 
            480     4.18819e-20 
            490     1.49016e-19 
            500      5.0179e-19 
            506      1.3464e-18 
            512     3.00629e-18 
            520     7.28954e-18 
            530     2.13297e-17 
            540     5.88648e-17 
            550     1.58052e-16 
            560      4.0615e-16 
            570      1.0069e-15 
            580     2.38614e-15 
            590     5.59847e-15 
            600     1.25995e-14 
            610     2.75516e-14 
            620     5.85941e-14 
            630       1.214e-13 
            640     2.45454e-13 
            650      4.8471e-13 
            658     8.21785e-13 
            665     1.28892e-12 
            675        2.41e-12 
            685     4.41624e-12 
            695     7.93746e-12 
            705     1.39876e-11 
            716     2.56282e-11 
            726     4.36171e-11 
            735     6.94358e-11 
            745     1.14711e-10 
            755     1.86725e-10 
            765     2.99717e-10 
            775     4.74476e-10 
            785      7.4151e-10 
            795      1.13915e-9 
            805      1.74161e-9 
            815      2.62686e-9 
            825      3.91424e-9 
            835      5.77071e-9 
            845      8.41862e-9 
            855      1.21601e-8 
            865      1.73954e-8 
            875      2.46289e-8 
            885      3.46248e-8 
            895      4.82162e-8 
            905      6.65443e-8 
            915     0.000200981 
            925     0.000673876 
            935     0.000938824 
            945      0.00130667 
            955      0.00187811 
            965      0.00257211 
            975      0.00347277 
            985      0.00469757 
            995       0.0062623 
           1005      0.00855455 
           1015       0.0112998 
           1025       0.0146052 
           1035       0.0194807 
           1045       0.0253797 
           1055        0.032874 
           1065       0.0421994 
           1075       0.0542199 
           1085       0.0692545 
           1095       0.0876107 
           1105         0.22853 
           1115        0.763688 
           1125          1.1471 
           1135         1.68049 
           1145         2.16715 
           1155         2.39033 
           1165         3.16491 
           1175         3.61742 
           1185         4.06797 
           1195         1.81722 
           1205          1.4687 
           1215        0.813496 
           1225         1.89861 
           1235         4.50057 
           1245         10.1728 
           1255         20.7203 
           1265         24.9196 
           1275         38.6759 
           1285         57.4693 
           1295         74.6282 
           1305         75.6988 
           1315          110.36 
           1325          135.65 
           1335         158.919 
           1345         194.777 
           1355         213.498 
           1365         251.245 
           1375         279.107 
           1385         310.303 
           1395         361.703 
           1405         414.016 
           1415         456.842 
           1425         507.612 
           1435         544.324 
           1442         645.855 
           1447         659.412 
           1455         745.944 
           1465         796.228 
           1475         881.711 
           1485         988.179 
           1495         1154.05 
           1505         1303.62 
           1512         1314.07 
           1517         1446.83 
           1525         1683.57 
           1535         2948.32 
           1545         3800.71 
           1555         4281.73 
           1565         4100.59 
           1575         5518.16 
           1585          6180.1 
           1595         7274.34 
           1605         7417.11 
           1615          7994.3 
           1625         8433.49 
           1635         10678.5 
           1645         13280.2 
           1655          9376.1 
           1665         15695.8 
           1672           10866 
           1677           18198 
           1685         32188.7 
           1695         60694.5 
           1705          136150 
           1715          305513 
           1725          409909 
           1735          550524 
           1745          512609 
           1755          736968 
           1765          497793 
           1775          718120 
           1785          711363 
           1795        1.121e+6 
           1805          756044 
           1815          925420 
           1825          801834 
           1835          868951 
           1845          699458 
           1855          930334 
           1865      1.21644e+6 
           1875      1.11863e+6 
           1885      1.21165e+6 
           1895       1.3956e+6 
           1905      1.28092e+6 
           1915      1.36516e+6 
           1925      1.15887e+6 
           1935          540631 
           1945      1.53549e+6 
           1955      1.66226e+6 
           1967      1.94446e+6 
           1976      1.83619e+6 
           1984      1.75413e+6 
           1995      1.80867e+6 
           2005      1.72264e+6 
           2015      1.68694e+6 
           2025      1.47555e+6 
           2035      1.95469e+6 
           2045      2.19641e+6 
           2055      2.01647e+6 
           2065      1.86836e+6 
           2074       2.3288e+6 
           2078      3.07155e+6 
           2085      2.91888e+6 
           2095      2.83417e+6 
           2105      2.83154e+6 
           2115      3.14809e+6 
           2125      2.93125e+6 
           2135      2.43003e+6 
           2145      3.12174e+6 
           2155      3.20292e+6 
           2165      2.90166e+6 
           2175      2.96917e+6 
           2185      3.29469e+6 
           2195      3.64686e+6 
           2205      3.43418e+6 
           2215      2.74948e+6 
           2225      2.82306e+6 
           2235      3.68145e+6 
           2245      3.39062e+6 
           2255       2.6854e+6 
           2265      2.71513e+6 
           2275      3.23164e+6 
           2285      3.55617e+6 
           2295      3.09943e+6 
           2305      3.53174e+6 
           2315      3.28015e+6 
           2325      3.15601e+6 
           2335      2.09632e+6 
           2345      1.39662e+6 
           2355      2.78451e+6 
           2365      1.48214e+6 
           2375      2.17157e+6 
           2385       1.0212e+6 
           2395      1.45371e+6 
           2405      1.42875e+6 
           2415      1.86142e+6 
           2425      3.18925e+6 
           2435      3.16566e+6 
           2445       3.6485e+6 
           2455      3.68133e+6 
           2465      3.53974e+6 
           2475       3.1227e+6 
           2485       2.7999e+6 
           2495      2.77811e+6 
           2505      4.01122e+6 
           2513      2.71364e+6 
           2518      2.60198e+6 
           2525      2.05347e+6 
           2535      2.06678e+6 
           2545      2.38822e+6 
           2555      3.27526e+6 
           2565      2.76752e+6 
           2575      3.35702e+6 
           2585      3.05743e+6 
           2595      2.79856e+6 
           2605      2.35214e+6 
           2615      2.11718e+6 
           2625      3.01816e+6 
           2635      4.10596e+6 
           2645       5.7091e+6 
           2655      6.33848e+6 
           2665      4.76415e+6 
           2675       5.4317e+6 
           2685      5.58049e+6 
           2695      4.70671e+6 
           2705      5.33403e+6 
           2715      4.37076e+6 
           2725      4.41354e+6 
           2735      4.87543e+6 
           2745       2.6711e+6 
           2755       3.4594e+6 
           2765      4.15785e+6 
           2775      5.04143e+6 
           2785      3.55149e+6 
           2795      1.00856e+6 
           2805       1.4011e+6 
           2815      4.86587e+6 
           2825      6.34256e+6 
           2835      6.00727e+6 
           2845      5.67048e+6 
           2855      4.28502e+6 
           2865      6.16622e+6 
           2875       6.2337e+6 
           2885      6.12854e+6 
           2895      5.94467e+6 
           2910      7.38683e+6 
           2930       6.8883e+6 
           2950      6.77096e+6 
           2970      7.38479e+6 
           2990      7.37903e+6 
           3010      7.74202e+6 
           3030      7.66764e+6 
           3050      7.84482e+6 
           3070      7.91761e+6 
           3090       8.2112e+6 
           3110      7.98479e+6 
           3130      7.90885e+6 
           3150      8.14323e+6 
           3170      8.27736e+6 
           3190      7.57081e+6 
           3210      8.09575e+6 
           3230      7.35232e+6 
           3250      8.19516e+6 
           3270      8.74138e+6 
           3290      8.72729e+6 
           3310      8.99078e+6 
           3330       8.8097e+6 
           3350      8.71188e+6 
           3370      8.32284e+6 
           3390      8.67141e+6 
           3410      8.71545e+6 
           3430      8.96379e+6 
           3450      9.00166e+6 
           3470      8.87814e+6 
           3490      8.95267e+6 
           3510      9.23837e+6 
           3530       9.0055e+6 
           3550      9.73297e+6 
           3570      8.87871e+6 
           3590       8.8327e+6 
           3610      9.01665e+6 
           3630      9.14457e+6 
           3640      9.04009e+6 
           3650      9.76967e+6 
           3670      9.55861e+6 
           3690      9.34183e+6 
           3710      1.06129e+7 
           3730      1.10759e+7 
           3750      1.31039e+7 
           3770      1.40337e+7 
           3790      1.56634e+7 
           3810       1.7285e+7 
           3830      1.43649e+7 
           3850      1.78958e+7 
           3870      1.88356e+7 
           3890      1.47054e+7 
           3910       1.8309e+7 
           3930       1.2603e+7 
           3950      1.75494e+7 
           3970      1.18623e+7 
           3990      1.89126e+7 
           4010      1.98598e+7 
           4030      1.97459e+7 
           4050      1.95107e+7 
           4070       1.9201e+7 
           4090      1.86209e+7 
           4110      1.61169e+7 
           4130      1.93682e+7 
           4150      1.99093e+7 
           4170      1.96159e+7 
           4190       1.9486e+7 
           4210       1.9425e+7 
           4230      1.89585e+7 
           4250      1.92638e+7 
           4270      1.89668e+7 
           4290      1.85015e+7 
           4310      1.72898e+7 
           4330      1.72428e+7 
           4350      1.56306e+7 
           4370      1.90879e+7 
           4390      1.86677e+7 
           4410      1.85122e+7 
           4430      1.85717e+7 
           4450      1.85178e+7 
           4470      1.86069e+7 
           4490      1.86286e+7 
           4510      1.92791e+7 
           4530       1.8273e+7 
           4550      1.82683e+7 
           4570        1.898e+7 
           4590      1.82624e+7 
           4610       1.8645e+7 
           4630      1.82927e+7 
           4650      1.83935e+7 
           4670      1.85317e+7 
           4690      1.81736e+7 
           4710      1.76018e+7 
           4730      1.81942e+7 
           4750        1.823e+7 
           4770      1.80427e+7 
           4790      1.79136e+7 
           4810      1.78073e+7 
           4830      1.76004e+7 
           4850      1.59701e+7 
           4870      1.36959e+7 
           4890      1.69269e+7 
           4910      1.70534e+7 
           4930      1.67464e+7 
           4950      1.70541e+7 
           4970      1.71765e+7 
           4990      1.64384e+7 
           5010      1.59682e+7 
           5030      1.65398e+7 
           5050      1.63529e+7 
           5070      1.66199e+7 
           5090      1.62961e+7 
           5110      1.63275e+7 
           5130      1.60115e+7 
           5150      1.57098e+7 
           5170      1.54377e+7 
           5190      1.53246e+7 
           5210      1.53847e+7 
           5230       1.5445e+7 
           5250      1.56966e+7 
           5270      1.47326e+7 
           5290      1.54318e+7 
           5310      1.54173e+7 
           5330      1.48178e+7 
           5350      1.52535e+7 
           5370      1.51022e+7 
           5390      1.49864e+7 
           5410      1.47021e+7 
           5430      1.47971e+7 
           5450      1.48993e+7 
           5470      1.47389e+7 
           5490      1.46967e+7 
           5510      1.46237e+7 
           5530      1.45501e+7 
           5550      1.46142e+7 
           5570      1.43431e+7 
           5590      1.41973e+7 
           5610      1.42147e+7 
           5630      1.42637e+7 
           5650      1.41298e+7 
           5670      1.39272e+7 
           5690      1.39854e+7 
           5710      1.38286e+7 
           5730      1.40169e+7 
           5750       1.3817e+7 
           5770      1.37858e+7 
           5790      1.36481e+7 
           5810      1.36302e+7 
           5830      1.35966e+7 
           5850      1.34158e+7 
           5870      1.33748e+7 
           5890      1.30626e+7 
           5910       1.3217e+7 
           5930      1.31387e+7 
           5950      1.30899e+7 
           5970      1.30182e+7 
           5990      1.29062e+7 
           6010      1.27798e+7 
           6030      1.27169e+7 
           6050      1.27236e+7 
           6070      1.26695e+7 
           6090      1.25336e+7 
           6110      1.24133e+7 
           6130      1.21811e+7 
           6150      1.21169e+7 
           6170      1.20039e+7 
           6190      1.21594e+7 
           6210      1.21223e+7 
           6230      1.19456e+7 
           6250      1.16677e+7 
           6270      1.19038e+7 
           6290      1.18464e+7 
           6310      1.16446e+7 
           6330      1.16285e+7 
           6350      1.15759e+7 
           6370      1.15042e+7 
           6390      1.14693e+7 
           6410      1.12923e+7 
           6430      1.12878e+7 
           6450      1.11672e+7 
           6470      1.11478e+7 
           6490      1.09692e+7 
           6510      1.10156e+7 
           6530      1.09342e+7 
           6550      1.03353e+7 
           6570      8.80886e+6 
           6590      1.06041e+7 
           6610      1.07289e+7 
           6630      1.07105e+7 
           6650      1.06606e+7 
           6670      1.05596e+7 
           6690      1.05613e+7 
           6710      1.04675e+7 
           6730      1.04353e+7 
           6750      1.03273e+7 
           6770      1.03107e+7 
           6790      1.02427e+7 
           6810       1.0181e+7 
           6830      1.01239e+7 
           6850      1.00344e+7 
           6870      1.00111e+7 
           6890      9.96423e+6 
           6910      9.90032e+6 
           6930      9.84327e+6 
           6950      9.78592e+6 
           6970      9.73447e+6 
           6990      9.68195e+6 
           7010      9.55316e+6 
           7030      9.54539e+6 
           7050      9.51253e+6 
           7070      9.45201e+6 
           7090      9.39876e+6 
           7110      9.27666e+6 
           7130      9.24986e+6 
           7150       9.1982e+6 
           7170       9.1455e+6 
           7190      9.04804e+6 
           7210      9.02762e+6 
           7230      8.98856e+6 
           7250      8.95912e+6 
           7270      8.92128e+6 
           7290       8.8079e+6 
           7310      8.78797e+6 
           7330      8.73868e+6 
           7350      8.71976e+6 
           7370      8.68499e+6 
           7390      8.57802e+6 
           7410       8.4769e+6 
           7430       8.4668e+6 
           7450      8.43703e+6 
           7470      8.39866e+6 
           7490      8.34044e+6 
           7510       8.3101e+6 
           7530      8.27997e+6 
           7550      8.25796e+6 
           7570      8.19138e+6 
           7590      8.14956e+6 
           7610      8.10288e+6 
           7630      8.06759e+6 
           7650      8.01258e+6 
           7670      7.91065e+6 
           7690      7.91797e+6 
           7710      7.84398e+6 
           7730      7.83058e+6 
           7750      7.76385e+6 
           7770      7.67466e+6 
           7790      7.72283e+6 
           7810      7.67652e+6 
           7830      7.60358e+6 
           7850      7.55936e+6 
           7870      7.54227e+6 
           7890      7.49682e+6 
           7910      7.44813e+6 
           7930      7.36029e+6 
           7950        7.337e+6 
           7970      7.35064e+6 
           7990      7.30207e+6 
           8010      7.24745e+6 
           8030      7.20965e+6 
           8050      7.16516e+6 
           8070      7.14471e+6 
           8090      7.08125e+6 
           8110      7.07441e+6 
           8130      7.04251e+6 
           8150      6.99946e+6 
           8170      6.96073e+6 
           8190      6.83524e+6 
           8210       6.8383e+6 
           8230      6.78898e+6 
           8250      6.76662e+6 
           8270      6.78074e+6 
           8290       6.7393e+6 
           8310        6.678e+6 
           8330      6.58896e+6 
           8350      6.61633e+6 
           8370      6.58311e+6 
           8390      6.50682e+6 
           8410      6.50361e+6 
           8430      6.45636e+6 
           8450      6.38783e+6 
           8470      6.31831e+6 
           8490      6.36906e+6 
           8510      6.02967e+6 
           8530       6.3219e+6 
           8550      5.56676e+6 
           8570      6.34355e+6 
           8590      6.14047e+6 
           8610       6.0139e+6 
           8630      6.27741e+6 
           8650      6.18094e+6 
           8670      5.35609e+6 
           8690      6.09124e+6 
           8710      6.18697e+6 
           8730       6.1107e+6 
           8750      5.53957e+6 
           8770      6.01051e+6 
           8790      6.07242e+6 
           8810      6.02109e+6 
           8830      5.97019e+6 
           8850      5.81337e+6 
           8870      5.35621e+6 
           8890      5.88223e+6 
           8910      5.89383e+6 
           8930      5.84856e+6 
           8950        5.853e+6 
           8970      5.81804e+6 
           8990      5.75209e+6 
           9010      5.19384e+6 
           9030       5.5026e+6 
           9050      5.69402e+6 
           9070      5.59796e+6 
           9090      5.50725e+6 
           9110      5.58022e+6 
           9130       5.6096e+6 
           9150        5.586e+6 
           9170      5.54598e+6 
           9190      5.50491e+6 
           9210      5.35579e+6 
           9230      4.80636e+6 
           9250      5.24529e+6 
           9270      5.33753e+6 
           9290      5.37831e+6 
           9310      5.36521e+6 
           9330      5.33316e+6 
           9350      5.30777e+6 
           9370        5.283e+6 
           9390      5.25239e+6 
           9410      5.10118e+6 
           9430      5.17319e+6 
           9450      5.14921e+6 
           9470      5.14974e+6 
           9490      5.12055e+6 
           9510      5.06901e+6 
           9530      4.94987e+6 
           9550      4.45869e+6 
           9570      4.92091e+6 
           9590      4.97497e+6 
           9610      4.93512e+6 
           9630      4.89555e+6 
           9650      4.90077e+6 
           9670      4.84546e+6 
           9690      4.84833e+6 
           9710      4.85076e+6 
           9730      4.82648e+6 
           9750      4.77617e+6 
           9770      4.77518e+6 
           9790      4.75021e+6 
           9810      4.73279e+6 
           9830      4.70773e+6 
           9850      4.67463e+6 
           9870      4.64798e+6 
           9890      4.61186e+6 
           9910      4.59711e+6 
           9930      4.58778e+6 
           9950      4.56821e+6 
           9970      4.54764e+6 
           9990       4.5185e+6 
          10025      4.37193e+6 
          10075      4.22656e+6 
          10125      4.35691e+6 
          10175      4.31236e+6 
          10225       4.2721e+6 
          10275       4.2292e+6 
          10325      4.15617e+6 
          10375      4.11936e+6 
          10425      4.07682e+6 
          10475      3.99336e+6 
          10525      3.97183e+6 
          10575      3.92123e+6 
          10625      3.87041e+6 
          10675      3.77439e+6 
          10725      3.76743e+6 
          10775      3.72705e+6 
          10825      3.67213e+6 
          10875      3.62824e+6 
          10925      3.37701e+6 
          10975      3.49642e+6 
          11025      3.53329e+6 
          11075      3.50637e+6 
          11125      3.45757e+6 
          11175      3.41584e+6 
          11225      3.38756e+6 
          11275      3.31579e+6 
          11325      3.28249e+6 
          11375      3.26183e+6 
          11425      3.20853e+6 
          11475      3.20352e+6 
          11525      3.16953e+6 
          11575      3.12872e+6 
          11625      3.06646e+6 
          11675      3.02617e+6 
          11725       3.0333e+6 
          11775      2.95514e+6 
          11825      2.94125e+6 
          11875      2.89596e+6 
          11925      2.90696e+6 
          11975      2.83781e+6 
          12025      2.82937e+6 
          12075      2.79359e+6 
          12125      2.76957e+6 
          12175      2.75246e+6 
          12225      2.72167e+6 
          12275      2.68604e+6 
          12325      2.66256e+6 
          12375      2.63494e+6 
          12425      2.60987e+6 
          12475      2.58318e+6 
          12525      2.55155e+6 
          12575      2.51796e+6 
          12625      2.49522e+6 
          12675       2.4751e+6 
          12725      2.44917e+6 
          12775      2.39888e+6 
          12825      2.18121e+6 
          12875      2.35539e+6 
          12925       2.3478e+6 
          12975       2.3293e+6 
          13025      2.30523e+6 
          13075      2.28521e+6 
          13125      2.25449e+6 
          13175       2.2283e+6 
          13225      2.21665e+6 
          13275      2.18929e+6 
          13325       2.1712e+6 
          13375      2.14868e+6 
          13425      2.12998e+6 
          13475       2.1086e+6 
          13525      2.08501e+6 
          13575      2.05966e+6 
          13625      2.04559e+6 
          13675      2.02381e+6 
          13725      1.99057e+6 
          13775      1.98033e+6 
          13825      1.96223e+6 
          13875      1.94978e+6 
          13925      1.92593e+6 
          13975      1.90924e+6 
          14025      1.88847e+6 
          14075      1.87464e+6 
          14125      1.85097e+6 
          14175      1.83867e+6 
          14225      1.81297e+6 
          14275      1.79205e+6 
          14325      1.78485e+6 
          14375       1.7709e+6 
          14425       1.7198e+6 
          14475      1.73501e+6 
          14525       1.7015e+6 
          14570      1.69897e+6 
          14620       1.6811e+6 
          14675      1.66887e+6 
          14725      1.64639e+6 
          14775      1.62827e+6 
          14825      1.61698e+6 
          14875      1.59166e+6 
          14925      1.59569e+6 
          14975      1.57544e+6 
          15025      1.55136e+6 
          15075      1.53487e+6 
          15125      1.53272e+6 
          15175      1.51935e+6 
          15225      1.50164e+6 
          15275      1.48581e+6 
          15325      1.47013e+6 
          15375      1.46145e+6 
          15425      1.43028e+6 
          15475      1.43287e+6 
          15525      1.42158e+6 
          15575      1.38011e+6 
          15625       1.4074e+6 
          15675      1.36984e+6 
          15725      1.33086e+6 
          15775      1.35602e+6 
          15825      1.35086e+6 
          15875      1.24964e+6 
          15925      1.31622e+6 
          15975      1.32223e+6 
          16050      1.29032e+6 
          16150      1.22277e+6 
          16250      1.26348e+6 
          16350      1.21392e+6 
          16450      1.14403e+6 
          16550       1.1891e+6 
          16650      1.16576e+6 
          16750      1.11474e+6 
          16850       1.0483e+6 
          16950      1.09487e+6 
          17050      1.06928e+6 
          17150      1.04923e+6 
          17250      1.01911e+6 
          17350          928490 
          17450          970422 
          17550          962966 
          17650          942760 
          17750          926119 
          17850          907589 
          17950          892008 
          18050          869203 
          18150          798251 
          18250          823956 
          18350          821021 
          18450          804274 
          18550          788862 
          18650          770017 
          18750          702105 
          18850          738305 
          18950          723240 
          19050          718159 
          19150          703910 
          19250          690434 
          19350          672761 
          19450          617354 
          19550          648637 
          19650          640318 
          19750          626836 
          19850          617354 
          19950          606039 
          20050          595933 
          20150          585800 
          20250          574106 
          20350          562483 
          20450          554832 
          20550          544672 
          20650          533730 
          20750          525098 
          20850          516156 
          20950          506158 
          21050          498129 
          21150          488713 
          21250          480295 
          21350          472320 
          21450          465149 
          21550          455271 
          21650          420099 
          21750          437778 
          21850          433401 
          21950          427474 
          22050          418849 
          22150          412272 
          22250          406354 
          22350          399656 
          22450          393136 
          22550          385122 
          22650          379834 
          22750          374036 
          22850          367746 
          22950          361864 
          23050          356720 
          23150          350775 
          23250          345508 
          23350          339791 
          23450          334775 
          23550          329457 
          23650          324447 
          23750          318949 
          23850          313997 
          23950          309416 
          24050          304478 
          24150          299628 
          24250          295395 
          24350          290324 
          24450          286082 
          24550          281568 
          24650          277565 
          24750          273149 
          24850          269058 
          24950          263698 
          25050          262149 
          25150          258288 
          25250          251513 
          25350          250658 
          25450          247279 
          25550          243091 
          25650          235101 
          25750          236579 
          25850          232768 
          25950          230205 
          26050          225771 
          26150          217029 
          26250          207773 
          26350          216042 
          26450          214142 
          26550          211329 
          26650          207057 
          26750          197788 
          26850          202233 
          26950          200372 
          27050          197519 
          27150          194876 
          27250          192195 
          27350          189573 
          27450          186675 
          27550          177127 
          27650          179628 
          27750          179333 
          27850          177048 
          27950          174765 
          28050          172406 
          28150          170118 
          28250          167844 
          28350          165669 
          28450          163286 
          28550          161230 
          28650          157857 
          28750          149933 
          28850          154558 
          28950          152984 
          29050          151053 
          29150          148981 
          29250          147049 
          29350          145300 
          29450          143381 
          29550          141614 
          29650          139825 
          29750          138035 
          29850          136321 
          29950          134543 
          30050          132852 
          30150          131206 
          30250          129409 
          30350          123233 
          30450          124245 
          30550          124713 
          30650          123211 
          30750          121789 
          30850          120154 
          30950          118725 
          31050          117298 
          31150          115536 
          31250          114451 
          31350          113089 
          31450          111720 
          31550          110335 
          31650          109147 
          31750          107750 
          31850          106562 
          31950          105320 
          32100          103413 
          32300          101043 
          32500         98679.4 
          32700         96373.1 
          32900         91627.1 
          33100         91523.6 
          33300         89727.9 
          33500         87813.7 
          33700         85742.7 
          33900         83826.2 
          34100         81964.5 
          34300         80255.6 
          34500         78571.4 
          34700         76835.9 
          34900         75184.7 
          35100         73565.8 
          35300         71963.7 
          35500         70440.4 
          35700         68905.8 
          35900         67491.1 
          36100         66048.8 
          36300         64791.1 
          36500         63254.4 
          36700         62096.9 
          36900         60529.3 
          37100         59473.4 
          37300         57751.4 
          37500         55939.5 
          37700         55986.5 
          37900         54896.2 
          38100         53615.5 
          38300         52643.6 
          38500         51744.8 
          38700         50667.9 
          38900         49670.2 
          39100         48347.8 
          39300         47810.6 
          39500           46869 
          39700         45993.9 
          39900         45027.6 
          40100         44021.8 
          40300         43054.7 
          40500         41714.3 
          40700         41762.3 
          40900         40987.9 
          41100         40266.6 
          41300           39524 
          41500         38763.5 
          41700         37510.6 
          41900         37348.7 
          42100         36637.6 
          42300         36052.1 
          42500         35388.1 
          42700         34768.1 
          42900         34145.8 
          43100         33533.6 
          43300         32927.1 
          43500         32344.3 
          43700         31281.5 
          43900         31155.6 
          44100         30654.7 
          44300         30142.3 
          44500         29624.8 
          44700         29135.9 
          44900         28641.5 
          45100         28156.5 
          45300         27675.3 
          45500         27212.3 
          45700           26751 
          45900         26296.6 
          46100         25872.2 
          46300         25434.7 
          46500         24489.9 
          46700         24145.8 
          46900         24183.5 
          47100         23813.9 
          47300           23431 
          47500         23045.5 
          47700         22677.1 
          47900         22315.7 
          48100         21956.3 
          48300         21608.5 
          48500         21264.1 
          48700         20927.8 
          48900         20599.4 
          49100         20272.5 
          49300           19958 
          49500         19644.9 
          49700         19340.7 
          49900         19048.2 
          50100         18750.9 
          50300         18462.1 
          50500         18184.7 
          50700         17909.6 
          50900         17626.6 
          51100         17356.2 
          51300         16804.6 
          51500         16850.4 
          51700         16589.2 
          51900         16356.7 
          52100           16112 
          52300         15873.3 
          52500         15640.5 
          52700         15393.2 
          52900         15190.8 
          53100         14969.7 
          53300         14752.8 
          53500         14538.8 
          53700           14304 
          53900         14107.2 
          54100         13924.6 
          54300           13720 
          54500         13530.7 
          54700           13330 
          54900         13150.5 
          55100         12963.4 
          55300         12740.5 
          55500         12608.4 
          55700         12433.1 
          55900         12251.4 
          56100         12092.4 
          56300         11924.6 
          56500         11764.3 
          56700         11603.5 
          56900         11443.3 
          57100         11226.5 
          57300         11136.8 
          57500         10988.3 
          57700         10839.9 
          57900         10693.9 
          58100         10552.8 
          58300         10413.2 
          58500         10278.6 
          58700         10141.9 
          58900         9998.89 
          59100         9711.39 
          59300         9745.08 
          59500         9538.68 
          59700         9482.41 
          59900         9373.61 
          60100         9250.64 
          60300         9134.44 
          60500         9017.85 
          60700         8901.26 
          60900         8786.02 
          61100         8670.48 
          61300         8566.57 
          61500         8459.33 
          61700         8352.73 
          61900         8247.71 
          62100         8145.24 
          62300         8037.71 
          62500         7942.46 
          62700         7842.81 
          62900         7664.55 
          63100         7645.97 
          63300         7559.18 
          63500          7466.6 
          63700         7375.22 
          63900         7285.47 
          64200         7154.31 
          64600         6981.84 
          65000         6815.03 
          65400         6655.45 
          65800         6498.84 
          66200         6346.61 
          66600         6199.35 
          67000         6055.72 
          67400         5915.47 
          67800         5746.06 
          68200          5650.1 
          68600         5522.36 
          69000         5398.06 
          69400         5276.74 
          69800         5160.45 
          70200         5045.54 
          70600         4935.39 
          71000         4827.77 
          71400          4722.9 
          71800         4620.58 
          72200         4520.33 
          72600         4422.75 
          73000         4330.95 
          73400         4238.65 
          73800         4149.94 
          74200         4062.55 
          74600          3944.7 
          75000         3841.72 
          75400         3814.98 
          75800         3737.39 
          76200         3661.19 
          76600         3587.05 
          77000         3514.29 
          77400         3444.05 
          77800         3370.63 
          78200         3308.06 
          78600         3242.59 
          79000          3178.7 
          79400          3116.4 
          79800          3055.6 
          80200         2996.02 
          80600         2938.11 
          81000         2881.95 
          81400         2820.55 
          81800          2772.2 
          82200         2720.42 
          82600         2669.06 
          83000         2618.96 
          83400         2569.47 
          83800         2521.77 
          84200         2475.39 
          84600         2429.93 
          85000         2385.37 
          85400         2341.79 
          85800         2299.18 
          86200         2257.51 
          86600         2209.58 
          87000         2177.21 
          87400         2131.44 
          87800         2093.39 
          88200         2062.97 
          88600         2026.63 
          89000         1991.09 
          89400         1956.39 
          89800         1922.19 
          90200         1889.01 
          90600         1856.63 
          91000         1824.51 
          91400         1793.38 
          91800         1763.03 
          92200         1733.19 
          92600         1703.92 
          93000         1675.32 
          93400         1647.26 
          93800          1612.9 
          94200         1592.79 
          94600         1566.59 
          95000         1540.82 
          95400         1515.34 
          95800         1490.85 
          96200         1466.47 
          96600         1442.84 
          97000          1419.6 
          97400         1396.56 
          97800         1374.33 
          98200         1352.45 
          98600         1330.96 
          99000         1310.04 
          99400          1289.3 
          99800         1269.11 
         100200         1249.28 
         200000         81.0195 
         400000         5.09527 
         600000         1.00257 
         800000        0.315601 
         1.0e+6        0.128631 
         1.2e+6       0.0617498 
         1.4e+6       0.0331945 
         1.6e+6       0.0193854 
