# Kurucz ODFNEW /NOVER models
# teff = 43000 K (value for the effective temperature for the model. Temperatures are given in K)
# logg = 4.50 log(cm/s2) (value for Log(G) for the model.)
# meta = -0.5  (value for the Metallicity for the model.)
# lh = 1.25  (l/Hp where l is the  mixing length of the convective element and Hp is the pressure scale height)
# vtur = 2.0 km/s (Microturbulence velocity)
#
# column 1: WAVELENGTH (ANGSTROM), Wavelength in Angstrom
# column 2: FLUX (ERG/CM2/S/A), Flux in erg/cm2/s/A
              0               0 
           90.9      1.02038e-6 
           93.5      3.03642e-6 
           96.1      8.45637e-6 
           97.7       1.5662e-5 
           99.6      3.14725e-5 
            102      7.33074e-5 
          103.8     0.000134987 
          105.6     0.000243619 
          107.7     0.000473636 
          110.4      0.00107469 
            114      0.00302551 
          117.8      0.00847267 
          121.3       0.0207613 
          124.8        0.048519 
          127.1        0.082809 
          128.4        0.111254 
          130.5        0.176935 
          132.4        0.266122 
          133.9        0.364916 
          136.6        0.632139 
          139.8         1.19056 
          143.3         2.29965 
          147.2         4.57495 
            151         8.91127 
          155.2         17.7112 
          158.8         31.1065 
            162         50.6484 
            166         90.6977 
          170.3         163.372 
          173.4         245.803 
          176.8         382.091 
          180.2         582.023 
          181.7         688.707 
          186.1         1166.53 
            191         2014.54 
          193.9         2760.46 
          198.4         4392.32 
          201.8         6141.64 
            205         8399.94 
          210.5           13997 
          216.2           23054 
          219.8         31376.3 
            223         40675.2 
          226.8         54690.8 
            230      1.90964e+7 
            234      8.90156e+7 
            240       1.9849e+8 
          246.5      6.86225e+8 
          252.4      2.52812e+9 
          256.8      3.67177e+9 
            260      5.76129e+9 
            264     2.10305e+10 
          268.5     2.75597e+10 
          273.5     3.23989e+10 
          278.5     2.29752e+10 
            284     4.43393e+10 
            290     5.84985e+10 
            296      4.3058e+10 
            301     1.69681e+10 
            308      3.6619e+10 
            318     2.33238e+10 
            328       3.078e+10 
            338     2.25727e+10 
            348     2.33979e+10 
            357     5.25063e+10 
            366     8.63165e+10 
            375     1.02578e+11 
            385     9.01356e+10 
            395     1.28831e+11 
            405     1.64822e+11 
            414     1.63088e+11 
            422     1.54274e+11 
            430     1.43337e+11 
            441     1.65747e+11 
            451      1.6943e+11 
            460     1.50475e+11 
            470     1.53927e+11 
            480     1.66406e+11 
            490     1.38873e+11 
            500     1.69619e+11 
            506     1.43117e+11 
            512      1.9414e+11 
            520     1.81204e+11 
            530     1.67202e+11 
            540     1.45369e+11 
            550     1.29944e+11 
            560     1.64111e+11 
            570     1.73941e+11 
            580     1.67737e+11 
            590     1.67781e+11 
            600      1.4929e+11 
            610     1.38047e+11 
            620     1.62825e+11 
            630     1.52116e+11 
            640     1.61214e+11 
            650     1.52244e+11 
            658     1.39132e+11 
            665     1.52021e+11 
            675     1.53859e+11 
            685     1.39371e+11 
            695     1.47432e+11 
            705     1.32561e+11 
            716     1.44062e+11 
            726     1.43437e+11 
            735     1.41529e+11 
            745     1.35257e+11 
            755     1.31797e+11 
            765     1.22812e+11 
            775     1.27096e+11 
            785     1.18572e+11 
            795     1.22486e+11 
            805     1.21235e+11 
            815     1.19934e+11 
            825     1.18628e+11 
            835     1.07736e+11 
            845     1.13543e+11 
            855     1.09289e+11 
            865     1.10573e+11 
            875     1.09089e+11 
            885     1.06262e+11 
            895     1.04517e+11 
            905     1.01236e+11 
            915     7.86736e+10 
            925     1.29122e+11 
            935     1.65145e+11 
            945     1.86428e+11 
            955     2.02392e+11 
            965     2.15137e+11 
            975     1.68082e+11 
            985     1.95788e+11 
            995     1.78044e+11 
           1005     1.80651e+11 
           1015     1.81405e+11 
           1025     1.58957e+11 
           1035     1.80156e+11 
           1045     1.80609e+11 
           1055     1.76142e+11 
           1065     1.67197e+11 
           1075     1.66601e+11 
           1085     1.56075e+11 
           1095     1.59198e+11 
           1105     1.54271e+11 
           1115     1.50619e+11 
           1125     1.44215e+11 
           1135     1.45466e+11 
           1145     1.42893e+11 
           1155       1.366e+11 
           1165     1.31154e+11 
           1175     1.18412e+11 
           1185     1.24253e+11 
           1195     1.20182e+11 
           1205     1.17768e+11 
           1215     9.94229e+10 
           1225     1.11845e+11 
           1235     1.09102e+11 
           1245     1.06163e+11 
           1255     1.06296e+11 
           1265     1.04971e+11 
           1275     1.03349e+11 
           1285     1.01482e+11 
           1295     9.95479e+10 
           1305     9.62253e+10 
           1315     9.48675e+10 
           1325     9.25912e+10 
           1335     9.09639e+10 
           1345     8.93415e+10 
           1355     8.58711e+10 
           1365     8.26645e+10 
           1375       7.996e+10 
           1385     7.94948e+10 
           1395     7.68434e+10 
           1405     7.35721e+10 
           1415     7.63161e+10 
           1425     7.23657e+10 
           1435     7.30363e+10 
           1442     7.06188e+10 
           1447     7.01964e+10 
           1455     6.83997e+10 
           1465     6.76095e+10 
           1475     6.65557e+10 
           1485     6.62925e+10 
           1495     6.44902e+10 
           1505     6.37158e+10 
           1512     6.32259e+10 
           1517     6.17902e+10 
           1525     6.11855e+10 
           1535     5.78968e+10 
           1545     5.18896e+10 
           1555      5.1913e+10 
           1565      5.4028e+10 
           1575     5.42202e+10 
           1585     5.31334e+10 
           1595     5.24175e+10 
           1605     5.02629e+10 
           1615     4.90068e+10 
           1625     4.84411e+10 
           1635     4.76292e+10 
           1645     4.53952e+10 
           1655     4.69706e+10 
           1665     4.61959e+10 
           1672     4.43411e+10 
           1677     4.60154e+10 
           1685     4.52039e+10 
           1695     4.45162e+10 
           1705     4.33371e+10 
           1715     4.16945e+10 
           1725     4.12305e+10 
           1735      4.1541e+10 
           1745     4.07448e+10 
           1755     3.98094e+10 
           1765     3.92617e+10 
           1775     3.85779e+10 
           1785     3.81174e+10 
           1795     3.71713e+10 
           1805     3.65996e+10 
           1815     3.59493e+10 
           1825      3.5285e+10 
           1835     3.48164e+10 
           1845     3.42408e+10 
           1855     3.36208e+10 
           1865     3.30695e+10 
           1875     3.23908e+10 
           1885     3.18245e+10 
           1895     3.15849e+10 
           1905     3.10756e+10 
           1915     3.05393e+10 
           1925     2.95264e+10 
           1935     2.95671e+10 
           1945     2.90916e+10 
           1955     2.84261e+10 
           1967     2.80034e+10 
           1976     2.75665e+10 
           1984     2.72691e+10 
           1995     2.67534e+10 
           2005     2.63625e+10 
           2015     2.59289e+10 
           2025      2.5509e+10 
           2035     2.50697e+10 
           2045     2.45693e+10 
           2055       1.865e+10 
           2065     1.79229e+10 
           2074     1.82984e+10 
           2078     1.87402e+10 
           2085      2.0086e+10 
           2095     2.20904e+10 
           2105     2.23163e+10 
           2115     2.21294e+10 
           2125     2.17263e+10 
           2135     2.14299e+10 
           2145     2.11176e+10 
           2155     2.11297e+10 
           2165     2.01031e+10 
           2175     2.06163e+10 
           2185     1.96886e+10 
           2195     2.00257e+10 
           2205     1.97314e+10 
           2215     1.87934e+10 
           2225     1.91362e+10 
           2235     1.88628e+10 
           2245     1.85554e+10 
           2255     1.77407e+10 
           2265     1.80162e+10 
           2275     1.77766e+10 
           2285     1.74496e+10 
           2295     1.70068e+10 
           2305     1.64759e+10 
           2315     1.66727e+10 
           2325     1.64913e+10 
           2335     1.62557e+10 
           2345     1.59919e+10 
           2355     1.57477e+10 
           2365     1.55158e+10 
           2375     1.52592e+10 
           2385     1.45428e+10 
           2395     1.47513e+10 
           2405     1.45754e+10 
           2415     1.43859e+10 
           2425     1.42489e+10 
           2435     1.40266e+10 
           2445     1.38365e+10 
           2455     1.35959e+10 
           2465     1.34461e+10 
           2475     1.32879e+10 
           2485     1.30677e+10 
           2495      1.2249e+10 
           2505     1.26791e+10 
           2513     1.18081e+10 
           2518     1.23376e+10 
           2525     1.23041e+10 
           2535     1.22207e+10 
           2545     1.20644e+10 
           2555     1.18934e+10 
           2565     1.17407e+10 
           2575      1.1577e+10 
           2585     1.14239e+10 
           2595     1.11844e+10 
           2605     1.11248e+10 
           2615     1.09363e+10 
           2625     1.08356e+10 
           2635     1.06971e+10 
           2645     1.05426e+10 
           2655     1.04157e+10 
           2665     1.02746e+10 
           2675     1.00916e+10 
           2685     1.00014e+10 
           2695      9.86302e+9 
           2705      9.76292e+9 
           2715       9.6293e+9 
           2725      9.50498e+9 
           2735      9.12535e+9 
           2745      9.27297e+9 
           2755       9.1497e+9 
           2765       9.0329e+9 
           2775       8.9185e+9 
           2785      8.79189e+9 
           2795      8.66931e+9 
           2805      8.58414e+9 
           2815      8.47951e+9 
           2825      8.36388e+9 
           2835      8.27124e+9 
           2845      8.17597e+9 
           2855      8.07395e+9 
           2865      7.96767e+9 
           2875      7.86994e+9 
           2885      7.77928e+9 
           2895      7.68293e+9 
           2910      7.54254e+9 
           2930      7.36749e+9 
           2950      7.18872e+9 
           2970      7.01152e+9 
           2990      6.82996e+9 
           3010      6.67755e+9 
           3030      6.50226e+9 
           3050      6.36301e+9 
           3070      6.21482e+9 
           3090      6.08846e+9 
           3110      5.94965e+9 
           3130      5.81196e+9 
           3150      5.69129e+9 
           3170      5.55971e+9 
           3190      5.43728e+9 
           3210      5.23701e+9 
           3230       5.2056e+9 
           3250      5.09284e+9 
           3270      4.95464e+9 
           3290       4.8692e+9 
           3310      4.76238e+9 
           3330      4.66153e+9 
           3350      4.54929e+9 
           3370      4.46427e+9 
           3390       4.3698e+9 
           3410      4.27561e+9 
           3430      4.19386e+9 
           3450      4.09663e+9 
           3470      4.02139e+9 
           3490      3.93954e+9 
           3510      3.86175e+9 
           3530      3.77972e+9 
           3550      3.70319e+9 
           3570      3.63076e+9 
           3590      3.55653e+9 
           3610      3.48455e+9 
           3630      3.41311e+9 
           3640      3.31505e+9 
           3650       3.0062e+9 
           3670      2.95144e+9 
           3690      2.90542e+9 
           3710      2.87636e+9 
           3730      2.87214e+9 
           3750      2.88659e+9 
           3770      2.88759e+9 
           3790      2.90283e+9 
           3810      2.90954e+9 
           3830       2.7611e+9 
           3850         2.84e+9 
           3870      2.81449e+9 
           3890       2.5887e+9 
           3910      2.72467e+9 
           3930      2.65359e+9 
           3950      2.62462e+9 
           3970      2.39387e+9 
           3990      2.53061e+9 
           4010      2.49137e+9 
           4030      2.40431e+9 
           4050      2.40634e+9 
           4070      2.36046e+9 
           4090      2.26942e+9 
           4110      2.13588e+9 
           4130      2.23362e+9 
           4150       2.1964e+9 
           4170      2.16043e+9 
           4190       2.1146e+9 
           4210       2.0563e+9 
           4230      2.05044e+9 
           4250      2.01458e+9 
           4270      1.97984e+9 
           4290      1.94597e+9 
           4310      1.91005e+9 
           4330      1.82925e+9 
           4350      1.74772e+9 
           4370      1.81326e+9 
           4390      1.77937e+9 
           4410      1.75269e+9 
           4430      1.72543e+9 
           4450      1.69633e+9 
           4470      1.65867e+9 
           4490      1.64137e+9 
           4510       1.6123e+9 
           4530      1.58473e+9 
           4550      1.53542e+9 
           4570      1.53655e+9 
           4590      1.51169e+9 
           4610      1.48782e+9 
           4630      1.46039e+9 
           4650      1.42543e+9 
           4670      1.41531e+9 
           4690      1.34904e+9 
           4710      1.37162e+9 
           4730      1.35263e+9 
           4750      1.33145e+9 
           4770      1.31057e+9 
           4790         1.29e+9 
           4810      1.27017e+9 
           4830       1.2497e+9 
           4850      1.20823e+9 
           4870      1.13952e+9 
           4890      1.19218e+9 
           4910      1.17557e+9 
           4930      1.15439e+9 
           4950      1.14052e+9 
           4970      1.12345e+9 
           4990      1.10678e+9 
           5010      1.08796e+9 
           5030      1.07378e+9 
           5050      1.05749e+9 
           5070      1.04242e+9 
           5090      1.02721e+9 
           5110       1.0122e+9 
           5130      9.97323e+8 
           5150      9.82843e+8 
           5170      9.68701e+8 
           5190      9.54689e+8 
           5210       9.4092e+8 
           5230      9.27525e+8 
           5250      9.13884e+8 
           5270      9.00666e+8 
           5290      8.88486e+8 
           5310       8.7594e+8 
           5330      8.63543e+8 
           5350      8.51492e+8 
           5370      8.39584e+8 
           5390      8.27838e+8 
           5410      8.01882e+8 
           5430      8.05033e+8 
           5450      7.94009e+8 
           5470      7.83028e+8 
           5490       7.7237e+8 
           5510      7.61548e+8 
           5530      7.51469e+8 
           5550      7.41291e+8 
           5570      7.31095e+8 
           5590      7.20242e+8 
           5610      7.11752e+8 
           5630      7.02237e+8 
           5650      6.92871e+8 
           5670      6.83656e+8 
           5690        6.655e+8 
           5710      6.21677e+8 
           5730      6.13777e+8 
           5750      6.05994e+8 
           5770       5.9853e+8 
           5790      5.91458e+8 
           5810      5.83474e+8 
           5830      5.79358e+8 
           5850      5.74609e+8 
           5870      5.66764e+8 
           5890      5.65918e+8 
           5910      5.62246e+8 
           5930      5.59017e+8 
           5950      5.56403e+8 
           5970      5.53696e+8 
           5990      5.51402e+8 
           6010      5.46237e+8 
           6030      5.40454e+8 
           6050      5.35261e+8 
           6070      5.27997e+8 
           6090      5.22349e+8 
           6110      5.15211e+8 
           6130      5.08889e+8 
           6150      5.03483e+8 
           6170      4.95335e+8 
           6190      4.91117e+8 
           6210      4.85301e+8 
           6230      4.77231e+8 
           6250      4.73099e+8 
           6270      4.67835e+8 
           6290      4.62208e+8 
           6310      4.53664e+8 
           6330       4.5099e+8 
           6350      4.45788e+8 
           6370      4.40479e+8 
           6390      4.35041e+8 
           6410      4.26488e+8 
           6430      4.25007e+8 
           6450      4.19937e+8 
           6470      4.14997e+8 
           6490      4.10209e+8 
           6510       4.0514e+8 
           6530      3.96176e+8 
           6550      3.91547e+8 
           6570      3.66475e+8 
           6590       3.8628e+8 
           6610      3.82499e+8 
           6630       3.7811e+8 
           6650      3.73796e+8 
           6670      3.68052e+8 
           6690       3.6003e+8 
           6710      3.60974e+8 
           6730      3.57026e+8 
           6750      3.52979e+8 
           6770      3.49081e+8 
           6790      3.45187e+8 
           6810      3.41329e+8 
           6830      3.37515e+8 
           6850      3.33765e+8 
           6870      3.30036e+8 
           6890      3.21836e+8 
           6910      3.22661e+8 
           6930      3.19255e+8 
           6950      3.15759e+8 
           6970      3.12306e+8 
           6990      3.08894e+8 
           7010      3.05492e+8 
           7030       3.0208e+8 
           7050      2.98883e+8 
           7070      2.94647e+8 
           7090      2.92537e+8 
           7110      2.89373e+8 
           7130       2.8627e+8 
           7150      2.83234e+8 
           7170      2.77457e+8 
           7190      2.75712e+8 
           7210      2.74307e+8 
           7230      2.71408e+8 
           7250      2.68551e+8 
           7270      2.65728e+8 
           7290      2.62642e+8 
           7310      2.60135e+8 
           7330      2.57476e+8 
           7350      2.54801e+8 
           7370       2.5213e+8 
           7390      2.49532e+8 
           7410      2.46945e+8 
           7430       2.4443e+8 
           7450      2.41843e+8 
           7470      2.39436e+8 
           7490      2.36863e+8 
           7510      2.34548e+8 
           7530      2.32187e+8 
           7550      2.29835e+8 
           7570      2.27498e+8 
           7590      2.21743e+8 
           7610      2.22738e+8 
           7630      2.20705e+8 
           7650      2.18484e+8 
           7670      2.16315e+8 
           7690       2.1407e+8 
           7710      2.11991e+8 
           7730      2.09818e+8 
           7750      2.07852e+8 
           7770      2.05803e+8 
           7790      2.03773e+8 
           7810      2.01774e+8 
           7830      1.99792e+8 
           7850      1.97791e+8 
           7870      1.95898e+8 
           7890      1.94005e+8 
           7910       1.9214e+8 
           7930      1.90279e+8 
           7950      1.88441e+8 
           7970      1.86577e+8 
           7990      1.84836e+8 
           8010      1.83063e+8 
           8030      1.81287e+8 
           8050      1.79585e+8 
           8070      1.77875e+8 
           8090      1.76185e+8 
           8110      1.74515e+8 
           8130      1.72871e+8 
           8150      1.71241e+8 
           8170      1.69579e+8 
           8190      1.67297e+8 
           8210      1.59497e+8 
           8230       1.5706e+8 
           8250      1.56421e+8 
           8270      1.55164e+8 
           8290      1.53791e+8 
           8310      1.52414e+8 
           8330      1.50982e+8 
           8350      1.49644e+8 
           8370       1.4837e+8 
           8390      1.47096e+8 
           8410      1.45887e+8 
           8430      1.44686e+8 
           8450       1.4348e+8 
           8470      1.42367e+8 
           8490       1.4131e+8 
           8510      1.40148e+8 
           8530      1.39217e+8 
           8550      1.38004e+8 
           8570      1.37264e+8 
           8590      1.35941e+8 
           8610      1.34985e+8 
           8630      1.34502e+8 
           8650      1.33311e+8 
           8670      1.31414e+8 
           8690      1.31788e+8 
           8710      1.31139e+8 
           8730       1.2996e+8 
           8750      1.26793e+8 
           8770      1.27841e+8 
           8790      1.27802e+8 
           8810      1.27033e+8 
           8830      1.26067e+8 
           8850      1.23357e+8 
           8870      1.19832e+8 
           8890      1.22531e+8 
           8910      1.22066e+8 
           8930      1.21024e+8 
           8950      1.20258e+8 
           8970      1.19095e+8 
           8990      1.17433e+8 
           9010      1.12318e+8 
           9030      1.13415e+8 
           9050      1.14782e+8 
           9070      1.14084e+8 
           9090      1.13259e+8 
           9110      1.12049e+8 
           9130      1.11401e+8 
           9150      1.10482e+8 
           9170      1.09513e+8 
           9190      1.08376e+8 
           9210      1.06365e+8 
           9230      1.00735e+8 
           9250      1.04368e+8 
           9270      1.04738e+8 
           9290      1.04152e+8 
           9310      1.03253e+8 
           9330      1.02331e+8 
           9350      9.94286e+7 
           9370      1.00232e+8 
           9390      9.98822e+7 
           9410      9.90751e+7 
           9430      9.82783e+7 
           9450       9.7479e+7 
           9470      9.66348e+7 
           9490       9.5885e+7 
           9510      9.47323e+7 
           9530      9.27756e+7 
           9550      8.77732e+7 
           9570      9.17836e+7 
           9590      9.18885e+7 
           9610      9.13108e+7 
           9630      9.05457e+7 
           9650      8.98634e+7 
           9670      8.91457e+7 
           9690      8.84331e+7 
           9710      8.75217e+7 
           9730       8.7007e+7 
           9750      8.62065e+7 
           9770      8.50568e+7 
           9790      8.49729e+7 
           9810      8.43019e+7 
           9830      8.36277e+7 
           9850      8.29781e+7 
           9870      8.23287e+7 
           9890      8.16803e+7 
           9910      8.10402e+7 
           9930      8.04085e+7 
           9950      7.97811e+7 
           9970       7.9162e+7 
           9990      7.85471e+7 
          10025      7.62528e+7 
          10075      7.41839e+7 
          10125      7.33355e+7 
          10175      7.31332e+7 
          10225      7.17496e+7 
          10275      7.03928e+7 
          10325      6.90269e+7 
          10375      6.77963e+7 
          10425      6.61873e+7 
          10475      6.53098e+7 
          10525      6.41091e+7 
          10575      6.29351e+7 
          10625      6.17902e+7 
          10675      6.06639e+7 
          10725      5.95757e+7 
          10775      5.85048e+7 
          10825      5.73065e+7 
          10875       5.6408e+7 
          10925       5.3513e+7 
          10975      5.40367e+7 
          11025      5.34734e+7 
          11075      5.25587e+7 
          11125      5.16428e+7 
          11175      5.07773e+7 
          11225      4.98987e+7 
          11275      4.90421e+7 
          11325      4.81988e+7 
          11375      4.73801e+7 
          11425      4.65767e+7 
          11475      4.57882e+7 
          11525      4.50174e+7 
          11575      4.42611e+7 
          11625      4.30811e+7 
          11675       4.2489e+7 
          11725      4.20891e+7 
          11775      4.13953e+7 
          11825      4.07118e+7 
          11875      4.00466e+7 
          11925       3.9396e+7 
          11975      3.86975e+7 
          12025      3.81288e+7 
          12075      3.75139e+7 
          12125      3.69104e+7 
          12175      3.63235e+7 
          12225       3.5747e+7 
          12275      3.51788e+7 
          12325      3.46236e+7 
          12375      3.40789e+7 
          12425      3.35465e+7 
          12475      3.30215e+7 
          12525      3.25038e+7 
          12575      3.20052e+7 
          12625      3.15112e+7 
          12675      3.10285e+7 
          12725      3.05524e+7 
          12775      2.99375e+7 
          12825      2.84997e+7 
          12875      2.91356e+7 
          12925      2.87415e+7 
          12975      2.82922e+7 
          13025      2.78866e+7 
          13075       2.7471e+7 
          13125      2.70609e+7 
          13175      2.66605e+7 
          13225      2.62676e+7 
          13275       2.5882e+7 
          13325      2.55036e+7 
          13375        2.513e+7 
          13425      2.47634e+7 
          13475      2.44078e+7 
          13525      2.40546e+7 
          13575      2.37081e+7 
          13625       2.3368e+7 
          13675      2.30343e+7 
          13725      2.27067e+7 
          13775      2.23854e+7 
          13825        2.207e+7 
          13875      2.17586e+7 
          13925       2.1453e+7 
          13975      2.11531e+7 
          14025       2.0859e+7 
          14075      2.05684e+7 
          14125      2.02852e+7 
          14175      2.00036e+7 
          14225      1.97292e+7 
          14275      1.94599e+7 
          14325       1.9194e+7 
          14375      1.89331e+7 
          14425      1.86771e+7 
          14475      1.84243e+7 
          14525      1.81762e+7 
          14570      1.79559e+7 
          14620      1.77205e+7 
          14675      1.74607e+7 
          14725      1.72221e+7 
          14775      1.68444e+7 
          14825      1.67754e+7 
          14875      1.65568e+7 
          14925      1.63403e+7 
          14975       1.6127e+7 
          15025      1.59171e+7 
          15075      1.57076e+7 
          15125      1.55071e+7 
          15175       1.5307e+7 
          15225      1.51106e+7 
          15275      1.49159e+7 
          15325      1.47246e+7 
          15375      1.45378e+7 
          15425      1.43499e+7 
          15475      1.41712e+7 
          15525      1.39912e+7 
          15575      1.38077e+7 
          15625      1.36495e+7 
          15675       1.3464e+7 
          15725      1.32885e+7 
          15775      1.31618e+7 
          15825      1.29888e+7 
          15875      1.27742e+7 
          15925      1.26536e+7 
          15975      1.25316e+7 
          16050      1.22796e+7 
          16150      1.19447e+7 
          16250      1.17162e+7 
          16350      1.14028e+7 
          16450      1.10814e+7 
          16550      1.09007e+7 
          16650      1.06449e+7 
          16750      1.03569e+7 
          16850       1.0054e+7 
          16950      9.92064e+6 
          17050      9.68204e+6 
          17150      9.47185e+6 
          17250      9.25675e+6 
          17350      8.90743e+6 
          17450        8.833e+6 
          17550      8.64772e+6 
          17650       8.4558e+6 
          17750      8.26921e+6 
          17850      8.08777e+6 
          17950      7.91116e+6 
          18050       7.7392e+6 
          18150      7.44214e+6 
          18250      7.38931e+6 
          18350      7.25126e+6 
          18450      7.09717e+6 
          18550      6.94838e+6 
          18650      6.72027e+6 
          18750      6.50187e+6 
          18850      6.52085e+6 
          18950      6.38642e+6 
          19050      6.25094e+6 
          19150      6.12665e+6 
          19250      6.00167e+6 
          19350      5.87608e+6 
          19450      5.63739e+6 
          19550      5.64107e+6 
          19650      5.53267e+6 
          19750      5.42271e+6 
          19850      5.31532e+6 
          19950      5.21066e+6 
          20050      5.10861e+6 
          20150      5.00893e+6 
          20250      4.91171e+6 
          20350       4.8168e+6 
          20450      4.72416e+6 
          20550      4.63269e+6 
          20650       4.5456e+6 
          20750      4.45878e+6 
          20850      4.37529e+6 
          20950      4.29318e+6 
          21050      4.21295e+6 
          21150      4.13237e+6 
          21250      4.05796e+6 
          21350      3.98316e+6 
          21450      3.91001e+6 
          21550      3.83713e+6 
          21650      3.67848e+6 
          21750      3.69569e+6 
          21850      3.63369e+6 
          21950      3.56876e+6 
          22050      3.50499e+6 
          22150      3.44264e+6 
          22250      3.38169e+6 
          22350      3.32209e+6 
          22450      3.26378e+6 
          22550      3.20676e+6 
          22650      3.15097e+6 
          22750      3.09632e+6 
          22850      3.04604e+6 
          22950      2.99373e+6 
          23050      2.94242e+6 
          23150      2.89239e+6 
          23250      2.84331e+6 
          23350       2.7953e+6 
          23450      2.74829e+6 
          23550      2.70224e+6 
          23650      2.65721e+6 
          23750      2.61304e+6 
          23850      2.56985e+6 
          23950      2.52748e+6 
          24050      2.48599e+6 
          24150      2.44536e+6 
          24250      2.40544e+6 
          24350      2.36659e+6 
          24450      2.32837e+6 
          24550      2.29094e+6 
          24650      2.25422e+6 
          24750      2.21753e+6 
          24850      2.18306e+6 
          24950      2.14847e+6 
          25050       2.1146e+6 
          25150      2.08138e+6 
          25250      2.04803e+6 
          25350       2.0169e+6 
          25450      1.98561e+6 
          25550      1.95492e+6 
          25650      1.92138e+6 
          25750      1.89523e+6 
          25850      1.86628e+6 
          25950      1.83788e+6 
          26050       1.8082e+6 
          26150      1.77357e+6 
          26250      1.70803e+6 
          26350      1.72656e+6 
          26450      1.70357e+6 
          26550      1.67804e+6 
          26650      1.65221e+6 
          26750      1.61893e+6 
          26850      1.60376e+6 
          26950      1.58135e+6 
          27050       1.5582e+6 
          27150       1.5355e+6 
          27250      1.51319e+6 
          27350      1.49131e+6 
          27450      1.46967e+6 
          27550      1.43653e+6 
          27650      1.42301e+6 
          27750      1.40759e+6 
          27850      1.38759e+6 
          27950      1.36794e+6 
          28050      1.34862e+6 
          28150      1.32969e+6 
          28250      1.31104e+6 
          28350      1.29271e+6 
          28450      1.27471e+6 
          28550      1.25701e+6 
          28650      1.23604e+6 
          28750      1.20681e+6 
          28850      1.20498e+6 
          28950       1.1893e+6 
          29050      1.17309e+6 
          29150      1.15716e+6 
          29250      1.14147e+6 
          29350      1.12605e+6 
          29450       1.1109e+6 
          29550      1.09602e+6 
          29650       1.0814e+6 
          29750      1.06699e+6 
          29850      1.05279e+6 
          29950      1.03888e+6 
          30050      1.02518e+6 
          30150      1.01168e+6 
          30250          998330 
          30350          971924 
          30450          965146 
          30550          959926 
          30650          947497 
          30750          935290 
          30850          923259 
          30950          911441 
          31050          899797 
          31150          888360 
          31250          877091 
          31350          865983 
          31450          855041 
          31550          844291 
          31650          833738 
          31750          823299 
          31850          813049 
          31950          802949 
          32100          788112 
          32300          768815 
          32500          750144 
          32700          731976 
          32900          704866 
          33100          695857 
          33300          681137 
          33500          665072 
          33700          649473 
          33900          634325 
          34100          619584 
          34300          605302 
          34500          591437 
          34700          577943 
          34900          564842 
          35100          552095 
          35300          539719 
          35500          527677 
          35700          515958 
          35900          504584 
          36100          493515 
          36300          482747 
          36500          472266 
          36700          462070 
          36900          452150 
          37100          442362 
          37300          430130 
          37500          419179 
          37700          415036 
          37900          406339 
          38100          397879 
          38300          389652 
          38500          381624 
          38700          373814 
          38900          366173 
          39100          358444 
          39300          351513 
          39500          344459 
          39700          337581 
          39900          330869 
          40100          323968 
          40300          317234 
          40500          306712 
          40700          305617 
          40900          299684 
          41100          293898 
          41300          288209 
          41500          282726 
          41700          276077 
          41900          272074 
          42100          266966 
          42300          261942 
          42500          257042 
          42700          252264 
          42900          247543 
          43100          243020 
          43300          238570 
          43500          234211 
          43700          228521 
          43900          225388 
          44100          221702 
          44300          217727 
          44500          213834 
          44700          210096 
          44900          206378 
          45100          202737 
          45300          199170 
          45500          195694 
          45700          192289 
          45900          188954 
          46100          185688 
          46300          182505 
          46500          175642 
          46700          174279 
          46900          173070 
          47100          170397 
          47300          167532 
          47500          164723 
          47700          161973 
          47900          159281 
          48100          156645 
          48300          154061 
          48500          151531 
          48700          149054 
          48900          146625 
          49100          144247 
          49300          141917 
          49500          139633 
          49700          137393 
          49900          135200 
          50100          133050 
          50300          130943 
          50500          128876 
          50700          126850 
          50900          124864 
          51100          122776 
          51300          119267 
          51500          119057 
          51700          117297 
          51900          115496 
          52100          113728 
          52300          111995 
          52500          110293 
          52700          108624 
          52900          106988 
          53100          105380 
          53300          103804 
          53500          102256 
          53700          100737 
          53900           99246 
          54100         97783.9 
          54300         96346.7 
          54500         94937.1 
          54700         93552.6 
          54900         92192.5 
          55100         90856.6 
          55300         89544.1 
          55500         88258.9 
          55700         86993.8 
          55900         85752.6 
          56100         84531.9 
          56300         83334.5 
          56500         82156.6 
          56700         81000.3 
          56900         79862.9 
          57100           78676 
          57300         77649.2 
          57500         76570.9 
          57700         75511.4 
          57900         74470.5 
          58100         73447.4 
          58300         72440.1 
          58500         71465.7 
          58700         70492.9 
          58900         69417.8 
          59100         67254.2 
          59300         67605.9 
          59500         66579.7 
          59700         65804.4 
          59900         64993.2 
          60100         64129.5 
          60300         63279.9 
          60500         62444.4 
          60700         61622.6 
          60900         60813.2 
          61100         60018.2 
          61300         59236.3 
          61500         58466.1 
          61700         57708.5 
          61900         56963.6 
          62100         56230.9 
          62300         55509.6 
          62500         54798.8 
          62700         54079.9 
          62900         53106.1 
          63100         52685.8 
          63300         52070.7 
          63500           51415 
          63700         50769.6 
          63900         50134.9 
          64200         49200.4 
          64600         47988.1 
          65000         46812.6 
          65400         45672.8 
          65800         44567.4 
          66200           43496 
          66600           42456 
          67000         41446.3 
          67400         40448.3 
          67800         39303.7 
          68200         38592.9 
          68600         37696.5 
          69000         36826.5 
          69400         35980.8 
          69800         35158.8 
          70200         34360.4 
          70600         33584.3 
          71000         32830.3 
          71400         32097.6 
          71800         31384.4 
          72200         30691.6 
          72600         30016.7 
          73000         29361.5 
          73400         28723.5 
          73800         28102.4 
          74200         27488.2 
          74600         26460.4 
          75000         25802.5 
          75400         25747.5 
          75800         25237.1 
          76200         24708.8 
          76600           24194 
          77000         23692.9 
          77400           23204 
          77800         22727.7 
          78200         22264.1 
          78600         21811.9 
          79000         21371.2 
          79400         20941.3 
          79800         20522.4 
          80200         20113.3 
          80600         19715.2 
          81000         19326.3 
          81400         18933.8 
          81800         18576.3 
          82200         18215.8 
          82600         17863.7 
          83000         17519.7 
          83400         17184.1 
          83800         16856.3 
          84200         16536.6 
          84600         16224.3 
          85000         15919.1 
          85400         15621.1 
          85800         15329.9 
          86200         15045.5 
          86600           14734 
          87000         14496.3 
          87400         14138.6 
          87800         13880.5 
          88200         13719.1 
          88600         13471.2 
          89000         13229.5 
          89400         12992.6 
          89800         12761.3 
          90200         12534.9 
          90600         12313.4 
          91000         12097.1 
          91400         11885.5 
          91800           11678 
          92200         11475.4 
          92600         11277.2 
          93000         11083.2 
          93400         10893.1 
          93800         10661.2 
          94200           10514 
          94600         10347.4 
          95000         10173.2 
          95400         10002.4 
          95800         9835.26 
          96200         9671.42 
          96600         9511.16 
          97000         9354.39 
          97400         9200.69 
          97800         9049.95 
          98200         8902.16 
          98600          8757.6 
          99000         8615.86 
          99400         8477.26 
          99800         8341.37 
         100200         8207.75 
         200000           504.5 
         400000         30.5483 
         600000         5.91122 
         800000         1.84198 
         1.0e+6        0.745437 
         1.2e+6        0.355932 
         1.4e+6        0.190516 
         1.6e+6        0.110868 
