# Kurucz ODFNEW /NOVER models
# teff = 6750 K (value for the effective temperature for the model. Temperatures are given in K)
# logg = 2.00 log(cm/s2) (value for Log(G) for the model.)
# meta = -0.5  (value for the Metallicity for the model.)
# lh = 1.25  (l/Hp where l is the  mixing length of the convective element and Hp is the pressure scale height)
# vtur = 2.0 km/s (Microturbulence velocity)
#
# column 1: WAVELENGTH (ANGSTROM), Wavelength in Angstrom
# column 2: FLUX (ERG/CM2/S/A), Flux in erg/cm2/s/A
              0               0 
           90.9               0 
           93.5               0 
           96.1               0 
           97.7               0 
           99.6               0 
            102               0 
          103.8               0 
          105.6               0 
          107.7               0 
          110.4               0 
            114               0 
          117.8               0 
          121.3               0 
          124.8               0 
          127.1               0 
          128.4               0 
          130.5               0 
          132.4               0 
          133.9               0 
          136.6               0 
          139.8               0 
          143.3               0 
          147.2               0 
            151               0 
          155.2               0 
          158.8               0 
            162               0 
            166               0 
          170.3               0 
          173.4               0 
          176.8               0 
          180.2               0 
          181.7               0 
          186.1               0 
            191               0 
          193.9               0 
          198.4               0 
          201.8               0 
            205               0 
          210.5               0 
          216.2               0 
          219.8               0 
            223               0 
          226.8               0 
            230               0 
            234               0 
            240               0 
          246.5               0 
          252.4               0 
          256.8               0 
            260               0 
            264               0 
          268.5               0 
          273.5               0 
          278.5               0 
            284               0 
            290               0 
            296               0 
            301               0 
            308               0 
            318               0 
            328               0 
            338               0 
            348               0 
            357               0 
            366               0 
            375               0 
            385               0 
            395               0 
            405               0 
            414      3.2779e-24 
            422     1.32887e-23 
            430     5.09941e-23 
            441      2.9785e-22 
            451     1.36848e-21 
            460     5.08427e-21 
            470     2.05334e-20 
            480     7.79328e-20 
            490     2.79245e-19 
            500     9.46709e-19 
            506     2.55008e-18 
            512     5.71755e-18 
            520     1.39323e-17 
            530     4.10113e-17 
            540     1.13815e-16 
            550      3.0735e-16 
            560     7.94102e-16 
            570     1.97908e-15 
            580     4.71349e-15 
            590     1.11125e-14 
            600     2.51248e-14 
            610     5.51933e-14 
            620      1.1789e-13 
            630     2.45297e-13 
            640     4.97991e-13 
            650     9.87345e-13 
            658     1.67916e-12 
            665     2.64063e-12 
            675     4.95569e-12 
            685     9.11345e-12 
            695      1.6438e-11 
            705     2.90644e-11 
            716     5.34455e-11 
            726     9.12529e-11 
            735     1.45671e-10 
            745     2.41381e-10 
            755     3.94083e-10 
            765     6.34337e-10 
            775      1.00708e-9 
            785       1.5782e-9 
            795      2.43083e-9 
            805      3.72606e-9 
            815      5.63418e-9 
            825      8.41607e-9 
            835      1.24373e-8 
            845       1.8188e-8 
            855      2.63305e-8 
            865      3.77514e-8 
            875      5.35603e-8 
            885      7.54689e-8 
            895      1.05316e-7 
            905      1.45545e-7 
            915      0.00028037 
            925     0.000925199 
            935      0.00127292 
            945      0.00180518 
            955      0.00258272 
            965      0.00353188 
            975      0.00467313 
            985      0.00634625 
            995      0.00825817 
           1005       0.0114046 
           1015        0.014995 
           1025       0.0191566 
           1035       0.0255166 
           1045       0.0332227 
           1055       0.0429084 
           1065       0.0544357 
           1075       0.0699524 
           1085        0.089214 
           1095        0.111685 
           1105        0.354169 
           1115         1.27414 
           1125         1.89728 
           1135         2.70646 
           1145         3.45487 
           1155         3.74549 
           1165         4.95248 
           1175         5.44867 
           1185          6.3508 
           1195         2.54565 
           1205         1.94124 
           1215        0.868262 
           1225         2.44409 
           1235         6.23997 
           1245         14.2295 
           1255         31.2096 
           1265         38.2163 
           1275         64.4854 
           1285         102.237 
           1295          140.39 
           1305         132.006 
           1315          215.19 
           1325         274.733 
           1335          328.89 
           1345          422.27 
           1355         461.836 
           1365         544.585 
           1375         615.222 
           1385         698.852 
           1395         832.841 
           1405         957.768 
           1415         1035.84 
           1425         1181.84 
           1435         1239.05 
           1442         1474.72 
           1447         1564.29 
           1455         1773.57 
           1465         1849.75 
           1475         2094.37 
           1485         2368.12 
           1495         2739.06 
           1505         3069.87 
           1512         3156.69 
           1517         3458.41 
           1525         3885.85 
           1535         6312.19 
           1545         8915.02 
           1555         9560.71 
           1565         8958.55 
           1575         12362.5 
           1585         13926.8 
           1595         17128.9 
           1605         17176.5 
           1615         17599.9 
           1625         17953.2 
           1635         22597.7 
           1645         28968.7 
           1655         18280.7 
           1665         33110.6 
           1672         19560.3 
           1677         49569.5 
           1685          118205 
           1695          211180 
           1705          284535 
           1715          533352 
           1725          657007 
           1735          852223 
           1745          734908 
           1755      1.01968e+6 
           1765          741351 
           1775      1.03532e+6 
           1785          922252 
           1795      1.48399e+6 
           1805      1.03024e+6 
           1815      1.32762e+6 
           1825      1.07152e+6 
           1835      1.11971e+6 
           1845      1.00475e+6 
           1855      1.24229e+6 
           1865      1.53054e+6 
           1875      1.41214e+6 
           1885      1.53757e+6 
           1895      1.76488e+6 
           1905      1.60449e+6 
           1915      1.70725e+6 
           1925      1.52649e+6 
           1935          860201 
           1945      1.97605e+6 
           1955      2.10887e+6 
           1967      2.42333e+6 
           1976      2.35538e+6 
           1984      2.27813e+6 
           1995      2.27816e+6 
           2005      2.16347e+6 
           2015      2.03423e+6 
           2025      1.84799e+6 
           2035      2.35896e+6 
           2045      2.65592e+6 
           2055      2.37803e+6 
           2065      2.20999e+6 
           2074      2.91577e+6 
           2078       3.4507e+6 
           2085      3.28986e+6 
           2095      3.11742e+6 
           2105      2.95201e+6 
           2115      3.16023e+6 
           2125      3.08043e+6 
           2135      2.42821e+6 
           2145      3.08882e+6 
           2155      3.19123e+6 
           2165      2.84234e+6 
           2175      2.92545e+6 
           2185       3.1638e+6 
           2195      3.58579e+6 
           2205      3.37195e+6 
           2215      2.73389e+6 
           2225      2.70261e+6 
           2235      3.59142e+6 
           2245      3.26147e+6 
           2255      2.61421e+6 
           2265      2.63252e+6 
           2275      3.20958e+6 
           2285      3.43415e+6 
           2295      3.05896e+6 
           2305      3.39809e+6 
           2315      3.17013e+6 
           2325      3.00974e+6 
           2335      1.93153e+6 
           2345       1.3614e+6 
           2355      2.60504e+6 
           2365      1.38528e+6 
           2375       2.0422e+6 
           2385          989672 
           2395      1.40459e+6 
           2405      1.35691e+6 
           2415      1.86536e+6 
           2425      3.20814e+6 
           2435      3.16857e+6 
           2445      3.53581e+6 
           2455      3.55146e+6 
           2465      3.43112e+6 
           2475      3.09842e+6 
           2485      3.01555e+6 
           2495       2.9259e+6 
           2505      4.06872e+6 
           2513      2.96127e+6 
           2518      3.10858e+6 
           2525      2.45445e+6 
           2535      2.39637e+6 
           2545      2.62896e+6 
           2555      3.27613e+6 
           2565      2.75578e+6 
           2575      3.26378e+6 
           2585      2.92568e+6 
           2595      2.61707e+6 
           2605      2.20291e+6 
           2615      2.01884e+6 
           2625      2.80866e+6 
           2635      3.75742e+6 
           2645        5.463e+6 
           2655      5.82437e+6 
           2665      4.52624e+6 
           2675      5.10025e+6 
           2685      5.11671e+6 
           2695       4.5587e+6 
           2705      5.01445e+6 
           2715      4.18741e+6 
           2725      4.24038e+6 
           2735      4.60751e+6 
           2745      2.52716e+6 
           2755      3.21189e+6 
           2765      3.83156e+6 
           2775        4.677e+6 
           2785      3.45736e+6 
           2795      1.09981e+6 
           2805      1.47929e+6 
           2815      4.50063e+6 
           2825      5.82233e+6 
           2835      5.56337e+6 
           2845      5.34188e+6 
           2855      4.54117e+6 
           2865      5.76645e+6 
           2875      5.68766e+6 
           2885      5.78635e+6 
           2895       5.4952e+6 
           2910      6.76533e+6 
           2930      6.37925e+6 
           2950       6.2766e+6 
           2970      6.82828e+6 
           2990      6.88389e+6 
           3010      7.22224e+6 
           3030      7.17032e+6 
           3050      7.27662e+6 
           3070      7.36641e+6 
           3090      7.71762e+6 
           3110      7.45311e+6 
           3130      7.39624e+6 
           3150      7.79733e+6 
           3170      7.80312e+6 
           3190      7.17802e+6 
           3210      7.64932e+6 
           3230      7.10064e+6 
           3250      7.74004e+6 
           3270      8.10543e+6 
           3290      8.17426e+6 
           3310      8.45367e+6 
           3330      8.25152e+6 
           3350      8.16404e+6 
           3370      7.97652e+6 
           3390      8.21278e+6 
           3410      8.35228e+6 
           3430      8.59844e+6 
           3450      8.56993e+6 
           3470       8.4367e+6 
           3490      8.43058e+6 
           3510       8.7534e+6 
           3530       8.6932e+6 
           3550      9.21163e+6 
           3570      8.58639e+6 
           3590      8.60353e+6 
           3610      8.73421e+6 
           3630      8.90872e+6 
           3640      8.75349e+6 
           3650      9.31638e+6 
           3670      9.12673e+6 
           3690         9.45e+6 
           3710      1.16859e+7 
           3730       1.3619e+7 
           3750       1.7484e+7 
           3770      1.87025e+7 
           3790       2.1761e+7 
           3810      2.44271e+7 
           3830      2.00288e+7 
           3850      2.55127e+7 
           3870      2.72796e+7 
           3890      1.96311e+7 
           3910      2.61157e+7 
           3930      1.76217e+7 
           3950      2.49206e+7 
           3970      1.56081e+7 
           3990      2.66313e+7 
           4010      2.80484e+7 
           4030      2.77406e+7 
           4050       2.7465e+7 
           4070      2.69137e+7 
           4090       2.5489e+7 
           4110      2.11315e+7 
           4130      2.67691e+7 
           4150      2.75879e+7 
           4170      2.69729e+7 
           4190      2.69006e+7 
           4210      2.67519e+7 
           4230      2.62089e+7 
           4250      2.65218e+7 
           4270      2.59599e+7 
           4290      2.58105e+7 
           4310      2.42493e+7 
           4330      2.27317e+7 
           4350       2.0148e+7 
           4370      2.57244e+7 
           4390      2.52599e+7 
           4410      2.47543e+7 
           4430      2.47674e+7 
           4450      2.48535e+7 
           4470      2.48201e+7 
           4490      2.47957e+7 
           4510      2.55171e+7 
           4530      2.42496e+7 
           4550      2.40278e+7 
           4570      2.49561e+7 
           4590      2.39649e+7 
           4610      2.46011e+7 
           4630      2.39866e+7 
           4650      2.41519e+7 
           4670      2.42011e+7 
           4690      2.36098e+7 
           4710      2.28578e+7 
           4730       2.3655e+7 
           4750       2.3715e+7 
           4770      2.33377e+7 
           4790      2.31728e+7 
           4810      2.29805e+7 
           4830      2.26081e+7 
           4850      1.99893e+7 
           4870      1.66771e+7 
           4890      2.16849e+7 
           4910      2.18993e+7 
           4930      2.14197e+7 
           4950      2.18312e+7 
           4970      2.19548e+7 
           4990      2.10091e+7 
           5010      2.03284e+7 
           5030      2.10187e+7 
           5050      2.07403e+7 
           5070       2.1024e+7 
           5090      2.06555e+7 
           5110      2.06226e+7 
           5130      2.01443e+7 
           5150      1.97949e+7 
           5170        1.948e+7 
           5190       1.9298e+7 
           5210      1.92903e+7 
           5230       1.9278e+7 
           5250       1.9566e+7 
           5270      1.84086e+7 
           5290      1.92026e+7 
           5310      1.90182e+7 
           5330      1.84063e+7 
           5350      1.89178e+7 
           5370      1.87066e+7 
           5390      1.85136e+7 
           5410      1.81787e+7 
           5430      1.82047e+7 
           5450      1.83555e+7 
           5470      1.81359e+7 
           5490      1.80715e+7 
           5510      1.79256e+7 
           5530      1.78122e+7 
           5550      1.78749e+7 
           5570      1.75695e+7 
           5590      1.73885e+7 
           5610      1.73629e+7 
           5630       1.7386e+7 
           5650       1.7164e+7 
           5670      1.69236e+7 
           5690      1.69863e+7 
           5710      1.68167e+7 
           5730      1.69462e+7 
           5750      1.67191e+7 
           5770       1.6651e+7 
           5790      1.64788e+7 
           5810      1.64158e+7 
           5830      1.63399e+7 
           5850      1.61348e+7 
           5870      1.60721e+7 
           5890      1.57079e+7 
           5910      1.58477e+7 
           5930      1.57335e+7 
           5950      1.56439e+7 
           5970      1.55519e+7 
           5990      1.53873e+7 
           6010      1.52287e+7 
           6030        1.516e+7 
           6050      1.51094e+7 
           6070      1.50498e+7 
           6090      1.48821e+7 
           6110      1.47253e+7 
           6130      1.44749e+7 
           6150      1.43192e+7 
           6170      1.42453e+7 
           6190      1.43805e+7 
           6210      1.43164e+7 
           6230      1.41023e+7 
           6250      1.37315e+7 
           6270      1.40226e+7 
           6290      1.39326e+7 
           6310      1.36893e+7 
           6330      1.36715e+7 
           6350      1.35641e+7 
           6370      1.34707e+7 
           6390      1.34289e+7 
           6410      1.32187e+7 
           6430      1.32004e+7 
           6450      1.30281e+7 
           6470      1.30314e+7 
           6490      1.27839e+7 
           6510      1.28175e+7 
           6530      1.27108e+7 
           6550      1.18387e+7 
           6570      9.76892e+6 
           6590      1.22757e+7 
           6610      1.24249e+7 
           6630      1.24186e+7 
           6650      1.23482e+7 
           6670      1.22345e+7 
           6690      1.22086e+7 
           6710       1.2105e+7 
           6730      1.20481e+7 
           6750      1.19107e+7 
           6770      1.18971e+7 
           6790      1.18043e+7 
           6810      1.17342e+7 
           6830      1.16389e+7 
           6850      1.15534e+7 
           6870      1.15102e+7 
           6890      1.14435e+7 
           6910      1.13647e+7 
           6930      1.12874e+7 
           6950      1.12155e+7 
           6970      1.11435e+7 
           6990      1.10783e+7 
           7010      1.09308e+7 
           7030      1.09068e+7 
           7050      1.08617e+7 
           7070      1.07905e+7 
           7090      1.07238e+7 
           7110      1.05197e+7 
           7130      1.05334e+7 
           7150      1.04775e+7 
           7170       1.0411e+7 
           7190      1.03051e+7 
           7210      1.02603e+7 
           7230      1.01986e+7 
           7250      1.01553e+7 
           7270      1.01152e+7 
           7290      9.99172e+6 
           7310      9.93713e+6 
           7330       9.8865e+6 
           7350      9.85367e+6 
           7370      9.81482e+6 
           7390      9.70176e+6 
           7410      9.58838e+6 
           7430      9.54914e+6 
           7450      9.50744e+6 
           7470      9.43162e+6 
           7490      9.38132e+6 
           7510      9.34477e+6 
           7530      9.30847e+6 
           7550      9.28301e+6 
           7570      9.20183e+6 
           7590      9.15536e+6 
           7610      9.09819e+6 
           7630      9.04861e+6 
           7650      8.97561e+6 
           7670      8.87443e+6 
           7690      8.86273e+6 
           7710      8.77499e+6 
           7730      8.75991e+6 
           7750      8.69089e+6 
           7770       8.5314e+6 
           7790      8.62362e+6 
           7810      8.56528e+6 
           7830      8.48044e+6 
           7850      8.41344e+6 
           7870      8.38532e+6 
           7890       8.3247e+6 
           7910      8.27544e+6 
           7930        8.193e+6 
           7950      8.15304e+6 
           7970      8.16554e+6 
           7990      8.08813e+6 
           8010      8.04484e+6 
           8030      7.99256e+6 
           8050      7.94939e+6 
           8070      7.91005e+6 
           8090       7.8468e+6 
           8110      7.82878e+6 
           8130      7.78804e+6 
           8150      7.73794e+6 
           8170      7.69163e+6 
           8190      7.54853e+6 
           8210      7.55204e+6 
           8230      7.49646e+6 
           8250      7.45794e+6 
           8270      7.48084e+6 
           8290         7.43e+6 
           8310      7.36263e+6 
           8330      7.24101e+6 
           8350      7.27983e+6 
           8370      7.19562e+6 
           8390      7.12604e+6 
           8410       7.0975e+6 
           8430      7.11159e+6 
           8450      7.00357e+6 
           8470      6.84345e+6 
           8490      7.11752e+6 
           8510      6.52801e+6 
           8530       7.1234e+6 
           8550      6.01615e+6 
           8570      7.20632e+6 
           8590      6.86342e+6 
           8610      6.66184e+6 
           8630      7.20662e+6 
           8650      7.06158e+6 
           8670      5.85627e+6 
           8690      6.99173e+6 
           8710       7.1687e+6 
           8730      7.04494e+6 
           8750       6.0946e+6 
           8770      6.88482e+6 
           8790      7.03784e+6 
           8810      6.98313e+6 
           8830       6.8776e+6 
           8850       6.6094e+6 
           8870      5.91167e+6 
           8890      6.76218e+6 
           8910      6.79782e+6 
           8930      6.75277e+6 
           8950      6.76401e+6 
           8970      6.70954e+6 
           8990       6.6056e+6 
           9010      5.76975e+6 
           9030      6.21038e+6 
           9050      6.54267e+6 
           9070      6.41586e+6 
           9090       6.3115e+6 
           9110      6.41592e+6 
           9130      6.44524e+6 
           9150      6.42293e+6 
           9170       6.3645e+6 
           9190      6.30338e+6 
           9210      6.09925e+6 
           9230      5.26139e+6 
           9250      5.94006e+6 
           9270       6.0723e+6 
           9290      6.15792e+6 
           9310      6.14149e+6 
           9330      6.10219e+6 
           9350      6.07269e+6 
           9370      6.04379e+6 
           9390       5.9954e+6 
           9410      5.81423e+6 
           9430       5.8968e+6 
           9450       5.8765e+6 
           9470      5.87227e+6 
           9490      5.83417e+6 
           9510      5.76759e+6 
           9530      5.58453e+6 
           9550      4.86845e+6 
           9570      5.56097e+6 
           9590      5.65127e+6 
           9610      5.60045e+6 
           9630      5.54634e+6 
           9650      5.56505e+6 
           9670      5.48845e+6 
           9690      5.48548e+6 
           9710      5.50326e+6 
           9730      5.47112e+6 
           9750      5.40589e+6 
           9770       5.4126e+6 
           9790      5.38106e+6 
           9810      5.35564e+6 
           9830      5.32566e+6 
           9850      5.27494e+6 
           9870      5.24934e+6 
           9890      5.20233e+6 
           9910      5.18824e+6 
           9930      5.16965e+6 
           9950      5.14699e+6 
           9970      5.12675e+6 
           9990      5.09039e+6 
          10025      4.88134e+6 
          10075       4.6916e+6 
          10125      4.88353e+6 
          10175      4.84147e+6 
          10225      4.79062e+6 
          10275      4.73735e+6 
          10325      4.64774e+6 
          10375      4.60514e+6 
          10425      4.54998e+6 
          10475       4.4452e+6 
          10525      4.41735e+6 
          10575      4.36219e+6 
          10625      4.30154e+6 
          10675      4.18597e+6 
          10725      4.17521e+6 
          10775      4.12973e+6 
          10825      4.06917e+6 
          10875      4.01494e+6 
          10925      3.67369e+6 
          10975      3.85017e+6 
          11025      3.89838e+6 
          11075      3.86235e+6 
          11125      3.80365e+6 
          11175      3.75643e+6 
          11225      3.72033e+6 
          11275      3.62875e+6 
          11325      3.58648e+6 
          11375      3.56873e+6 
          11425       3.5055e+6 
          11475      3.49936e+6 
          11525      3.45969e+6 
          11575      3.41245e+6 
          11625      3.33519e+6 
          11675       3.2821e+6 
          11725      3.29664e+6 
          11775      3.20238e+6 
          11825      3.18856e+6 
          11875      3.13211e+6 
          11925      3.14698e+6 
          11975      3.07242e+6 
          12025      3.05863e+6 
          12075       3.0163e+6 
          12125      2.98585e+6 
          12175      2.96341e+6 
          12225      2.92611e+6 
          12275      2.88607e+6 
          12325      2.85675e+6 
          12375      2.82608e+6 
          12425      2.79826e+6 
          12475      2.76425e+6 
          12525      2.72758e+6 
          12575      2.68544e+6 
          12625      2.66137e+6 
          12675      2.64042e+6 
          12725      2.61203e+6 
          12775        2.557e+6 
          12825      2.30829e+6 
          12875      2.50607e+6 
          12925      2.49304e+6 
          12975      2.46849e+6 
          13025      2.44202e+6 
          13075      2.41743e+6 
          13125      2.38505e+6 
          13175      2.35374e+6 
          13225      2.33748e+6 
          13275      2.30922e+6 
          13325      2.28598e+6 
          13375       2.2605e+6 
          13425      2.23721e+6 
          13475      2.21276e+6 
          13525      2.18428e+6 
          13575      2.15738e+6 
          13625      2.14097e+6 
          13675      2.11587e+6 
          13725      2.07449e+6 
          13775      2.06521e+6 
          13825      2.04458e+6 
          13875      2.03007e+6 
          13925      2.00172e+6 
          13975      1.98376e+6 
          14025       1.9616e+6 
          14075      1.94445e+6 
          14125      1.91938e+6 
          14175      1.90249e+6 
          14225      1.87741e+6 
          14275      1.85522e+6 
          14325      1.84211e+6 
          14375      1.82549e+6 
          14425      1.77063e+6 
          14475      1.78503e+6 
          14525      1.74894e+6 
          14570      1.74666e+6 
          14620      1.72492e+6 
          14675       1.7119e+6 
          14725       1.6889e+6 
          14775      1.66731e+6 
          14825      1.65416e+6 
          14875      1.62911e+6 
          14925      1.62875e+6 
          14975       1.6077e+6 
          15025      1.58083e+6 
          15075      1.56366e+6 
          15125      1.55594e+6 
          15175      1.54036e+6 
          15225      1.53094e+6 
          15275      1.49857e+6 
          15325      1.48271e+6 
          15375      1.48781e+6 
          15425      1.43175e+6 
          15475      1.45952e+6 
          15525      1.45237e+6 
          15575      1.37597e+6 
          15625      1.44234e+6 
          15675      1.39574e+6 
          15725      1.33136e+6 
          15775      1.39441e+6 
          15825      1.38869e+6 
          15875      1.25237e+6 
          15925      1.35137e+6 
          15975      1.35958e+6 
          16050       1.3258e+6 
          16150      1.24722e+6 
          16250      1.29637e+6 
          16350      1.24712e+6 
          16450      1.16994e+6 
          16550      1.21718e+6 
          16650      1.19275e+6 
          16750      1.14535e+6 
          16850      1.07462e+6 
          16950      1.11922e+6 
          17050        1.092e+6 
          17150      1.07244e+6 
          17250      1.04281e+6 
          17350          954182 
          17450          993767 
          17550          982843 
          17650          961698 
          17750          945132 
          17850          925525 
          17950          910590 
          18050          888096 
          18150          820046 
          18250          844836 
          18350          838888 
          18450          822184 
          18550          805383 
          18650          788472 
          18750          721864 
          18850          755522 
          18950          739933 
          19050          733472 
          19150          719226 
          19250          705418 
          19350          689382 
          19450          635626 
          19550          664439 
          19650          654513 
          19750          640570 
          19850          630739 
          19950          619254 
          20050          608612 
          20150          598032 
          20250          586490 
          20350          575134 
          20450          566506 
          20550          556244 
          20650          545337 
          20750          536305 
          20850          527179 
          20950          517385 
          21050          508664 
          21150          498906 
          21250          490341 
          21350          482189 
          21450          475132 
          21550          465979 
          21650          431695 
          21750          448585 
          21850          443138 
          21950          436648 
          22050          428170 
          22150          420897 
          22250          415204 
          22350          408365 
          22450          401716 
          22550          393472 
          22650          388234 
          22750          382217 
          22850          376057 
          22950          369812 
          23050          364596 
          23150          358636 
          23250          353242 
          23350          347513 
          23450          342234 
          23550          336862 
          23650          331648 
          23750          326276 
          23850          321150 
          23950          316245 
          24050          311101 
          24150          306022 
          24250          302479 
          24350          296442 
          24450          291741 
          24550          288644 
          24650          283418 
          24750          279127 
          24850          276495 
          24950          267329 
          25050          269342 
          25150          265435 
          25250          254473 
          25350          257652 
          25450          254445 
          25550          250050 
          25650          237780 
          25750          243346 
          25850          239708 
          25950          237109 
          26050          232349 
          26150          220207 
          26250          214110 
          26350          222884 
          26450          221013 
          26550          217866 
          26650          213598 
          26750          201363 
          26850          208447 
          26950          206441 
          27050          203440 
          27150          200794 
          27250          198035 
          27350          195310 
          27450          192464 
          27550          181257 
          27650          185098 
          27750          184876 
          27850          182453 
          27950          180065 
          28050          177644 
          28150          175262 
          28250          172933 
          28350          170684 
          28450          168257 
          28550          166175 
          28650          162818 
          28750          153803 
          28850          159406 
          28950          157632 
          29050          155656 
          29150          153446 
          29250          151575 
          29350          149730 
          29450          147777 
          29550          145946 
          29650          144097 
          29750          142262 
          29850          140482 
          29950          138663 
          30050          136920 
          30150          135205 
          30250          133440 
          30350          126779 
          30450          128081 
          30550          128600 
          30650          127020 
          30750          125514 
          30850          123807 
          30950          122363 
          31050          120861 
          31150          119120 
          31250          117942 
          31350          116528 
          31450          115106 
          31550          113780 
          31650          112516 
          31750          111061 
          31850          109860 
          31950          108564 
          32100          106612 
          32300          104170 
          32500          101739 
          32700         99378.5 
          32900         94310.5 
          33100         94305.4 
          33300         92452.4 
          33500           90469 
          33700         88313.8 
          33900         86369.9 
          34100         84478.5 
          34300         82698.9 
          34500         80976.9 
          34700           79195 
          34900         77495.2 
          35100         75834.6 
          35300         74197.7 
          35500         72595.9 
          35700         70995.7 
          35900         69657.1 
          36100         68014.5 
          36300           66818 
          36500         65126.6 
          36700         64074.6 
          36900         62266.9 
          37100           61414 
          37300         59619.7 
          37500         57482.8 
          37700         57812.6 
          37900         56703.3 
          38100         55128.5 
          38300         54248.6 
          38500         53511.2 
          38700           52401 
          38900         51345.8 
          39100         49562.6 
          39300         49459.5 
          39500         48498.6 
          39700         47585.8 
          39900         46582.4 
          40100         45427.6 
          40300           44268 
          40500         43062.5 
          40700         43215.7 
          40900           42402 
          41100         41664.9 
          41300         40895.6 
          41500           40111 
          41700         38533.2 
          41900         38642.6 
          42100         37921.6 
          42300         37304.7 
          42500         36622.9 
          42700         35976.9 
          42900           35335 
          43100         34705.8 
          43300         34082.5 
          43500           33485 
          43700         32220.5 
          43900         32242.4 
          44100         31745.3 
          44300         31209.9 
          44500           30673 
          44700         30176.8 
          44900         29631.8 
          45100         29134.4 
          45300         28639.1 
          45500         28158.5 
          45700         27679.9 
          45900         27212.1 
          46100         26769.1 
          46300         26313.4 
          46500         25298.3 
          46700         24886.9 
          46900         25019.3 
          47100         24647.7 
          47300         24266.2 
          47500         23865.3 
          47700         23483.5 
          47900         23110.4 
          48100         22737.9 
          48300         22391.7 
          48500         22015.2 
          48700         21683.9 
          48900         21324.1 
          49100         21003.8 
          49300         20657.1 
          49500         20361.3 
          49700         20007.2 
          49900         19739.7 
          50100         19432.3 
          50300           19089 
          50500           18848 
          50700         18563.3 
          50900         18214.1 
          51100         17980.9 
          51300         17341.4 
          51500         17459.8 
          51700         17127.6 
          51900         16953.9 
          52100         16699.1 
          52300         16453.2 
          52500         16198.2 
          52700         15895.1 
          52900         15744.2 
          53100         15514.9 
          53300         15289.9 
          53500         15069.2 
          53700         14782.1 
          53900         14583.1 
          54100         14431.8 
          54300         14222.2 
          54500         14022.8 
          54700         13817.2 
          54900         13629.3 
          55100         13427.5 
          55300         13117.4 
          55500         13065.9 
          55700         12883.6 
          55900         12696.3 
          56100         12530.5 
          56300         12358.4 
          56500         12190.9 
          56700         12024.1 
          56900         11858.3 
          57100         11541.1 
          57300         11537.3 
          57500         11387.1 
          57700         11233.4 
          57900         11081.6 
          58100         10935.6 
          58300           10791 
          58500         10657.7 
          58700         10516.1 
          58900         10361.6 
          59100         10025.7 
          59300         10100.7 
          59500         9807.17 
          59700         9813.68 
          59900         9718.22 
          60100         9591.89 
          60300         9470.98 
          60500         9350.11 
          60700         9228.57 
          60900         9110.03 
          61100         8990.66 
          61300         8882.25 
          61500         8770.49 
          61700         8660.19 
          61900         8550.35 
          62100         8444.85 
          62300          8334.8 
          62500         8235.06 
          62700            8128 
          62900         7883.46 
          63100         7922.44 
          63300         7836.16 
          63500         7740.25 
          63700         7646.51 
          63900         7552.76 
          64200         7417.17 
          64600         7238.67 
          65000         7065.24 
          65400         6899.81 
          65800         6736.91 
          66200         6578.71 
          66600         6426.53 
          67000         6277.95 
          67400         6129.17 
          67800         5935.29 
          68200         5853.06 
          68600         5724.66 
          69000         5595.18 
          69400         5464.23 
          69800         5348.81 
          70200         5230.24 
          70600         5115.42 
          71000         4997.33 
          71400         4895.55 
          71800         4789.39 
          72200         4684.74 
          72600         4575.64 
          73000         4488.94 
          73400         4393.58 
          73800         4301.39 
          74200         4210.68 
          74600         4077.03 
          75000         3956.57 
          75400         3953.33 
          75800         3873.71 
          76200         3794.86 
          76600         3717.88 
          77000         3642.69 
          77400         3569.69 
          77800         3482.27 
          78200         3428.88 
          78600         3360.97 
          79000         3294.78 
          79400         3230.17 
          79800         3166.98 
          80200         3105.37 
          80600         3045.38 
          81000         2987.08 
          81400         2913.17 
          81800         2871.74 
          82200         2819.66 
          82600         2766.47 
          83000         2714.38 
          83400         2663.06 
          83800         2613.34 
          84200          2565.4 
          84600         2518.41 
          85000         2472.29 
          85400         2427.02 
          85800         2382.85 
          86200          2339.7 
          86600         2279.86 
          87000          2256.5 
          87400         2205.76 
          87800          2166.4 
          88200         2138.03 
          88600          2100.1 
          89000         2063.53 
          89400         2027.57 
          89800         1992.12 
          90200         1957.73 
          90600         1923.41 
          91000         1890.88 
          91400         1858.59 
          91800         1827.09 
          92200         1796.16 
          92600         1764.46 
          93000         1736.16 
          93400         1707.08 
          93800         1664.84 
          94200         1649.97 
          94600         1623.46 
          95000         1595.96 
          95400          1568.9 
          95800         1544.91 
          96200         1519.67 
          96600         1495.16 
          97000         1471.05 
          97400         1447.19 
          97800         1424.16 
          98200         1401.36 
          98600         1376.69 
          99000         1357.48 
          99400         1336.01 
          99800         1315.03 
         100200         1294.46 
         200000         83.7857 
         400000          5.2568 
         600000         1.03304 
         800000        0.324918 
         1.0e+6        0.132345 
         1.2e+6       0.0635026 
         1.4e+6        0.034123 
         1.6e+6       0.0199211 
