# Kurucz ODFNEW /NOVER models
# teff = 10250 K (value for the effective temperature for the model. Temperatures are given in K)
# logg = 2.50 log(cm/s2) (value for Log(G) for the model.)
# meta = -0.5  (value for the Metallicity for the model.)
# lh = 1.25  (l/Hp where l is the  mixing length of the convective element and Hp is the pressure scale height)
# vtur = 2.0 km/s (Microturbulence velocity)
#
# column 1: WAVELENGTH (ANGSTROM), Wavelength in Angstrom
# column 2: FLUX (ERG/CM2/S/A), Flux in erg/cm2/s/A
              0               0 
           90.9               0 
           93.5               0 
           96.1               0 
           97.7               0 
           99.6               0 
            102               0 
          103.8               0 
          105.6               0 
          107.7               0 
          110.4               0 
            114               0 
          117.8               0 
          121.3               0 
          124.8               0 
          127.1               0 
          128.4               0 
          130.5               0 
          132.4               0 
          133.9               0 
          136.6               0 
          139.8               0 
          143.3               0 
          147.2               0 
            151               0 
          155.2               0 
          158.8               0 
            162               0 
            166               0 
          170.3               0 
          173.4               0 
          176.8               0 
          180.2               0 
          181.7               0 
          186.1               0 
            191               0 
          193.9               0 
          198.4               0 
          201.8               0 
            205               0 
          210.5               0 
          216.2               0 
          219.8               0 
            223               0 
          226.8               0 
            230               0 
            234               0 
            240               0 
          246.5               0 
          252.4               0 
          256.8               0 
            260               0 
            264               0 
          268.5     7.15605e-23 
          273.5     3.15175e-22 
          278.5     1.25848e-21 
            284     5.38592e-21 
            290      2.4702e-20 
            296     1.06394e-19 
            301      3.4534e-19 
            308     1.68481e-18 
            318     1.43995e-17 
            328      1.0834e-16 
            338     7.23723e-16 
            348     4.34516e-15 
            357     2.00489e-14 
            366     8.57625e-14 
            375     3.41461e-13 
            385     1.47037e-12 
            395     5.87075e-12 
            405     2.18911e-11 
            414     6.77228e-11 
            422     1.77274e-10 
            430     4.46841e-10 
            441       1.5117e-9 
            451      4.33497e-9 
            460      1.07464e-8 
            470      2.82573e-8 
            480      7.12649e-8 
            490      1.72926e-7 
            500      4.04201e-7 
            506      1.29321e-6 
            512       2.5092e-6 
            520      4.53526e-6 
            530       9.3433e-6 
            540      1.83985e-5 
            550      3.61574e-5 
            560      6.85011e-5 
            570     0.000126852 
            580     0.000226341 
            590     0.000407055 
            600     0.000707981 
            610      0.00120987 
            620      0.00202811 
            630      0.00334368 
            640      0.00541449 
            650      0.00866211 
            658       0.0124653 
            665       0.0170047 
            675       0.0261911 
            685       0.0398298 
            695       0.0598455 
            705       0.0887281 
            716        0.135111 
            726        0.195686 
            735        0.270575 
            745        0.384154 
            755        0.540016 
            765         0.75182 
            775         1.03769 
            785          1.4195 
            795         1.92292 
            805          2.5887 
            815         3.45583 
            825         4.57723 
            835         6.00358 
            845         7.86146 
            855         10.1946 
            865         13.1398 
            875          16.815 
            885         21.4131 
            895         27.0913 
            905         33.9764 
            915         1060.23 
            925         7422.56 
            935           12001 
            945         23467.6 
            955          132335 
            965          197887 
            975         46481.6 
            985          780000 
            995      1.10668e+6 
           1005      1.14919e+6 
           1015          457426 
           1025           59212 
           1035          313568 
           1045      1.84659e+6 
           1055      2.83763e+6 
           1065      2.77466e+6 
           1075      3.68865e+6 
           1085      3.82547e+6 
           1095      4.28062e+6 
           1105      1.38619e+7 
           1115      4.22905e+7 
           1125      4.95401e+7 
           1135      5.75407e+7 
           1145       5.2836e+7 
           1155      5.76579e+7 
           1165      6.02418e+7 
           1175      5.06337e+7 
           1185      3.86489e+7 
           1195          634891 
           1205          359625 
           1215           82567 
           1225          345595 
           1235      3.19816e+6 
           1245      4.21835e+7 
           1255      7.59212e+7 
           1265      5.68194e+7 
           1275      1.08014e+8 
           1285      1.35011e+8 
           1295      1.13442e+8 
           1305      6.78967e+7 
           1315      1.27936e+8 
           1325       1.4486e+8 
           1335      1.23119e+8 
           1345      1.64324e+8 
           1355      1.56526e+8 
           1365      1.32837e+8 
           1375      1.51416e+8 
           1385      1.57028e+8 
           1395      1.61007e+8 
           1405      1.62763e+8 
           1415       1.4799e+8 
           1425      1.57792e+8 
           1435       1.4623e+8 
           1442      1.61614e+8 
           1447      1.74562e+8 
           1455       1.7255e+8 
           1465      1.59205e+8 
           1475      1.50848e+8 
           1485      1.60643e+8 
           1495      1.68996e+8 
           1505      1.69835e+8 
           1512      1.57922e+8 
           1517       1.6927e+8 
           1525      1.57313e+8 
           1535      1.47488e+8 
           1545       1.6753e+8 
           1555      1.49584e+8 
           1565      1.41075e+8 
           1575      1.44746e+8 
           1585      1.59331e+8 
           1595      1.66861e+8 
           1605      1.55502e+8 
           1615      1.56124e+8 
           1625      1.43152e+8 
           1635       1.4889e+8 
           1645      1.53211e+8 
           1655      1.35116e+8 
           1665      1.50884e+8 
           1672      1.11376e+8 
           1677      1.43253e+8 
           1685      1.57447e+8 
           1695      1.48724e+8 
           1705      1.40142e+8 
           1715      1.36079e+8 
           1725      1.34987e+8 
           1735      1.41933e+8 
           1745      1.39865e+8 
           1755       1.5266e+8 
           1765      1.33702e+8 
           1775      1.45808e+8 
           1785      1.44616e+8 
           1795      1.56198e+8 
           1805      1.50101e+8 
           1815      1.48303e+8 
           1825      1.43357e+8 
           1835       1.3814e+8 
           1845      1.30128e+8 
           1855      1.31937e+8 
           1865      1.32118e+8 
           1875        1.422e+8 
           1885      1.38787e+8 
           1895      1.34787e+8 
           1905      1.32763e+8 
           1915      1.34318e+8 
           1925      1.34807e+8 
           1935      1.35269e+8 
           1945      1.39338e+8 
           1955       1.3564e+8 
           1967      1.41331e+8 
           1976      1.41224e+8 
           1984      1.36709e+8 
           1995      1.31334e+8 
           2005      1.32961e+8 
           2015      1.25047e+8 
           2025      1.29557e+8 
           2035      1.27887e+8 
           2045      1.31747e+8 
           2055      1.25124e+8 
           2065      1.23897e+8 
           2074      1.29481e+8 
           2078      1.30771e+8 
           2085      1.30926e+8 
           2095      1.25988e+8 
           2105      1.24241e+8 
           2115      1.23558e+8 
           2125      1.24659e+8 
           2135       1.0903e+8 
           2145      1.19127e+8 
           2155      1.21731e+8 
           2165      1.16172e+8 
           2175      1.13808e+8 
           2185      1.12572e+8 
           2195      1.19501e+8 
           2205      1.14777e+8 
           2215      1.06057e+8 
           2225      1.02367e+8 
           2235      1.12969e+8 
           2245      1.02225e+8 
           2255      1.00772e+8 
           2265      1.02506e+8 
           2275      1.08012e+8 
           2285      1.10604e+8 
           2295      1.04765e+8 
           2305      1.01482e+8 
           2315      9.77953e+7 
           2325      9.79524e+7 
           2335       9.2244e+7 
           2345      8.64715e+7 
           2355      9.62879e+7 
           2365      8.65171e+7 
           2375        9.122e+7 
           2385      8.07806e+7 
           2395      8.88162e+7 
           2405      8.40867e+7 
           2415      8.65891e+7 
           2425      9.14754e+7 
           2435      8.74788e+7 
           2445      9.35898e+7 
           2455      8.98412e+7 
           2465      8.96901e+7 
           2475      8.61133e+7 
           2485       9.1693e+7 
           2495      8.86297e+7 
           2505       9.5644e+7 
           2513      8.73943e+7 
           2518       9.0066e+7 
           2525      8.39065e+7 
           2535      8.34688e+7 
           2545       8.3035e+7 
           2555      8.72108e+7 
           2565      8.61487e+7 
           2575      9.18555e+7 
           2585       9.0808e+7 
           2595      8.94719e+7 
           2605      8.55719e+7 
           2615      8.51279e+7 
           2625      8.85809e+7 
           2635      8.91199e+7 
           2645      9.68423e+7 
           2655      9.50774e+7 
           2665      8.85677e+7 
           2675      9.19341e+7 
           2685      9.10677e+7 
           2695      8.78671e+7 
           2705      8.98805e+7 
           2715      8.59949e+7 
           2725      8.67548e+7 
           2735      9.23214e+7 
           2745      8.03606e+7 
           2755      8.04433e+7 
           2765      8.28782e+7 
           2775      8.78053e+7 
           2785      8.71662e+7 
           2795      7.35325e+7 
           2805      7.98323e+7 
           2815       8.8779e+7 
           2825      8.90063e+7 
           2835      8.54169e+7 
           2845      8.26159e+7 
           2855      8.13727e+7 
           2865      8.48952e+7 
           2875      8.25416e+7 
           2885      8.44282e+7 
           2895      8.16344e+7 
           2910      8.79708e+7 
           2930      8.46851e+7 
           2950      8.44024e+7 
           2970      8.47216e+7 
           2990      8.46326e+7 
           3010      8.59067e+7 
           3030      8.49036e+7 
           3050      8.36766e+7 
           3070      8.24657e+7 
           3090      8.30392e+7 
           3110      8.10945e+7 
           3130      8.02422e+7 
           3150      8.06616e+7 
           3170      7.97181e+7 
           3190      7.73519e+7 
           3210      7.83361e+7 
           3230      7.70512e+7 
           3250      7.69618e+7 
           3270      7.68017e+7 
           3290      7.66854e+7 
           3310      7.65109e+7 
           3330      7.51226e+7 
           3350      7.39192e+7 
           3370      7.37247e+7 
           3390      7.28148e+7 
           3410      7.33625e+7 
           3430      7.27947e+7 
           3450      7.23549e+7 
           3470      7.13482e+7 
           3490      7.08296e+7 
           3510      7.08625e+7 
           3530      7.06728e+7 
           3550      7.02045e+7 
           3570      6.93993e+7 
           3590       6.8859e+7 
           3610      6.83527e+7 
           3630      6.77387e+7 
           3640      6.75292e+7 
           3650      6.86159e+7 
           3670      6.73388e+7 
           3690      6.64418e+7 
           3710      7.98506e+7 
           3730       9.6719e+7 
           3750      1.33868e+8 
           3770      1.35169e+8 
           3790      1.51071e+8 
           3810      1.64952e+8 
           3830      1.37123e+8 
           3850      1.69348e+8 
           3870      1.74421e+8 
           3890       1.2813e+8 
           3910      1.70087e+8 
           3930      1.67953e+8 
           3950      1.67295e+8 
           3970      1.20382e+8 
           3990      1.62171e+8 
           4010      1.61794e+8 
           4030      1.58821e+8 
           4050       1.5812e+8 
           4070      1.54832e+8 
           4090      1.43685e+8 
           4110       1.1708e+8 
           4130      1.47409e+8 
           4150      1.47761e+8 
           4170      1.45268e+8 
           4190      1.43844e+8 
           4210      1.42213e+8 
           4230      1.39913e+8 
           4250      1.37896e+8 
           4270      1.36035e+8 
           4290      1.34526e+8 
           4310      1.31411e+8 
           4330       1.1831e+8 
           4350      1.02886e+8 
           4370      1.27229e+8 
           4390      1.24909e+8 
           4410      1.24314e+8 
           4430      1.22868e+8 
           4450      1.21465e+8 
           4470      1.19358e+8 
           4490      1.16995e+8 
           4510      1.16262e+8 
           4530      1.14714e+8 
           4550      1.12316e+8 
           4570      1.12354e+8 
           4590      1.10124e+8 
           4610      1.10088e+8 
           4630      1.07503e+8 
           4650      1.07347e+8 
           4670      1.05811e+8 
           4690      1.04604e+8 
           4710      1.02566e+8 
           4730      1.02056e+8 
           4750      1.00801e+8 
           4770      9.97389e+7 
           4790      9.85136e+7 
           4810      9.71277e+7 
           4830      9.54176e+7 
           4850      8.68951e+7 
           4870      7.28604e+7 
           4890        9.186e+7 
           4910      9.13833e+7 
           4930      8.98205e+7 
           4950       8.9345e+7 
           4970      8.83803e+7 
           4990       8.7212e+7 
           5010      8.53194e+7 
           5030      8.49474e+7 
           5050      8.34544e+7 
           5070      8.31199e+7 
           5090      8.21656e+7 
           5110      8.10894e+7 
           5130      8.02964e+7 
           5150      7.91827e+7 
           5170      7.78129e+7 
           5190      7.71849e+7 
           5210      7.64729e+7 
           5230      7.52596e+7 
           5250      7.48321e+7 
           5270      7.34866e+7 
           5290       7.3239e+7 
           5310      7.19373e+7 
           5330       7.1526e+7 
           5350      7.08631e+7 
           5370      7.00267e+7 
           5390      6.92614e+7 
           5410      6.84105e+7 
           5430      6.76521e+7 
           5450       6.7018e+7 
           5470      6.62367e+7 
           5490        6.554e+7 
           5510      6.47735e+7 
           5530      6.41112e+7 
           5550      6.34679e+7 
           5570      6.27639e+7 
           5590      6.21011e+7 
           5610      6.14733e+7 
           5630      6.08081e+7 
           5650      6.00667e+7 
           5670      5.94599e+7 
           5690      5.88738e+7 
           5710      5.82554e+7 
           5730      5.76348e+7 
           5750       5.7019e+7 
           5770      5.64221e+7 
           5790      5.57845e+7 
           5810      5.52182e+7 
           5830      5.46393e+7 
           5850      5.40835e+7 
           5870      5.33058e+7 
           5890      5.28714e+7 
           5910      5.24064e+7 
           5930        5.188e+7 
           5950      5.12327e+7 
           5970      5.07821e+7 
           5990      5.01823e+7 
           6010      4.97727e+7 
           6030        4.927e+7 
           6050      4.87514e+7 
           6070      4.82618e+7 
           6090      4.77728e+7 
           6110      4.72962e+7 
           6130      4.68135e+7 
           6150       4.6142e+7 
           6170      4.58778e+7 
           6190      4.54276e+7 
           6210      4.49812e+7 
           6230      4.45132e+7 
           6250      4.39058e+7 
           6270      4.36576e+7 
           6290      4.32187e+7 
           6310       4.2754e+7 
           6330      4.23694e+7 
           6350      4.16685e+7 
           6370      4.13441e+7 
           6390      4.11282e+7 
           6410      4.07079e+7 
           6430      4.03383e+7 
           6450      3.98433e+7 
           6470      3.95765e+7 
           6490      3.91406e+7 
           6510      3.87095e+7 
           6530       3.8175e+7 
           6550      3.58504e+7 
           6570      2.96637e+7 
           6590      3.68331e+7 
           6610      3.68763e+7 
           6630       3.6625e+7 
           6650      3.63079e+7 
           6670      3.59328e+7 
           6690       3.5604e+7 
           6710      3.52991e+7 
           6730      3.49549e+7 
           6750      3.46407e+7 
           6770       3.4322e+7 
           6790      3.39992e+7 
           6810      3.36844e+7 
           6830      3.33639e+7 
           6850      3.30602e+7 
           6870      3.27592e+7 
           6890      3.24639e+7 
           6910      3.21611e+7 
           6930      3.18595e+7 
           6950      3.15804e+7 
           6970      3.12947e+7 
           6990       3.1018e+7 
           7010       3.0717e+7 
           7030      3.04604e+7 
           7050      3.01573e+7 
           7070      2.98868e+7 
           7090      2.96487e+7 
           7110      2.93584e+7 
           7130      2.91124e+7 
           7150      2.88554e+7 
           7170      2.86031e+7 
           7190      2.83495e+7 
           7210      2.81033e+7 
           7230      2.78392e+7 
           7250      2.76026e+7 
           7270      2.73654e+7 
           7290      2.71198e+7 
           7310      2.68778e+7 
           7330      2.66528e+7 
           7350      2.64285e+7 
           7370      2.62013e+7 
           7390      2.59728e+7 
           7410      2.57443e+7 
           7430      2.55035e+7 
           7450      2.52927e+7 
           7470      2.50555e+7 
           7490      2.48621e+7 
           7510      2.46424e+7 
           7530      2.44532e+7 
           7550      2.42465e+7 
           7570      2.40403e+7 
           7590      2.38353e+7 
           7610      2.36386e+7 
           7630      2.34372e+7 
           7650      2.32324e+7 
           7670      2.30429e+7 
           7690      2.28499e+7 
           7710      2.26498e+7 
           7730      2.24728e+7 
           7750      2.22861e+7 
           7770      2.18034e+7 
           7790      2.19182e+7 
           7810        2.174e+7 
           7830      2.15584e+7 
           7850      2.13637e+7 
           7870        2.115e+7 
           7890      2.09443e+7 
           7910      2.08578e+7 
           7930      2.06928e+7 
           7950      2.04929e+7 
           7970      2.03581e+7 
           7990      2.01011e+7 
           8010      2.00296e+7 
           8030       1.9868e+7 
           8050      1.97078e+7 
           8070      1.95478e+7 
           8090       1.9392e+7 
           8110       1.9234e+7 
           8130      1.90848e+7 
           8150      1.89322e+7 
           8170      1.87832e+7 
           8190      1.86146e+7 
           8210      1.85268e+7 
           8230      1.83763e+7 
           8250      1.82884e+7 
           8270      1.81764e+7 
           8290      1.80175e+7 
           8310      1.78845e+7 
           8330      1.76896e+7 
           8350      1.75347e+7 
           8370      1.72655e+7 
           8390      1.71121e+7 
           8410       1.6904e+7 
           8430      1.70328e+7 
           8450      1.68394e+7 
           8470      1.61555e+7 
           8490      1.74096e+7 
           8510      1.58349e+7 
           8530      1.75926e+7 
           8550      1.52815e+7 
           8570      1.77863e+7 
           8590       1.6517e+7 
           8610      1.60181e+7 
           8630      1.80108e+7 
           8650      1.76013e+7 
           8670      1.44966e+7 
           8690      1.77928e+7 
           8710      1.79769e+7 
           8730      1.75847e+7 
           8750      1.41146e+7 
           8770      1.69461e+7 
           8790      1.74615e+7 
           8810      1.73619e+7 
           8830      1.71384e+7 
           8850      1.61755e+7 
           8870      1.36721e+7 
           8890      1.66228e+7 
           8910      1.66802e+7 
           8930       1.6572e+7 
           8950      1.64985e+7 
           8970      1.63309e+7 
           8990      1.60457e+7 
           9010      1.33906e+7 
           9030      1.46662e+7 
           9050      1.57601e+7 
           9070      1.56508e+7 
           9090      1.55251e+7 
           9110      1.54937e+7 
           9130       1.5383e+7 
           9150      1.52951e+7 
           9170      1.51527e+7 
           9190      1.49566e+7 
           9210      1.45488e+7 
           9230      1.17048e+7 
           9250       1.4116e+7 
           9270      1.43138e+7 
           9290      1.44809e+7 
           9310       1.4401e+7 
           9330      1.42882e+7 
           9350      1.41927e+7 
           9370      1.40888e+7 
           9390      1.39627e+7 
           9410      1.37893e+7 
           9430      1.37741e+7 
           9450      1.36796e+7 
           9470      1.35732e+7 
           9490      1.34633e+7 
           9510      1.33026e+7 
           9530      1.28059e+7 
           9550      1.05246e+7 
           9570      1.27628e+7 
           9590      1.29399e+7 
           9610      1.28852e+7 
           9630      1.27261e+7 
           9650      1.27179e+7 
           9670      1.26026e+7 
           9690      1.25353e+7 
           9710      1.24494e+7 
           9730      1.23597e+7 
           9750       1.2271e+7 
           9770      1.21849e+7 
           9790      1.20974e+7 
           9810      1.20094e+7 
           9830      1.19196e+7 
           9850      1.18363e+7 
           9870      1.17544e+7 
           9890      1.16583e+7 
           9910      1.15917e+7 
           9930      1.15084e+7 
           9950      1.14283e+7 
           9970      1.13499e+7 
           9990      1.12596e+7 
          10025      1.06867e+7 
          10075      1.01726e+7 
          10125      1.07203e+7 
          10175       1.0565e+7 
          10225      1.03906e+7 
          10275       1.0214e+7 
          10325       1.0039e+7 
          10375      9.87109e+6 
          10425      9.70731e+6 
          10475      9.54069e+6 
          10525       9.3785e+6 
          10575      9.22905e+6 
          10625      9.07897e+6 
          10675      8.89265e+6 
          10725      8.77358e+6 
          10775      8.63846e+6 
          10825       8.4894e+6 
          10875      8.34589e+6 
          10925      7.46165e+6 
          10975      7.93242e+6 
          11025      7.96537e+6 
          11075      7.84233e+6 
          11125      7.71813e+6 
          11175      7.59671e+6 
          11225      7.47775e+6 
          11275      7.32951e+6 
          11325      7.22557e+6 
          11375      7.13278e+6 
          11425      7.02228e+6 
          11475      6.91543e+6 
          11525      6.80991e+6 
          11575      6.70564e+6 
          11625      6.59789e+6 
          11675      6.49509e+6 
          11725      6.40501e+6 
          11775       6.2915e+6 
          11825      6.21038e+6 
          11875      6.11706e+6 
          11925      6.03116e+6 
          11975      5.93859e+6 
          12025      5.85336e+6 
          12075      5.76702e+6 
          12125      5.68266e+6 
          12175      5.60021e+6 
          12225      5.51873e+6 
          12275      5.43785e+6 
          12325      5.35984e+6 
          12375      5.28291e+6 
          12425      5.20802e+6 
          12475      5.12885e+6 
          12525      5.06035e+6 
          12575       4.9854e+6 
          12625      4.91693e+6 
          12675       4.8489e+6 
          12725      4.78085e+6 
          12775      4.67934e+6 
          12825      4.21553e+6 
          12875      4.56284e+6 
          12925       4.5206e+6 
          12975       4.4583e+6 
          13025      4.39751e+6 
          13075      4.33728e+6 
          13125      4.27804e+6 
          13175      4.21613e+6 
          13225      4.16277e+6 
          13275      4.10665e+6 
          13325      4.05128e+6 
          13375      3.99704e+6 
          13425      3.94329e+6 
          13475      3.89065e+6 
          13525      3.83824e+6 
          13575      3.78815e+6 
          13625      3.73826e+6 
          13675      3.68841e+6 
          13725      3.63981e+6 
          13775      3.59376e+6 
          13825      3.54693e+6 
          13875      3.50125e+6 
          13925      3.45556e+6 
          13975       3.4114e+6 
          14025      3.36757e+6 
          14075      3.32449e+6 
          14125      3.28192e+6 
          14175      3.24043e+6 
          14225      3.19927e+6 
          14275      3.15897e+6 
          14325      3.11913e+6 
          14375      3.07998e+6 
          14425      3.03783e+6 
          14475      3.00341e+6 
          14525      2.96455e+6 
          14570      2.93296e+6 
          14620      2.90235e+6 
          14675      2.86454e+6 
          14725      2.83001e+6 
          14775      2.79501e+6 
          14825      2.76265e+6 
          14875      2.72827e+6 
          14925      2.69581e+6 
          14975      2.66155e+6 
          15025      2.62584e+6 
          15075      2.59221e+6 
          15125      2.55813e+6 
          15175       2.5274e+6 
          15225      2.51277e+6 
          15275      2.45292e+6 
          15325      2.42603e+6 
          15375      2.42924e+6 
          15425      2.34765e+6 
          15475      2.38206e+6 
          15525      2.36361e+6 
          15575      2.24099e+6 
          15625      2.33793e+6 
          15675      2.26432e+6 
          15725      2.17087e+6 
          15775      2.27082e+6 
          15825      2.24581e+6 
          15875      2.04976e+6 
          15925      2.18145e+6 
          15975      2.18627e+6 
          16050      2.13576e+6 
          16150      2.01117e+6 
          16250      2.06496e+6 
          16350      1.99483e+6 
          16450      1.88127e+6 
          16550      1.92957e+6 
          16650      1.88703e+6 
          16750      1.82254e+6 
          16850      1.72136e+6 
          16950      1.76562e+6 
          17050      1.72761e+6 
          17150      1.69061e+6 
          17250      1.65309e+6 
          17350      1.53059e+6 
          17450      1.57891e+6 
          17550      1.55119e+6 
          17650      1.51878e+6 
          17750      1.48713e+6 
          17850      1.45645e+6 
          17950       1.4267e+6 
          18050      1.39521e+6 
          18150      1.29994e+6 
          18250      1.33109e+6 
          18350      1.31394e+6 
          18450      1.28767e+6 
          18550      1.26145e+6 
          18650      1.23507e+6 
          18750      1.14928e+6 
          18850      1.18599e+6 
          18950      1.16491e+6 
          19050      1.14243e+6 
          19150      1.12026e+6 
          19250      1.09859e+6 
          19350      1.07569e+6 
          19450      1.00132e+6 
          19550      1.03497e+6 
          19650      1.01714e+6 
          19750          997982 
          19850          979251 
          19950          960940 
          20050          943132 
          20150          925657 
          20250          908608 
          20350          891949 
          20450          875682 
          20550          859775 
          20650          844225 
          20750          829037 
          20850          814188 
          20950          799660 
          21050          785450 
          21150          771462 
          21250          757887 
          21350          744556 
          21450          731643 
          21550          718120 
          21650          670744 
          21750          692104 
          21850          682493 
          21950          670846 
          22050          659444 
          22150          648244 
          22250          637371 
          22350          626671 
          22450          616196 
          22550          605938 
          22650          595906 
          22750          586070 
          22850          576984 
          22950          567609 
          23050          558456 
          23150          549466 
          23250          540652 
          23350          532003 
          23450          523501 
          23550          515151 
          23650          506898 
          23750          498846 
          23850          490868 
          23950          483050 
          24050          475087 
          24150          467122 
          24250          461477 
          24350          452726 
          24450          445015 
          24550          440599 
          24650          431902 
          24750          425480 
          24850          422794 
          24950          407133 
          25050          410440 
          25150          404621 
          25250          386792 
          25350          392404 
          25450          387653 
          25550          381138 
          25650          361933 
          25750          370660 
          25850          365966 
          25950          360695 
          26050          353185 
          26150          334694 
          26250          326825 
          26350          339251 
          26450          336370 
          26550          331663 
          26650          325775 
          26750          305429 
          26850          316617 
          26950          313262 
          27050          308855 
          27150          304532 
          27250          300284 
          27350          296102 
          27450          291684 
          27550          274839 
          27650          280167 
          27750          280093 
          27850          276269 
          27950          272507 
          28050          268805 
          28150          265163 
          28250          261585 
          28350          258070 
          28450          254606 
          28550          251208 
          28650          245919 
          28750          232334 
          28850          240937 
          28950          238102 
          29050          235042 
          29150          231947 
          29250          228937 
          29350          225958 
          29450          223032 
          29550          220153 
          29650          217316 
          29750          214525 
          29850          211780 
          29950          209079 
          30050          206421 
          30150          203802 
          30250          201041 
          30350          191105 
          30450          192404 
          30550          193661 
          30650          191328 
          30750          188950 
          30850          186572 
          30950          184302 
          31050          182030 
          31150          179796 
          31250          177590 
          31350          175428 
          31450          173286 
          31550          171190 
          31650          169120 
          31750          167078 
          31850          165072 
          31950          163092 
          32100          160182 
          32300          156399 
          32500          152725 
          32700          149158 
          32900          141377 
          33100          141438 
          33300          138796 
          33500          135670 
          33700          132605 
          33900          129635 
          34100          126745 
          34300          123930 
          34500          121193 
          34700          118530 
          34900          115929 
          35100          113413 
          35300          110964 
          35500          108525 
          35700          106136 
          35900          104129 
          36100          101585 
          36300         99822.8 
          36500         97235.9 
          36700         95770.5 
          36900         93017.2 
          37100         91830.6 
          37300         88980.2 
          37500         85713.7 
          37700         86383.7 
          37900         84700.7 
          38100         82189.3 
          38300         80796.5 
          38500         79763.4 
          38700           78194 
          38900         76563.1 
          39100         73620.6 
          39300         73731.9 
          39500         72388.2 
          39700         70993.9 
          39900         69616.6 
          40100         67555.5 
          40300         65761.9 
          40500         64015.9 
          40700           64405 
          40900           63243 
          41100         62057.9 
          41300         60897.4 
          41500         59721.4 
          41700         57004.9 
          41900         57513.4 
          42100           56522 
          42300         55491.9 
          42500         54482.8 
          42700         53498.3 
          42900         52534.1 
          43100         51593.4 
          43300         50671.8 
          43500         49770.9 
          43700         47647.2 
          43900         47785.1 
          44100         47187.9 
          44300         46365.3 
          44500         45559.5 
          44700         44841.8 
          44900           44002 
          45100         43249.6 
          45300         42510.6 
          45500         41788.4 
          45700         41082.4 
          45900         40387.1 
          46100         39704.2 
          46300         39008.7 
          46500         37311.6 
          46700         36622.9 
          46900         37044.2 
          47100         36521.6 
          47300         35930.4 
          47500         35346.1 
          47700         34774.1 
          47900         34211.7 
          48100         33659.2 
          48300         33122.6 
          48500         32585.6 
          48700         32075.4 
          48900         31556.8 
          49100           31069 
          49300         30561.7 
          49500         30110.9 
          49700         29594.4 
          49900         29182.1 
          50100         28722.9 
          50300           28224 
          50500         27857.6 
          50700         27427.2 
          50900         26909.6 
          51100         26540.7 
          51300         25443.7 
          51500           25765 
          51700         25281.3 
          51900         25049.1 
          52100         24715.5 
          52300         24349.2 
          52500         23905.7 
          52700           23433 
          52900         23277.7 
          53100           22945 
          53300           22610 
          53500         22280.7 
          53700         21784.5 
          53900         21484.4 
          54100         21329.7 
          54300         21023.4 
          54500         20723.5 
          54700         20428.7 
          54900         20137.6 
          55100         19790.7 
          55300         19272.1 
          55500         19291.2 
          55700           19029 
          55900         18764.1 
          56100         18503.7 
          56300         18246.5 
          56500         17994.8 
          56700         17747.4 
          56900         17486.7 
          57100         16905.7 
          57300         17000.1 
          57500           16800 
          57700         16572.9 
          57900         16349.6 
          58100         16130.1 
          58300         15905.4 
          58500         15695.6 
          58700         15483.9 
          58900         15243.1 
          59100         14637.5 
          59300         14850.7 
          59500         14372.2 
          59700         14399.8 
          59900         14303.7 
          60100         14123.2 
          60300         13941.6 
          60500         13789.9 
          60700         13612.2 
          60900         13437.6 
          61100           13265 
          61300         13096.4 
          61500         12929.7 
          61700         12765.9 
          61900         12604.8 
          62100         12446.6 
          62300         12290.1 
          62500         12120.9 
          62700         11942.2 
          62900         11488.3 
          63100         11632.3 
          63300         11529.7 
          63500         11401.2 
          63700         11262.8 
          63900         11124.2 
          64200         10921.7 
          64600         10657.8 
          65000         10398.7 
          65400         10153.8 
          65800         9908.05 
          66200         9674.33 
          66600         9449.76 
          67000         9228.18 
          67400          8992.9 
          67800         8661.75 
          68200          8590.4 
          68600         8414.45 
          69000          8224.6 
          69400         8019.78 
          69800         7860.08 
          70200         7685.15 
          70600         7513.82 
          71000         7324.38 
          71400          7188.9 
          71800         7032.59 
          72200         6880.36 
          72600         6703.12 
          73000         6583.35 
          73400         6447.82 
          73800         6311.08 
          74200         6166.79 
          74600         5935.32 
          75000         5738.48 
          75400         5780.36 
          75800         5680.62 
          76200         5564.12 
          76600         5450.62 
          77000         5339.93 
          77400         5228.92 
          77800          5075.7 
          78200         5021.31 
          78600         4924.36 
          79000         4826.87 
          79400         4731.74 
          79800         4638.93 
          80200         4548.45 
          80600         4460.07 
          81000         4373.88 
          81400          4243.2 
          81800         4194.79 
          82200         4127.45 
          82600         4049.27 
          83000         3972.82 
          83400         3898.17 
          83800         3825.26 
          84200         3754.09 
          84600         3684.57 
          85000         3616.61 
          85400         3550.26 
          85800          3485.3 
          86200         3420.69 
          86600         3306.77 
          87000         3294.87 
          87400         3206.34 
          87800         3151.24 
          88200         3125.73 
          88600         3068.44 
          89000         3016.21 
          89400         2963.32 
          89800         2911.52 
          90200         2860.61 
          90600         2808.37 
          91000         2762.72 
          91400         2715.28 
          91800         2668.82 
          92200         2623.33 
          92600         2571.42 
          93000         2535.27 
          93400         2492.44 
          93800            2410 
          94200         2402.23 
          94600         2369.96 
          95000         2326.84 
          95400         2286.92 
          95800         2254.72 
          96200         2217.86 
          96600         2181.76 
          97000         2146.39 
          97400         2111.76 
          97800         2077.78 
          98200         2042.06 
          98600          2003.2 
          99000          1979.9 
          99400         1948.56 
          99800         1917.84 
         100200         1887.73 
         200000         120.789 
         400000         7.50989 
         600000         1.47009 
         800000        0.461282 
         1.0e+6        0.187589 
         1.2e+6       0.0899078 
         1.4e+6       0.0482675 
         1.6e+6       0.0281591 
