# Kurucz ODFNEW /NOVER models
# teff = 5500 K (value for the effective temperature for the model. Temperatures are given in K)
# logg = 3.50 log(cm/s2) (value for Log(G) for the model.)
# meta = -0.5  (value for the Metallicity for the model.)
# lh = 1.25  (l/Hp where l is the  mixing length of the convective element and Hp is the pressure scale height)
# vtur = 2.0 km/s (Microturbulence velocity)
#
# column 1: WAVELENGTH (ANGSTROM), Wavelength in Angstrom
# column 2: FLUX (ERG/CM2/S/A), Flux in erg/cm2/s/A
              0               0 
           90.9               0 
           93.5               0 
           96.1               0 
           97.7               0 
           99.6               0 
            102               0 
          103.8               0 
          105.6               0 
          107.7               0 
          110.4               0 
            114               0 
          117.8               0 
          121.3               0 
          124.8               0 
          127.1               0 
          128.4               0 
          130.5               0 
          132.4               0 
          133.9               0 
          136.6               0 
          139.8               0 
          143.3               0 
          147.2               0 
            151               0 
          155.2               0 
          158.8               0 
            162               0 
            166               0 
          170.3               0 
          173.4               0 
          176.8               0 
          180.2               0 
          181.7               0 
          186.1               0 
            191               0 
          193.9               0 
          198.4               0 
          201.8               0 
            205               0 
          210.5               0 
          216.2               0 
          219.8               0 
            223               0 
          226.8               0 
            230               0 
            234               0 
            240               0 
          246.5               0 
          252.4               0 
          256.8               0 
            260               0 
            264               0 
          268.5               0 
          273.5               0 
          278.5               0 
            284               0 
            290               0 
            296               0 
            301               0 
            308               0 
            318               0 
            328               0 
            338               0 
            348               0 
            357               0 
            366               0 
            375               0 
            385               0 
            395               0 
            405               0 
            414               0 
            422               0 
            430               0 
            441               0 
            451               0 
            460               0 
            470               0 
            480               0 
            490               0 
            500     4.85001e-25 
            506     1.53776e-24 
            512      4.0189e-24 
            520     1.19891e-23 
            530     4.50372e-23 
            540     1.58263e-22 
            550     5.35891e-22 
            560     1.72304e-21 
            570     5.30288e-21 
            580     1.54914e-20 
            590     4.44532e-20 
            600      1.2159e-19 
            610     3.21057e-19 
            620     8.19525e-19 
            630     2.02622e-18 
            640     4.86227e-18 
            650      1.1334e-17 
            658     2.18652e-17 
            665     3.83021e-17 
            675     8.35195e-17 
            685     1.77709e-16 
            695     3.69224e-16 
            705     7.49283e-16 
            716     1.59545e-15 
            726      3.1009e-15 
            735      5.5461e-15 
            745     1.03946e-14 
            755     1.91298e-14 
            765     3.46086e-14 
            775     6.15477e-14 
            785     1.07745e-13 
            795     1.85056e-13 
            805     3.14953e-13 
            815     5.27641e-13 
            825     8.71275e-13 
            835     1.41993e-12 
            845     2.28452e-12 
            855     3.63088e-12 
            865     5.70211e-12 
            875     8.84765e-12 
            885     1.35935e-11 
            895     2.06541e-11 
            905     3.10561e-11 
            915      1.00038e-7 
            925      3.67848e-7 
            935      5.45427e-7 
            945      8.25071e-7 
            955      1.27953e-6 
            965       1.8925e-6 
            975      2.72752e-6 
            985      3.97921e-6 
            995      5.71093e-6 
           1005      8.36283e-6 
           1015      1.17653e-5 
           1025      1.57573e-5 
           1035      2.32996e-5 
           1045      3.25191e-5 
           1055      4.43909e-5 
           1065       6.0949e-5 
           1075      8.31846e-5 
           1085      0.00011293 
           1095     0.000150623 
           1105     0.000448334 
           1115      0.00129762 
           1125      0.00193401 
           1135      0.00295483 
           1145      0.00386061 
           1155      0.00449979 
           1165      0.00595592 
           1175      0.00739777 
           1185      0.00809706 
           1195      0.00516413 
           1205       0.0041214 
           1215      0.00226333 
           1225      0.00583612 
           1235       0.0139263 
           1245       0.0249902 
           1255       0.0331088 
           1265       0.0375805 
           1275       0.0475447 
           1285       0.0565771 
           1295       0.0704275 
           1305       0.0754401 
           1315       0.0959786 
           1325        0.103784 
           1335        0.122022 
           1345        0.139601 
           1355        0.168671 
           1365        0.184626 
           1375        0.212354 
           1385        0.242195 
           1395        0.278827 
           1405        0.338538 
           1415        0.389934 
           1425        0.444182 
           1435        0.530348 
           1442        0.646182 
           1447        0.617812 
           1455        0.716384 
           1465        0.866388 
           1475        0.906039 
           1485         1.07249 
           1495          1.3643 
           1505         1.64993 
           1512         1.43036 
           1517         1.84494 
           1525         2.53127 
           1535           10.22 
           1545         11.3646 
           1555         18.8753 
           1565         18.0672 
           1575         32.5335 
           1585         40.2444 
           1595         47.0641 
           1605         51.9621 
           1615         59.6938 
           1625         69.6643 
           1635         80.1468 
           1645         116.837 
           1655          71.439 
           1665         136.914 
           1672         94.1858 
           1677         163.012 
           1685         291.382 
           1695         453.934 
           1705         537.525 
           1715         516.366 
           1725         667.464 
           1735         814.014 
           1745         1123.64 
           1755         1579.68 
           1765         1453.12 
           1775         1670.68 
           1785         2190.58 
           1795         2818.09 
           1805         2765.33 
           1815         2598.39 
           1825         3214.85 
           1835         3699.02 
           1845         2565.27 
           1855         4043.72 
           1865         5219.42 
           1875         5637.75 
           1885         6274.12 
           1895            7912 
           1905          7530.4 
           1915         8231.58 
           1925         7894.14 
           1935         5451.01 
           1945         10966.2 
           1955         11304.8 
           1967         15130.2 
           1976         13491.4 
           1984         14294.9 
           1995         16342.2 
           2005         17413.8 
           2015         19380.1 
           2025         15737.6 
           2035         22848.2 
           2045         27263.7 
           2055         26477.1 
           2065         26604.7 
           2074         27350.9 
           2078         43956.5 
           2085         49240.3 
           2095         96503.8 
           2105          163385 
           2115          203220 
           2125          159315 
           2135          159131 
           2145          236714 
           2155          240095 
           2165          205347 
           2175          216794 
           2185          298561 
           2195          297270 
           2205          282043 
           2215          185086 
           2225          258450 
           2235          382121 
           2245          359463 
           2255          244062 
           2265          214580 
           2275          271657 
           2285          382457 
           2295          293594 
           2305          394356 
           2315          307200 
           2325          285941 
           2335          178407 
           2345         97014.9 
           2355          277398 
           2365          115123 
           2375          175708 
           2385         74177.3 
           2395          108539 
           2405          107469 
           2415          165543 
           2425          378497 
           2435          393891 
           2445          505288 
           2455          531991 
           2465          432517 
           2475          369596 
           2485          150626 
           2495          265877 
           2505          425070 
           2513          153844 
           2518         90232.4 
           2525         97059.9 
           2535          171809 
           2545          253880 
           2555          614434 
           2565          440386 
           2575          596575 
           2585          473040 
           2595          394050 
           2605          281708 
           2615          254772 
           2625          391310 
           2635          896571 
           2645         1.32e+6 
           2655      1.77975e+6 
           2665      1.13037e+6 
           2675      1.29925e+6 
           2685      1.50348e+6 
           2695        1.071e+6 
           2705       1.3539e+6 
           2715          907478 
           2725          708143 
           2735          914199 
           2745          404438 
           2755          638702 
           2765          905703 
           2775          971984 
           2785          436390 
           2795          139764 
           2805          180785 
           2815          744786 
           2825      1.34305e+6 
           2835      1.25995e+6 
           2845          784923 
           2855          329142 
           2865      1.18308e+6 
           2875      1.66847e+6 
           2885      1.46519e+6 
           2895      1.73324e+6 
           2910      2.31036e+6 
           2930      2.08128e+6 
           2950      2.00922e+6 
           2970       2.1392e+6 
           2990      2.14772e+6 
           3010      2.22372e+6 
           3030      2.33172e+6 
           3050      2.46437e+6 
           3070      2.40139e+6 
           3090      2.31181e+6 
           3110        2.514e+6 
           3130      2.32709e+6 
           3150      2.21702e+6 
           3170      2.46049e+6 
           3190      2.22123e+6 
           3210      2.49432e+6 
           3230      2.10882e+6 
           3250      2.88879e+6 
           3270      3.35555e+6 
           3290      3.25401e+6 
           3310      3.09593e+6 
           3330      3.12456e+6 
           3350      3.02122e+6 
           3370      2.29696e+6 
           3390      2.74084e+6 
           3410      2.87609e+6 
           3430       3.1102e+6 
           3450      3.22559e+6 
           3470      3.31837e+6 
           3490      3.55323e+6 
           3510      3.73913e+6 
           3530      3.47076e+6 
           3550      4.02933e+6 
           3570      3.15103e+6 
           3590      3.14815e+6 
           3610      3.50565e+6 
           3630      3.52718e+6 
           3640      3.56441e+6 
           3650      3.97528e+6 
           3670      4.03305e+6 
           3690      3.91724e+6 
           3710       4.2531e+6 
           3730       3.4784e+6 
           3750      3.88183e+6 
           3770      4.47054e+6 
           3790      4.61102e+6 
           3810      4.62526e+6 
           3830      3.24753e+6 
           3850      3.99084e+6 
           3870      3.79954e+6 
           3890      4.15665e+6 
           3910      4.73225e+6 
           3930      2.53578e+6 
           3950      4.35152e+6 
           3970       2.9869e+6 
           3990      5.58253e+6 
           4010      5.94752e+6 
           4030      5.88469e+6 
           4050      5.75943e+6 
           4070      5.63859e+6 
           4090      6.26596e+6 
           4110      6.09184e+6 
           4130      6.13324e+6 
           4150       6.1423e+6 
           4170      6.17324e+6 
           4190      5.90219e+6 
           4210      5.94998e+6 
           4230      5.76288e+6 
           4250      5.72046e+6 
           4270      5.40397e+6 
           4290      4.87612e+6 
           4310      3.99461e+6 
           4330      5.88759e+6 
           4350       5.6054e+6 
           4370      6.03497e+6 
           4390      5.60792e+6 
           4410      6.08174e+6 
           4430      6.55427e+6 
           4450      6.46886e+6 
           4470      6.74899e+6 
           4490      6.85622e+6 
           4510       7.3462e+6 
           4530      6.77681e+6 
           4550      6.95504e+6 
           4570      7.32738e+6 
           4590      6.99758e+6 
           4610       7.1779e+6 
           4630      7.11306e+6 
           4650      7.16402e+6 
           4670      7.31128e+6 
           4690      7.22782e+6 
           4710      7.03529e+6 
           4730      7.25495e+6 
           4750      7.33673e+6 
           4770      7.31476e+6 
           4790      7.28121e+6 
           4810       7.2527e+6 
           4830      7.28289e+6 
           4850      6.99952e+6 
           4870      6.38636e+6 
           4890       7.0528e+6 
           4910       7.0331e+6 
           4930      6.92766e+6 
           4950      7.13578e+6 
           4970       7.2154e+6 
           4990      6.81425e+6 
           5010      6.58734e+6 
           5030      6.90614e+6 
           5050      6.88758e+6 
           5070      7.10286e+6 
           5090      6.87994e+6 
           5110      6.95273e+6 
           5130      6.82388e+6 
           5150      6.64088e+6 
           5170      6.30023e+6 
           5190      6.34688e+6 
           5210      6.63758e+6 
           5230      6.73637e+6 
           5250      6.88809e+6 
           5270      6.32847e+6 
           5290       6.8472e+6 
           5310      6.99398e+6 
           5330      6.53077e+6 
           5350      6.86585e+6 
           5370      6.83452e+6 
           5390      6.76716e+6 
           5410      6.62032e+6 
           5430      6.70552e+6 
           5450      6.83221e+6 
           5470      6.74455e+6 
           5490      6.73574e+6 
           5510      6.72381e+6 
           5530      6.75384e+6 
           5550      6.81581e+6 
           5570      6.65197e+6 
           5590      6.55985e+6 
           5610       6.6708e+6 
           5630      6.71169e+6 
           5650      6.68714e+6 
           5670      6.56647e+6 
           5690      6.63848e+6 
           5710      6.51107e+6 
           5730      6.77975e+6 
           5750      6.63729e+6 
           5770      6.66526e+6 
           5790       6.5478e+6 
           5810      6.62511e+6 
           5830      6.66687e+6 
           5850       6.5496e+6 
           5870      6.55172e+6 
           5890      6.25655e+6 
           5910      6.49267e+6 
           5930      6.47285e+6 
           5950      6.47111e+6 
           5970      6.46652e+6 
           5990      6.41775e+6 
           6010      6.33755e+6 
           6030      6.34115e+6 
           6050      6.41313e+6 
           6070      6.36531e+6 
           6090      6.27768e+6 
           6110      6.22525e+6 
           6130      6.05908e+6 
           6150      6.11394e+6 
           6170      5.97471e+6 
           6190      6.15966e+6 
           6210      6.16106e+6 
           6230      6.04073e+6 
           6250      5.89449e+6 
           6270      6.07017e+6 
           6290      6.07248e+6 
           6310      5.93802e+6 
           6330      5.95873e+6 
           6350      5.97732e+6 
           6370      5.95247e+6 
           6390      5.94276e+6 
           6410      5.83357e+6 
           6430      5.86595e+6 
           6450      5.82113e+6 
           6470      5.79826e+6 
           6490      5.71105e+6 
           6510      5.80536e+6 
           6530      5.81103e+6 
           6550      5.68197e+6 
           6570      5.17909e+6 
           6590      5.68598e+6 
           6610      5.72406e+6 
           6630      5.70004e+6 
           6650      5.67201e+6 
           6670      5.61502e+6 
           6690      5.66383e+6 
           6710      5.57866e+6 
           6730      5.60825e+6 
           6750      5.55521e+6 
           6770      5.54085e+6 
           6790        5.522e+6 
           6810      5.48743e+6 
           6830      5.49427e+6 
           6850       5.4105e+6 
           6870      5.42558e+6 
           6890      5.42786e+6 
           6910      5.39042e+6 
           6930      5.37033e+6 
           6950      5.33813e+6 
           6970      5.33571e+6 
           6990      5.30582e+6 
           7010      5.21204e+6 
           7030      5.24364e+6 
           7050       5.2434e+6 
           7070      5.20617e+6 
           7090       5.1814e+6 
           7110        5.174e+6 
           7130      5.11182e+6 
           7150      5.08355e+6 
           7170      5.07231e+6 
           7190       4.9767e+6 
           7210      5.01313e+6 
           7230      5.01556e+6 
           7250      5.01769e+6 
           7270      4.99403e+6 
           7290      4.90484e+6 
           7310      4.93386e+6 
           7330      4.91147e+6 
           7350      4.91246e+6 
           7370      4.90955e+6 
           7390      4.82156e+6 
           7410      4.75687e+6 
           7430      4.79086e+6 
           7450      4.78706e+6 
           7470      4.79539e+6 
           7490      4.75399e+6 
           7510       4.7432e+6 
           7530      4.73324e+6 
           7550      4.73324e+6 
           7570      4.69346e+6 
           7590       4.6723e+6 
           7610       4.6535e+6 
           7630      4.64693e+6 
           7650      4.62925e+6 
           7670      4.53928e+6 
           7690      4.59081e+6 
           7710      4.53154e+6 
           7730      4.53259e+6 
           7750      4.48684e+6 
           7770      4.51742e+6 
           7790      4.49911e+6 
           7810      4.48585e+6 
           7830      4.43942e+6 
           7850      4.42844e+6 
           7870       4.4387e+6 
           7890      4.41265e+6 
           7910      4.36633e+6 
           7930      4.30805e+6 
           7950        4.298e+6 
           7970      4.33476e+6 
           7990      4.32142e+6 
           8010       4.2742e+6 
           8030      4.26467e+6 
           8050      4.22932e+6 
           8070      4.24056e+6 
           8090      4.18031e+6 
           8110      4.20003e+6 
           8130      4.19491e+6 
           8150      4.17137e+6 
           8170      4.15419e+6 
           8190      4.06698e+6 
           8210      4.07079e+6 
           8230      4.05026e+6 
           8250      4.06174e+6 
           8270      4.07358e+6 
           8290      4.04945e+6 
           8310      3.99953e+6 
           8330      3.96191e+6 
           8350      3.97921e+6 
           8370      3.97252e+6 
           8390      3.91238e+6 
           8410      3.94446e+6 
           8430      3.88594e+6 
           8450      3.89628e+6 
           8470      3.86163e+6 
           8490      3.82802e+6 
           8510      3.66985e+6 
           8530      3.78383e+6 
           8550      3.31945e+6 
           8570      3.82244e+6 
           8590      3.76617e+6 
           8610      3.74198e+6 
           8630       3.7698e+6 
           8650      3.73098e+6 
           8670          3.3e+6 
           8690      3.66382e+6 
           8710      3.69794e+6 
           8730       3.6846e+6 
           8750      3.59268e+6 
           8770      3.66646e+6 
           8790      3.63927e+6 
           8810      3.58372e+6 
           8830      3.60153e+6 
           8850      3.58894e+6 
           8870      3.49063e+6 
           8890      3.58348e+6 
           8910      3.57365e+6 
           8930      3.52823e+6 
           8950      3.51749e+6 
           8970      3.51597e+6 
           8990      3.51222e+6 
           9010      3.36166e+6 
           9030      3.45739e+6 
           9050      3.48206e+6 
           9070       3.4299e+6 
           9090      3.35729e+6 
           9110      3.38721e+6 
           9130      3.41155e+6 
           9150      3.38682e+6 
           9170      3.36661e+6 
           9190      3.36379e+6 
           9210      3.30069e+6 
           9230      3.21497e+6 
           9250      3.26291e+6 
           9270      3.28773e+6 
           9290      3.28243e+6 
           9310      3.28303e+6 
           9330       3.2651e+6 
           9350      3.24762e+6 
           9370      3.22832e+6 
           9390      3.22343e+6 
           9410      3.13202e+6 
           9430      3.18407e+6 
           9450      3.15457e+6 
           9470      3.17348e+6 
           9490      3.16653e+6 
           9510      3.14935e+6 
           9530      3.12705e+6 
           9550      3.02817e+6 
           9570      3.09767e+6 
           9590       3.1045e+6 
           9610      3.07824e+6 
           9630      3.05417e+6 
           9650      3.03924e+6 
           9670      3.02356e+6 
           9690      3.03684e+6 
           9710      3.02422e+6 
           9730      3.01279e+6 
           9750      2.98436e+6 
           9770      2.98316e+6 
           9790      2.96576e+6 
           9810      2.96961e+6 
           9830      2.95668e+6 
           9850      2.94741e+6 
           9870      2.92534e+6 
           9890      2.91337e+6 
           9910      2.90035e+6 
           9930      2.90515e+6 
           9950      2.89344e+6 
           9970      2.88397e+6 
           9990      2.87081e+6 
          10025      2.83877e+6 
          10075      2.78713e+6 
          10125      2.78874e+6 
          10175      2.75019e+6 
          10225      2.73316e+6 
          10275       2.7154e+6 
          10325      2.67009e+6 
          10375      2.64879e+6 
          10425      2.63554e+6 
          10475       2.5943e+6 
          10525      2.58325e+6 
          10575      2.55001e+6 
          10625      2.52173e+6 
          10675      2.47202e+6 
          10725      2.47057e+6 
          10775      2.44072e+6 
          10825      2.40231e+6 
          10875      2.38629e+6 
          10925      2.33966e+6 
          10975      2.32524e+6 
          11025      2.32288e+6 
          11075      2.31351e+6 
          11125      2.28576e+6 
          11175      2.26414e+6 
          11225      2.25314e+6 
          11275      2.21254e+6 
          11325      2.20433e+6 
          11375      2.18202e+6 
          11425      2.15442e+6 
          11475      2.15772e+6 
          11525      2.14008e+6 
          11575      2.11163e+6 
          11625      2.07914e+6 
          11675      2.06762e+6 
          11725      2.06879e+6 
          11775      2.02749e+6 
          11825      2.01076e+6 
          11875      1.98916e+6 
          11925      1.99959e+6 
          11975      1.94199e+6 
          12025       1.9482e+6 
          12075      1.92745e+6 
          12125      1.91864e+6 
          12175       1.9144e+6 
          12225      1.89801e+6 
          12275      1.87526e+6 
          12325      1.86501e+6 
          12375      1.84755e+6 
          12425      1.83145e+6 
          12475      1.82057e+6 
          12525      1.80256e+6 
          12575      1.78711e+6 
          12625      1.77197e+6 
          12675      1.75593e+6 
          12725      1.74697e+6 
          12775      1.73187e+6 
          12825      1.65034e+6 
          12875      1.70087e+6 
          12925      1.68505e+6 
          12975      1.67851e+6 
          13025      1.66123e+6 
          13075      1.65273e+6 
          13125      1.62875e+6 
          13175      1.61433e+6 
          13225      1.61352e+6 
          13275      1.59038e+6 
          13325      1.58474e+6 
          13375      1.57174e+6 
          13425      1.56557e+6 
          13475      1.55277e+6 
          13525       1.5411e+6 
          13575      1.52059e+6 
          13625       1.5127e+6 
          13675      1.50244e+6 
          13725      1.48996e+6 
          13775      1.48043e+6 
          13825      1.47104e+6 
          13875      1.46064e+6 
          13925      1.45092e+6 
          13975      1.43965e+6 
          14025       1.4236e+6 
          14075      1.41847e+6 
          14125      1.39929e+6 
          14175       1.3977e+6 
          14225       1.3744e+6 
          14275      1.35831e+6 
          14325      1.36464e+6 
          14375      1.36003e+6 
          14425      1.32415e+6 
          14475      1.33929e+6 
          14525      1.31464e+6 
          14570       1.3134e+6 
          14620      1.30616e+6 
          14675      1.29775e+6 
          14725      1.27936e+6 
          14775      1.27296e+6 
          14825      1.26675e+6 
          14875      1.24318e+6 
          14925      1.25829e+6 
          14975      1.24211e+6 
          15025       1.2167e+6 
          15075         1.21e+6 
          15125      1.21891e+6 
          15175      1.21366e+6 
          15225      1.19648e+6 
          15275      1.19358e+6 
          15325      1.18422e+6 
          15375        1.176e+6 
          15425      1.16789e+6 
          15475      1.16212e+6 
          15525      1.14959e+6 
          15575      1.13584e+6 
          15625      1.14011e+6 
          15675      1.11926e+6 
          15725      1.10977e+6 
          15775      1.09013e+6 
          15825      1.09566e+6 
          15875      1.05583e+6 
          15925      1.07875e+6 
          15975      1.07591e+6 
          16050       1.0608e+6 
          16150      1.03056e+6 
          16250      1.03429e+6 
          16350      1.00646e+6 
          16450          972110 
          16550          978870 
          16650          959186 
          16750          928214 
          16850          892365 
          16950          904918 
          17050          880260 
          17150          862968 
          17250          842825 
          17350          796618 
          17450          807422 
          17550          797427 
          17650          780797 
          17750          765868 
          17850          752449 
          17950          738488 
          18050          721969 
          18150          684678 
          18250          689241 
          18350          680868 
          18450          664232 
          18550          654801 
          18650          639089 
          18750          600487 
          18850          616017 
          18950          597918 
          19050          595954 
          19150          583615 
          19250          573590 
          19350          559620 
          19450          529658 
          19550          540874 
          19650          531646 
          19750          520026 
          19850          512648 
          19950          503453 
          20050          496447 
          20150          488803 
          20250          477740 
          20350          467298 
          20450          463128 
          20550          454338 
          20650          444472 
          20750          437967 
          20850          430673 
          20950          421397 
          21050          416433 
          21150          408815 
          21250          401833 
          21350          395339 
          21450          389248 
          21550          382334 
          21650          362590 
          21750          367603 
          21850          362170 
          21950          357946 
          22050          349756 
          22150          345966 
          22250          340013 
          22350          334487 
          22450          329211 
          22550          323104 
          22650          318005 
          22750          313736 
          22850          307743 
          22950          301127 
          23050          298284 
          23150          293407 
          23250          285766 
          23350          282854 
          23450          280008 
          23550          271800 
          23650          270510 
          23750          266133 
          23850          259111 
          23950          257851 
          24050          254298 
          24150          248069 
          24250          245854 
          24350          242213 
          24450          237998 
          24550          233519 
          24650          232199 
          24750          227639 
          24850          222980 
          24950          221329 
          25050          218881 
          25150          214666 
          25250          212000 
          25350          209375 
          25450          205779 
          25550          202815 
          25650          199221 
          25750          198063 
          25850          193489 
          25950          192129 
          26050          189552 
          26150          185670 
          26250          178611 
          26350          181099 
          26450          178656 
          26550          176083 
          26650          172886 
          26750          170538 
          26850          169829 
          26950          167440 
          27050          165221 
          27150          162928 
          27250          160755 
          27350          158575 
          27450          156621 
          27550          152751 
          27650          151796 
          27750          150230 
          27850          148293 
          27950          146433 
          28050          144448 
          28150          142611 
          28250          140729 
          28350          138998 
          28450          136928 
          28550          135282 
          28650          133311 
          28750          129861 
          28850          130021 
          28950          128464 
          29050          126782 
          29150          125195 
          29250          123310 
          29350          121986 
          29450          120282 
          29550          118929 
          29650          117409 
          29750          115957 
          29850          114559 
          29950          112985 
          30050          111567 
          30150          110318 
          30250          108895 
          30350          106043 
          30450          105701 
          30550          104914 
          30650          103516 
          30750          102434 
          30850          101003 
          30950         99784.7 
          31050         98740.5 
          31150           97005 
          31250         96315.5 
          31350         95115.8 
          31450         94058.7 
          31550         92679.9 
          31650         91801.8 
          31750         90622.8 
          31850         89597.8 
          31950           88639 
          32100         87004.6 
          32300         84977.4 
          32500         83042.8 
          32700         81121.1 
          32900         78453.3 
          33100         77367.1 
          33300         75536.9 
          33500         74010.1 
          33700         72324.6 
          33900         70565.7 
          34100         69024.5 
          34300         67693.4 
          34500         66208.3 
          34700         64793.5 
          34900         63409.7 
          35100         62025.6 
          35300         60632.1 
          35500         59421.9 
          35700         58083.9 
          35900         56856.8 
          36100         55780.6 
          36300         54584.4 
          36500         53351.7 
          36700         52226.2 
          36900         51047.5 
          37100         50025.2 
          37300         48999.9 
          37500         47650.8 
          37700         47149.3 
          37900         46220.2 
          38100         45292.3 
          38300         44450.8 
          38500         43601.2 
          38700         42706.6 
          38900         41852.8 
          39100           41071 
          39300         40297.8 
          39500         39468.3 
          39700         38763.2 
          39900         37892.9 
          40100         37218.3 
          40300         36562.1 
          40500         35595.6 
          40700         35194.4 
          40900         34560.4 
          41100         33941.6 
          41300         33339.9 
          41500         32682.5 
          41700         32046.9 
          41900         31512.1 
          42100         30845.6 
          42300         30428.3 
          42500         29838.1 
          42700         29338.1 
          42900         28451.1 
          43100         27727.3 
          43300         27407.5 
          43500         26540.8 
          43700           25967 
          43900         25689.9 
          44100         24806.6 
          44300         24571.6 
          44500         24200.9 
          44700           23423 
          44900         23280.2 
          45100         22868.6 
          45300         22224.6 
          45500         22020.6 
          45700         21738.1 
          45900         21125.3 
          46100         20944.1 
          46300         20582.6 
          46500         20203.8 
          46700         19949.9 
          46900         19682.5 
          47100         19364.6 
          47300         19164.1 
          47500           18811 
          47700         18504.6 
          47900         18245.3 
          48100         17887.1 
          48300         17732.8 
          48500         17425.1 
          48700         17137.8 
          48900         16890.7 
          49100         16640.9 
          49300         16386.8 
          49500         16128.6 
          49700         15887.7 
          49900         15681.9 
          50100         15391.9 
          50300           15228 
          50500         14936.3 
          50700           14741 
          50900           14557 
          51100         14307.2 
          51300           14078 
          51500         13902.2 
          51700         13758.5 
          51900         13504.8 
          52100         13301.6 
          52300           13108 
          52500         12952.6 
          52700         12790.3 
          52900         12546.9 
          53100         12403.1 
          53300         12218.2 
          53500         12061.2 
          53700         11891.5 
          53900         11735.4 
          54100         11569.7 
          54300         11372.4 
          54500         11254.4 
          54700         11087.9 
          54900         10926.3 
          55100         10797.4 
          55300         10675.6 
          55500         10484.7 
          55700         10390.1 
          55900         10213.7 
          56100         10086.5 
          56300         9944.87 
          56500         9840.36 
          56700         9710.01 
          56900         9554.96 
          57100         9451.74 
          57300         9328.73 
          57500          9203.9 
          57700         9081.01 
          57900         8973.57 
          58100         8847.15 
          58300         8736.13 
          58500         8631.59 
          58700         8508.35 
          58900         8395.93 
          59100          8275.8 
          59300         8192.43 
          59500         8071.67 
          59700         7989.98 
          59900         7888.74 
          60100         7788.46 
          60300         7691.69 
          60500         7591.43 
          60700         7494.75 
          60900         7400.11 
          61100         7298.75 
          61300         7220.32 
          61500         7133.11 
          61700         7045.87 
          61900         6961.09 
          62100         6875.38 
          62300         6779.57 
          62500         6699.49 
          62700         6619.84 
          62900         6536.58 
          63100          6456.6 
          63300          6388.7 
          63500         6307.51 
          63700         6233.97 
          63900         6154.98 
          64200         6048.31 
          64600         5901.17 
          65000         5761.08 
          65400         5629.77 
          65800         5499.51 
          66200         5369.97 
          66600         5247.15 
          67000         5125.67 
          67400         5006.89 
          67800         4891.83 
          68200         4783.76 
          68600         4676.43 
          69000         4571.33 
          69400         4468.56 
          69800         4371.33 
          70200         4272.58 
          70600         4181.09 
          71000         4090.22 
          71400         4001.36 
          71800         3914.96 
          72200         3830.66 
          72600         3748.81 
          73000         3670.18 
          73400         3591.24 
          73800         3517.08 
          74200         3442.73 
          74600         3362.11 
          75000            3294 
          75400          3233.5 
          75800            3168 
          76200         3103.27 
          76600         3040.65 
          77000         2978.51 
          77400         2919.51 
          77800         2861.37 
          78200         2804.51 
          78600         2749.09 
          79000         2694.94 
          79400          2642.1 
          79800         2590.66 
          80200         2539.99 
          80600         2490.71 
          81000         2443.61 
          81400         2395.77 
          81800         2350.78 
          82200         2306.83 
          82600         2263.28 
          83000          2220.9 
          83400         2178.68 
          83800         2138.62 
          84200         2099.43 
          84600         2060.73 
          85000         2023.03 
          85400          1986.1 
          85800         1950.07 
          86200         1914.67 
          86600          1880.3 
          87000         1846.77 
          87400         1813.09 
          87800         1780.87 
          88200         1749.69 
          88600         1718.96 
          89000         1688.75 
          89400         1659.53 
          89800          1630.2 
          90200         1602.35 
          90600         1575.15 
          91000          1547.5 
          91400         1521.09 
          91800         1495.66 
          92200         1470.43 
          92600         1445.54 
          93000          1421.5 
          93400         1397.39 
          93800          1373.9 
          94200         1351.64 
          94600         1328.95 
          95000         1307.43 
          95400         1285.89 
          95800         1264.67 
          96200         1244.36 
          96600         1223.91 
          97000         1204.62 
          97400         1184.74 
          97800         1165.58 
          98200          1147.7 
          98600         1129.54 
          99000         1111.55 
          99400         1093.74 
          99800         1077.12 
         100200         1060.28 
         200000         68.9199 
         400000         4.34252 
         600000        0.855449 
         800000         0.26948 
         1.0e+6         0.10987 
         1.2e+6         0.05275 
         1.4e+6       0.0283528 
         1.6e+6       0.0165541 
