# Kurucz ODFNEW /NOVER models
# teff = 14000 K (value for the effective temperature for the model. Temperatures are given in K)
# logg = 4.50 log(cm/s2) (value for Log(G) for the model.)
# meta = -0.5  (value for the Metallicity for the model.)
# lh = 1.25  (l/Hp where l is the  mixing length of the convective element and Hp is the pressure scale height)
# vtur = 2.0 km/s (Microturbulence velocity)
#
# column 1: WAVELENGTH (ANGSTROM), Wavelength in Angstrom
# column 2: FLUX (ERG/CM2/S/A), Flux in erg/cm2/s/A
              0               0 
           90.9               0 
           93.5               0 
           96.1               0 
           97.7               0 
           99.6               0 
            102               0 
          103.8               0 
          105.6               0 
          107.7               0 
          110.4               0 
            114               0 
          117.8               0 
          121.3               0 
          124.8               0 
          127.1               0 
          128.4               0 
          130.5               0 
          132.4               0 
          133.9               0 
          136.6               0 
          139.8               0 
          143.3               0 
          147.2               0 
            151               0 
          155.2               0 
          158.8               0 
            162               0 
            166               0 
          170.3               0 
          173.4               0 
          176.8               0 
          180.2               0 
          181.7               0 
          186.1     4.50066e-23 
            191     4.64322e-22 
          193.9     1.45633e-21 
          198.4     7.86077e-21 
          201.8     2.70314e-20 
            205     8.37611e-20 
          210.5     5.36584e-19 
          216.2      3.3646e-18 
          219.8     1.02596e-17 
            223     2.67466e-17 
          226.8     8.10468e-17 
            230     2.01013e-16 
            234     6.04505e-16 
            240     2.95034e-15 
          246.5      1.5135e-14 
          252.4     6.22819e-14 
          256.8     1.71735e-13 
            260     3.51752e-13 
            264     8.41448e-13 
          268.5     2.17268e-12 
          273.5     6.01087e-12 
          278.5     1.60766e-11 
            284     4.55463e-11 
            290     1.35533e-10 
            296     3.85191e-10 
            301     8.92374e-10 
            308      2.76043e-9 
            318      1.26925e-8 
            328      5.30932e-8 
            338      2.03554e-7 
            348      7.21145e-7 
            357      2.11585e-6 
            366      5.87722e-6 
            375      1.55011e-5 
            385      4.31057e-5 
            395     0.000113489 
            405     0.000284365 
            414     0.000624609 
            422      0.00121999 
            430      0.00232008 
            441       0.0054022 
            451       0.0112081 
            460       0.0210032 
            470       0.0409543 
            480       0.0775125 
            490        0.142715 
            500        0.255905 
            506         1.50009 
            512         3.04091 
            520         4.38213 
            530         6.91097 
            540          10.223 
            550         15.9908 
            560          23.679 
            570         34.8611 
            580         47.8619 
            590         71.0334 
            600         100.201 
            610         140.264 
            620         192.011 
            630         262.079 
            640         350.068 
            650         470.605 
            658         589.653 
            665         712.118 
            675         926.644 
            685         1200.38 
            695         1549.97 
            705         1974.51 
            716         2554.23 
            726         3214.46 
            735         3915.59 
            745         4868.21 
            755         6009.43 
            765         7356.61 
            775          8987.6 
            785         10904.1 
            795         13121.9 
            805         15766.3 
            815         18810.8 
            825         22368.3 
            835         26283.2 
            845           31143 
            855         36460.2 
            865         42705.7 
            875         49623.7 
            885         57662.1 
            895         66567.7 
            905         75992.3 
            915          259752 
            925      1.13051e+6 
            935       1.8184e+6 
            945      4.76025e+6 
            955      3.54801e+7 
            965      5.85105e+7 
            975      1.12857e+7 
            985      2.95533e+8 
            995      5.15802e+8 
           1005      5.54637e+8 
           1015      1.98859e+8 
           1025      6.71616e+6 
           1035      1.19575e+8 
           1045       6.4605e+8 
           1055      9.36627e+8 
           1065      8.65843e+8 
           1075      1.03185e+9 
           1085      1.01803e+9 
           1095      1.06309e+9 
           1105      1.01684e+9 
           1115      1.10781e+9 
           1125      1.14035e+9 
           1135      1.24147e+9 
           1145       1.1331e+9 
           1155       1.1814e+9 
           1165      1.27104e+9 
           1175      1.17047e+9 
           1185      1.04673e+9 
           1195      3.40687e+8 
           1205      1.52516e+8 
           1215      1.35319e+7 
           1225      8.70537e+7 
           1235      6.17375e+8 
           1245      1.06664e+9 
           1255      1.21358e+9 
           1265      1.01726e+9 
           1275      1.27615e+9 
           1285      1.41112e+9 
           1295      1.19689e+9 
           1305      9.18606e+8 
           1315      1.31032e+9 
           1325      1.32216e+9 
           1335      1.22088e+9 
           1345      1.36871e+9 
           1355      1.28745e+9 
           1365      1.18778e+9 
           1375       1.2488e+9 
           1385      1.26708e+9 
           1395      1.25767e+9 
           1405       1.2697e+9 
           1415      1.19582e+9 
           1425      1.21426e+9 
           1435      1.16172e+9 
           1442      1.23121e+9 
           1447      1.25076e+9 
           1455      1.23193e+9 
           1465       1.1841e+9 
           1475      1.13924e+9 
           1485      1.13377e+9 
           1495      1.15772e+9 
           1505      1.13883e+9 
           1512      1.09298e+9 
           1517      1.14259e+9 
           1525      1.08834e+9 
           1535      1.04365e+9 
           1545      1.10501e+9 
           1555      1.02793e+9 
           1565      9.70779e+8 
           1575      9.97748e+8 
           1585      1.03527e+9 
           1595      1.05498e+9 
           1605       9.9347e+8 
           1615      9.96111e+8 
           1625      9.34198e+8 
           1635      9.52782e+8 
           1645      9.52731e+8 
           1655      8.68742e+8 
           1665      9.40854e+8 
           1672      8.63738e+8 
           1677      9.03056e+8 
           1685      9.37199e+8 
           1695      8.96316e+8 
           1705      8.63843e+8 
           1715        8.347e+8 
           1725      8.21833e+8 
           1735      8.49708e+8 
           1745       8.2713e+8 
           1755      8.60419e+8 
           1765      7.82818e+8 
           1775      8.36916e+8 
           1785      8.27436e+8 
           1795      8.47684e+8 
           1805      8.27865e+8 
           1815      8.10453e+8 
           1825      7.96369e+8 
           1835      7.71984e+8 
           1845      7.42409e+8 
           1855      7.34504e+8 
           1865      7.34372e+8 
           1875      7.64312e+8 
           1885      7.38431e+8 
           1895      7.20377e+8 
           1905      7.34075e+8 
           1915      7.14429e+8 
           1925      7.09801e+8 
           1935      7.06386e+8 
           1945      7.18054e+8 
           1955      6.93399e+8 
           1967      7.12715e+8 
           1976      7.12499e+8 
           1984      6.92991e+8 
           1995      6.67167e+8 
           2005      6.73163e+8 
           2015      6.43004e+8 
           2025      6.64625e+8 
           2035       6.5147e+8 
           2045      6.53383e+8 
           2055      6.24381e+8 
           2065      6.26635e+8 
           2074      6.31183e+8 
           2078      6.30562e+8 
           2085      6.35677e+8 
           2095      6.12884e+8 
           2105      6.13459e+8 
           2115      6.07817e+8 
           2125      6.07173e+8 
           2135      5.75044e+8 
           2145      5.93382e+8 
           2155      5.91173e+8 
           2165      5.68613e+8 
           2175      5.61922e+8 
           2185      5.53186e+8 
           2195      5.68299e+8 
           2205      5.49837e+8 
           2215      5.28588e+8 
           2225      5.11194e+8 
           2235      5.40529e+8 
           2245      5.12693e+8 
           2255      5.01319e+8 
           2265      5.03136e+8 
           2275      5.15109e+8 
           2285      5.17811e+8 
           2295      4.98945e+8 
           2305      4.86557e+8 
           2315      4.75036e+8 
           2325      4.75231e+8 
           2335      4.59003e+8 
           2345      4.38413e+8 
           2355       4.5441e+8 
           2365      4.32628e+8 
           2375      4.40872e+8 
           2385      4.13935e+8 
           2395      4.36777e+8 
           2405       4.1851e+8 
           2415      4.22656e+8 
           2425      4.29189e+8 
           2435      4.10227e+8 
           2445      4.25681e+8 
           2455      4.15051e+8 
           2465      4.11684e+8 
           2475      3.99737e+8 
           2485       4.1747e+8 
           2495       4.0481e+8 
           2505      4.17932e+8 
           2513       4.0251e+8 
           2518       4.0752e+8 
           2525      3.86561e+8 
           2535      3.85335e+8 
           2545      3.79636e+8 
           2555      3.91082e+8 
           2565      3.85878e+8 
           2575      3.98103e+8 
           2585        3.965e+8 
           2595       3.9524e+8 
           2605      3.82196e+8 
           2615      3.79378e+8 
           2625      3.79627e+8 
           2635      3.80392e+8 
           2645      3.94218e+8 
           2655      3.89101e+8 
           2665      3.75859e+8 
           2675      3.81252e+8 
           2685      3.78041e+8 
           2695      3.70768e+8 
           2705      3.69995e+8 
           2715      3.60542e+8 
           2725      3.58906e+8 
           2735      3.66637e+8 
           2745      3.43475e+8 
           2755       3.4051e+8 
           2765      3.46596e+8 
           2775      3.52664e+8 
           2785      3.50757e+8 
           2795      3.28294e+8 
           2805      3.39728e+8 
           2815      3.47852e+8 
           2825      3.43922e+8 
           2835      3.34868e+8 
           2845      3.26168e+8 
           2855      3.26012e+8 
           2865      3.30893e+8 
           2875      3.25323e+8 
           2885      3.26864e+8 
           2895      3.24531e+8 
           2910      3.28582e+8 
           2930      3.19015e+8 
           2950      3.14935e+8 
           2970      3.11706e+8 
           2990      3.07488e+8 
           3010       3.0694e+8 
           3030      3.03402e+8 
           3050      2.98031e+8 
           3070      2.93725e+8 
           3090      2.91079e+8 
           3110      2.85528e+8 
           3130       2.8153e+8 
           3150      2.78327e+8 
           3170      2.74582e+8 
           3190      2.67792e+8 
           3210      2.66721e+8 
           3230      2.63201e+8 
           3250      2.60189e+8 
           3270      2.57534e+8 
           3290      2.54371e+8 
           3310      2.51543e+8 
           3330      2.47831e+8 
           3350      2.43884e+8 
           3370      2.40779e+8 
           3390      2.37739e+8 
           3410       2.3525e+8 
           3430      2.32172e+8 
           3450      2.29504e+8 
           3470      2.26284e+8 
           3490      2.23568e+8 
           3510      2.21138e+8 
           3530      2.18539e+8 
           3550      2.15833e+8 
           3570      2.13072e+8 
           3590      2.10304e+8 
           3610       2.0783e+8 
           3630      2.05169e+8 
           3640      2.04058e+8 
           3650      2.04375e+8 
           3670      2.02427e+8 
           3690      1.97906e+8 
           3710      1.93195e+8 
           3730      1.86406e+8 
           3750      2.10864e+8 
           3770      2.18112e+8 
           3790       2.5009e+8 
           3810       2.7912e+8 
           3830      2.31913e+8 
           3850      2.96606e+8 
           3870      3.22577e+8 
           3890      2.06274e+8 
           3910      3.18155e+8 
           3930      3.27901e+8 
           3950       3.1155e+8 
           3970      1.95614e+8 
           3990        2.962e+8 
           4010      3.13637e+8 
           4030      3.03897e+8 
           4050      3.07815e+8 
           4070       2.9777e+8 
           4090      2.45477e+8 
           4110      1.98124e+8 
           4130      2.77674e+8 
           4150      2.83841e+8 
           4170      2.81862e+8 
           4190       2.7849e+8 
           4210      2.74788e+8 
           4230      2.70595e+8 
           4250      2.66219e+8 
           4270      2.61252e+8 
           4290      2.56979e+8 
           4310      2.47806e+8 
           4330      1.98656e+8 
           4350      1.74028e+8 
           4370      2.35228e+8 
           4390      2.35455e+8 
           4410      2.36424e+8 
           4430      2.32931e+8 
           4450      2.30632e+8 
           4470      2.22465e+8 
           4490      2.21795e+8 
           4510      2.20833e+8 
           4530       2.1762e+8 
           4550       2.1411e+8 
           4570      2.11915e+8 
           4590      2.08552e+8 
           4610      2.06144e+8 
           4630      2.02733e+8 
           4650       2.0047e+8 
           4670      1.97582e+8 
           4690      1.94873e+8 
           4710      1.90793e+8 
           4730      1.89503e+8 
           4750      1.86758e+8 
           4770      1.84301e+8 
           4790      1.81403e+8 
           4810      1.77894e+8 
           4830      1.71789e+8 
           4850      1.42908e+8 
           4870      1.21152e+8 
           4890      1.62684e+8 
           4910      1.65971e+8 
           4930      1.63372e+8 
           4950      1.63284e+8 
           4970      1.61576e+8 
           4990      1.59437e+8 
           5010      1.56005e+8 
           5030      1.55079e+8 
           5050       1.5183e+8 
           5070      1.51323e+8 
           5090       1.4938e+8 
           5110      1.47347e+8 
           5130      1.45685e+8 
           5150      1.43619e+8 
           5170      1.41692e+8 
           5190      1.40098e+8 
           5210      1.38128e+8 
           5230      1.36487e+8 
           5250      1.34986e+8 
           5270      1.33026e+8 
           5290      1.31794e+8 
           5310      1.29955e+8 
           5330      1.28534e+8 
           5350      1.26956e+8 
           5370      1.25462e+8 
           5390      1.23927e+8 
           5410      1.22351e+8 
           5430      1.20878e+8 
           5450      1.19486e+8 
           5470      1.17992e+8 
           5490      1.16645e+8 
           5510      1.15231e+8 
           5530      1.13942e+8 
           5550      1.12587e+8 
           5570      1.11259e+8 
           5590      1.09958e+8 
           5610      1.08698e+8 
           5630      1.07451e+8 
           5650      1.06047e+8 
           5670      1.04847e+8 
           5690      1.03724e+8 
           5710      1.02548e+8 
           5730      1.01372e+8 
           5750      1.00209e+8 
           5770      9.90649e+7 
           5790      9.78939e+7 
           5810      9.67961e+7 
           5830      9.57129e+7 
           5850      9.46271e+7 
           5870      9.25588e+7 
           5890      9.24341e+7 
           5910      9.14685e+7 
           5930      9.04744e+7 
           5950      8.93139e+7 
           5970      8.84259e+7 
           5990      8.73574e+7 
           6010      8.65183e+7 
           6030      8.55653e+7 
           6050      8.46185e+7 
           6070      8.36877e+7 
           6090      8.27784e+7 
           6110      8.18892e+7 
           6130      8.09988e+7 
           6150      7.99747e+7 
           6170      7.92444e+7 
           6190      7.84065e+7 
           6210      7.75662e+7 
           6230      7.67091e+7 
           6250      7.57878e+7 
           6270      7.51076e+7 
           6290      7.43072e+7 
           6310      7.34989e+7 
           6330      7.27389e+7 
           6350      7.15482e+7 
           6370      7.09363e+7 
           6390      7.04671e+7 
           6410      6.97098e+7 
           6430      6.90152e+7 
           6450      6.82223e+7 
           6470      6.74986e+7 
           6490      6.66406e+7 
           6510      6.56938e+7 
           6530      6.41205e+7 
           6550      5.77691e+7 
           6570      4.89354e+7 
           6590      6.09361e+7 
           6610      6.22036e+7 
           6630      6.19695e+7 
           6650      6.14874e+7 
           6670      6.08279e+7 
           6690      6.02493e+7 
           6710      5.97936e+7 
           6730      5.91934e+7 
           6750      5.86091e+7 
           6770      5.80323e+7 
           6790      5.74492e+7 
           6810      5.68799e+7 
           6830      5.63082e+7 
           6850      5.57599e+7 
           6870      5.52161e+7 
           6890      5.46803e+7 
           6910      5.41425e+7 
           6930      5.35942e+7 
           6950       5.3095e+7 
           6970      5.25863e+7 
           6990      5.20799e+7 
           7010      5.15616e+7 
           7030      5.10786e+7 
           7050      5.05414e+7 
           7070      4.99583e+7 
           7090      4.96294e+7 
           7110      4.91399e+7 
           7130      4.86815e+7 
           7150       4.8221e+7 
           7170      4.77728e+7 
           7190      4.73237e+7 
           7210      4.68788e+7 
           7230      4.64139e+7 
           7250      4.59954e+7 
           7270       4.5575e+7 
           7290      4.51134e+7 
           7310      4.47302e+7 
           7330      4.43168e+7 
           7350        4.391e+7 
           7370      4.35047e+7 
           7390      4.31039e+7 
           7410      4.27084e+7 
           7430      4.22944e+7 
           7450      4.19203e+7 
           7470      4.15207e+7 
           7490      4.11576e+7 
           7510      4.07838e+7 
           7530      4.04264e+7 
           7550      4.00613e+7 
           7570      3.97012e+7 
           7590      3.93439e+7 
           7610      3.89943e+7 
           7630      3.86432e+7 
           7650      3.82958e+7 
           7670      3.79561e+7 
           7690      3.76189e+7 
           7710       3.7284e+7 
           7730      3.69569e+7 
           7750      3.66301e+7 
           7770      3.60132e+7 
           7790      3.59886e+7 
           7810      3.56774e+7 
           7830       3.5365e+7 
           7850      3.50233e+7 
           7870      3.46818e+7 
           7890      3.43367e+7 
           7910      3.41488e+7 
           7930      3.38571e+7 
           7950      3.35246e+7 
           7970      3.32761e+7 
           7990      3.29025e+7 
           8010       3.2708e+7 
           8030      3.24283e+7 
           8050      3.21515e+7 
           8070      3.18769e+7 
           8090      3.16047e+7 
           8110      3.13352e+7 
           8130      3.10729e+7 
           8150      3.08112e+7 
           8170      3.05536e+7 
           8190      3.02856e+7 
           8210      3.00674e+7 
           8230      2.98006e+7 
           8250      2.96248e+7 
           8270      2.94007e+7 
           8290      2.91494e+7 
           8310      2.89383e+7 
           8330      2.87023e+7 
           8350      2.84764e+7 
           8370      2.82496e+7 
           8390      2.80209e+7 
           8410      2.77668e+7 
           8430      2.75091e+7 
           8450      2.71632e+7 
           8470      2.69069e+7 
           8490       2.6808e+7 
           8510      2.62577e+7 
           8530      2.64619e+7 
           8550      2.52813e+7 
           8570      2.63304e+7 
           8590      2.50832e+7 
           8610      2.46745e+7 
           8630      2.61365e+7 
           8650      2.51508e+7 
           8670      2.25465e+7 
           8690      2.54172e+7 
           8710      2.60166e+7 
           8730      2.50068e+7 
           8750      2.11392e+7 
           8770      2.38437e+7 
           8790       2.5554e+7 
           8810      2.57046e+7 
           8830      2.50722e+7 
           8850      2.25665e+7 
           8870      2.00238e+7 
           8890      2.37334e+7 
           8910      2.47275e+7 
           8930      2.47996e+7 
           8950      2.46504e+7 
           8970      2.42147e+7 
           8990      2.30326e+7 
           9010      1.92361e+7 
           9030      2.04173e+7 
           9050      2.29118e+7 
           9070      2.33471e+7 
           9090      2.33448e+7 
           9110      2.32792e+7 
           9130      2.31022e+7 
           9150      2.29078e+7 
           9170      2.25942e+7 
           9190      2.20321e+7 
           9210      2.05015e+7 
           9230        1.696e+7 
           9250      1.97531e+7 
           9270      2.11103e+7 
           9290      2.15464e+7 
           9310      2.15282e+7 
           9330      2.14157e+7 
           9350      2.12832e+7 
           9370      2.11315e+7 
           9390      2.09613e+7 
           9410      2.07149e+7 
           9430      2.06343e+7 
           9450      2.04563e+7 
           9470      2.02352e+7 
           9490      1.99538e+7 
           9510      1.93968e+7 
           9530      1.78105e+7 
           9550      1.51188e+7 
           9570      1.78878e+7 
           9590      1.89254e+7 
           9610      1.91008e+7 
           9630      1.89915e+7 
           9650      1.89772e+7 
           9670      1.88484e+7 
           9690      1.87494e+7 
           9710      1.86187e+7 
           9730      1.84834e+7 
           9750      1.83442e+7 
           9770      1.82124e+7 
           9790      1.80767e+7 
           9810      1.79428e+7 
           9830      1.78055e+7 
           9850      1.76777e+7 
           9870       1.7547e+7 
           9890      1.74064e+7 
           9910      1.72837e+7 
           9930      1.71262e+7 
           9950      1.69798e+7 
           9970      1.68136e+7 
           9990      1.65935e+7 
          10025      1.51891e+7 
          10075      1.45143e+7 
          10125      1.58276e+7 
          10175      1.56786e+7 
          10225      1.54374e+7 
          10275      1.51658e+7 
          10325      1.48949e+7 
          10375      1.46407e+7 
          10425      1.43876e+7 
          10475      1.41366e+7 
          10525      1.38914e+7 
          10575      1.36563e+7 
          10625      1.34249e+7 
          10675      1.31719e+7 
          10725      1.29681e+7 
          10775        1.275e+7 
          10825      1.24605e+7 
          10875      1.21538e+7 
          10925      1.05495e+7 
          10975      1.12246e+7 
          11025      1.16357e+7 
          11075      1.15148e+7 
          11125      1.13495e+7 
          11175      1.11649e+7 
          11225      1.09843e+7 
          11275      1.07819e+7 
          11325      1.06182e+7 
          11375      1.04627e+7 
          11425       1.0296e+7 
          11475      1.01333e+7 
          11525       9.9732e+6 
          11575      9.81607e+6 
          11625      9.65712e+6 
          11675      9.50603e+6 
          11725      9.36237e+6 
          11775      9.20453e+6 
          11825      9.07403e+6 
          11875      8.93313e+6 
          11925       8.7993e+6 
          11975      8.66082e+6 
          12025       8.5332e+6 
          12075      8.40375e+6 
          12125      8.27694e+6 
          12175      8.15292e+6 
          12225       8.0309e+6 
          12275      7.91035e+6 
          12325      7.79299e+6 
          12375      7.67774e+6 
          12425      7.56508e+6 
          12475      7.44984e+6 
          12525      7.34414e+6 
          12575      7.23486e+6 
          12625      7.13134e+6 
          12675      7.01727e+6 
          12725      6.88593e+6 
          12775      6.61444e+6 
          12825      5.86418e+6 
          12875      6.48073e+6 
          12925      6.50759e+6 
          12975      6.43807e+6 
          13025      6.35677e+6 
          13075      6.26725e+6 
          13125      6.17956e+6 
          13175      6.09064e+6 
          13225       6.0085e+6 
          13275      5.92504e+6 
          13325      5.84331e+6 
          13375      5.76285e+6 
          13425      5.68344e+6 
          13475      5.60564e+6 
          13525      5.52907e+6 
          13575      5.45427e+6 
          13625      5.38044e+6 
          13675       5.3075e+6 
          13725      5.23612e+6 
          13775       5.1668e+6 
          13825      5.09776e+6 
          13875      5.02998e+6 
          13925      4.96321e+6 
          13975      4.89768e+6 
          14025      4.83313e+6 
          14075      4.76976e+6 
          14125      4.70734e+6 
          14175      4.64588e+6 
          14225      4.58554e+6 
          14275       4.5263e+6 
          14325      4.46778e+6 
          14375      4.41031e+6 
          14425      4.35155e+6 
          14475      4.29779e+6 
          14525      4.24254e+6 
          14570      4.19473e+6 
          14620      4.14565e+6 
          14675      4.08926e+6 
          14725      4.03841e+6 
          14775      3.98802e+6 
          14825      3.93957e+6 
          14875      3.89083e+6 
          14925      3.84364e+6 
          14975      3.79636e+6 
          15025      3.75028e+6 
          15075      3.70388e+6 
          15125      3.65885e+6 
          15175      3.61418e+6 
          15225      3.56984e+6 
          15275      3.52469e+6 
          15325      3.47993e+6 
          15375      3.44027e+6 
          15425      3.38981e+6 
          15475       3.3563e+6 
          15525      3.31253e+6 
          15575      3.25386e+6 
          15625      3.25068e+6 
          15675      3.17813e+6 
          15725      3.12201e+6 
          15775      3.14539e+6 
          15825      3.10087e+6 
          15875       2.9573e+6 
          15925      3.00116e+6 
          15975      3.01678e+6 
          16050      2.92957e+6 
          16150      2.79981e+6 
          16250      2.85049e+6 
          16350      2.72342e+6 
          16450      2.59212e+6 
          16550      2.67106e+6 
          16650      2.61461e+6 
          16750      2.48036e+6 
          16850       2.3568e+6 
          16950      2.44197e+6 
          17050      2.39812e+6 
          17150      2.34513e+6 
          17250      2.27864e+6 
          17350      2.07211e+6 
          17450      2.15941e+6 
          17550      2.14734e+6 
          17650      2.10494e+6 
          17750      2.06013e+6 
          17850      2.01701e+6 
          17950      1.97414e+6 
          18050      1.92099e+6 
          18150      1.75807e+6 
          18250      1.80717e+6 
          18350      1.81181e+6 
          18450      1.77927e+6 
          18550      1.74142e+6 
          18650      1.69442e+6 
          18750      1.55198e+6 
          18850      1.62441e+6 
          18950      1.60605e+6 
          19050      1.57553e+6 
          19150      1.54463e+6 
          19250      1.51216e+6 
          19350      1.46799e+6 
          19450        1.342e+6 
          19550       1.4113e+6 
          19650      1.39873e+6 
          19750      1.37359e+6 
          19850      1.34745e+6 
          19950      1.32196e+6 
          20050        1.297e+6 
          20150      1.27265e+6 
          20250       1.2489e+6 
          20350      1.22565e+6 
          20450      1.20297e+6 
          20550      1.18068e+6 
          20650      1.15911e+6 
          20750      1.13799e+6 
          20850      1.11731e+6 
          20950      1.09705e+6 
          21050       1.0773e+6 
          21150      1.05787e+6 
          21250      1.03901e+6 
          21350      1.02054e+6 
          21450      1.00131e+6 
          21550          975486 
          21650          896649 
          21750          935889 
          21850          932313 
          21950          918051 
          22050          902303 
          22150          886804 
          22250          871698 
          22350          856825 
          22450          842333 
          22550          828135 
          22650          814230 
          22750          800611 
          22850          787630 
          22950          774628 
          23050          761965 
          23150          749493 
          23250          737274 
          23350          725306 
          23450          713584 
          23550          702105 
          23650          690857 
          23750          679842 
          23850          668987 
          23950          658356 
          24050          647884 
          24150          637653 
          24250          627696 
          24350          617803 
          24450          608015 
          24550          598704 
          24650          589080 
          24750          580026 
          24850          571590 
          24950          561092 
          25050          554358 
          25150          545952 
          25250          534350 
          25350          529170 
          25450          522511 
          25550          513017 
          25650          500195 
          25750          498390 
          25850          492535 
          25950          484851 
          26050          473237 
          26150          457378 
          26250          432271 
          26350          450954 
          26450          450579 
          26550          444604 
          26650          435158 
          26750          416385 
          26850          422662 
          26950          420366 
          27050          415431 
          27150          410086 
          27250          404303 
          27350          397579 
          27450          389718 
          27550          369890 
          27650          372210 
          27750          374977 
          27850          371440 
          27950          366568 
          28050          361547 
          28150          356606 
          28250          351746 
          28350          346971 
          28450          342072 
          28550          336121 
          28650          325716 
          28750          310468 
          28850          320736 
          28950          319183 
          29050          315732 
          29150          311559 
          29250          307464 
          29350          303429 
          29450          299459 
          29550          295559 
          29650          291718 
          29750          287938 
          29850          284219 
          29950          280560 
          30050          276961 
          30150          272922 
          30250          267757 
          30350          253492 
          30450          253955 
          30550          258168 
          30650          256242 
          30750          253319 
          30850          250104 
          30950          247039 
          31050          243970 
          31150          240946 
          31250          237967 
          31350          235041 
          31450          232154 
          31550          229315 
          31650          226518 
          31750          223763 
          31850          221053 
          31950          218380 
          32100          214446 
          32300          209340 
          32500          204381 
          32700          199155 
          32900          187017 
          33100          187552 
          33300          185516 
          33500          181425 
          33700          177321 
          33900          173320 
          34100          169420 
          34300          165628 
          34500          161941 
          34700          158352 
          34900          154860 
          35100          151468 
          35300          148163 
          35500          144947 
          35700          141814 
          35900          138779 
          36100          135789 
          36300          132930 
          36500          130061 
          36700          127388 
          36900          124553 
          37100          121938 
          37300          117060 
          37500          113720 
          37700          114573 
          37900          112436 
          38100          109863 
          38300          107693 
          38500          105848 
          38700          103758 
          38900          101491 
          39100         98881.1 
          39300         97635.8 
          39500         95848.1 
          39700         94014.6 
          39900         92101.9 
          40100         89639.1 
          40300         87601.2 
          40500         83876.2 
          40700         84991.8 
          40900         83793.2 
          41100         82259.2 
          41300         80682.5 
          41500           78822 
          41700         75896.7 
          41900         75862.8 
          42100         74867.5 
          42300         73506.4 
          42500         72161.2 
          42700         70848.5 
          42900           69565 
          43100         68310.4 
          43300         67082.2 
          43500           65686 
          43700         63003.2 
          43900         62776.2 
          44100           62367 
          44300         61348.3 
          44500         60275.1 
          44700           59275 
          44900           58193 
          45100           57189 
          45300           56206 
          45500         55241.6 
          45700         54295.7 
          45900         53360.4 
          46100         52419.6 
          46300         51350.9 
          46500         48606.9 
          46700         48044.7 
          46900         48606.9 
          47100         48164.4 
          47300         47431.4 
          47500         46668.7 
          47700         45915.6 
          47900         45173.3 
          48100         44461.3 
          48300         43809.6 
          48500         43108.1 
          48700         42416.4 
          48900         41739.2 
          49100         41076.4 
          49300         40426.1 
          49500         39787.9 
          49700         39163.4 
          49900         38550.3 
          50100         37942.9 
          50300         37306.8 
          50500         36753.4 
          50700         36132.8 
          50900         35532.3 
          51100         34764.2 
          51300         33201.1 
          51500         33784.5 
          51700         33422.4 
          51900         32975.1 
          52100         32539.2 
          52300         32052.3 
          52500         31524.4 
          52700         31026.4 
          52900         30646.9 
          53100           30196 
          53300         29752.4 
          53500         29317.1 
          53700         28805.2 
          53900         28388.2 
          54100           28059 
          54300         27654.7 
          54500           27258 
          54700         26867.7 
          54900         26484.8 
          55100         26028.6 
          55300         25611.5 
          55500         25346.5 
          55700         25019.1 
          55900         24669.2 
          56100         24324.8 
          56300         23985.9 
          56500         23653.6 
          56700         23326.4 
          56900         22942.8 
          57100         22503.9 
          57300         22301.2 
          57500         22074.6 
          57700         21774.7 
          57900         21480.7 
          58100         21190.2 
          58300         20894.3 
          58500         20600.9 
          58700         20301.1 
          58900           19880 
          59100           18981 
          59300         19382.4 
          59500         19043.7 
          59700           18891 
          59900         18749.3 
          60100         18527.7 
          60300         18326.3 
          60500           18089 
          60700         17854.5 
          60900         17624.6 
          61100         17398.5 
          61300         17175.8 
          61500         16956.7 
          61700         16740.1 
          61900         16527.9 
          62100           16319 
          62300         16112.5 
          62500         15869.7 
          62700         15610.5 
          62900         15167.6 
          63100         15194.7 
          63300         15088.4 
          63500         14939.3 
          63700         14761.2 
          63900         14579.4 
          64200         14312.8 
          64600         13966.4 
          65000         13630.1 
          65400         13303.5 
          65800         12987.4 
          66200         12680.5 
          66600         12381.7 
          67000         12090.8 
          67400         11748.7 
          67800         11311.3 
          68200         11250.3 
          68600         11016.2 
          69000         10766.2 
          69400         10522.8 
          69800         10286.5 
          70200         10057.3 
          70600         9833.28 
          71000         9616.68 
          71400         9405.03 
          71800         9199.67 
          72200         8999.74 
          72600         8800.08 
          73000         8616.25 
          73400         8431.66 
          73800         8245.76 
          74200         8046.25 
          74600         7669.11 
          75000         7441.51 
          75400         7521.13 
          75800         7410.51 
          76200         7271.92 
          76600         7122.98 
          77000         6977.37 
          77400         6829.96 
          77800         6670.29 
          78200         6557.87 
          78600         6432.14 
          79000          6304.4 
          79400         6179.47 
          79800         6057.94 
          80200          5939.1 
          80600         5823.47 
          81000         5708.38 
          81400         5570.14 
          81800          5474.3 
          82200         5387.48 
          82600         5284.95 
          83000         5184.82 
          83400         5087.06 
          83800         4991.54 
          84200         4898.28 
          84600         4807.17 
          85000         4718.16 
          85400         4631.19 
          85800          4546.2 
          86200          4454.8 
          86600         4335.42 
          87000         4284.48 
          87400         4152.07 
          87800         4077.99 
          88200         4071.51 
          88600         4002.95 
          89000         3932.14 
          89400         3862.86 
          89800         3795.07 
          90200         3728.82 
          90600         3663.91 
          91000         3600.48 
          91400         3538.36 
          91800         3477.59 
          92200         3418.14 
          92600         3359.92 
          93000         3302.93 
          93400         3239.77 
          93800         3142.87 
          94200         3117.42 
          94600         3084.08 
          95000         3035.52 
          95400         2985.31 
          95800         2936.17 
          96200         2887.99 
          96600         2840.83 
          97000         2794.63 
          97400         2749.32 
          97800         2704.94 
          98200         2661.43 
          98600         2618.37 
          99000         2577.07 
          99400         2536.16 
          99800         2496.02 
         100200         2456.69 
         200000         155.882 
         400000          9.6377 
         600000         1.88177 
         800000        0.589584 
         1.0e+6        0.239544 
         1.2e+6        0.114748 
         1.4e+6       0.0615915 
         1.6e+6       0.0359307 
