# Kurucz ODFNEW /NOVER models
# teff = 9250 K (value for the effective temperature for the model. Temperatures are given in K)
# logg = 5.00 log(cm/s2) (value for Log(G) for the model.)
# meta = -0.5  (value for the Metallicity for the model.)
# lh = 1.25  (l/Hp where l is the  mixing length of the convective element and Hp is the pressure scale height)
# vtur = 2.0 km/s (Microturbulence velocity)
#
# column 1: WAVELENGTH (ANGSTROM), Wavelength in Angstrom
# column 2: FLUX (ERG/CM2/S/A), Flux in erg/cm2/s/A
              0               0 
           90.9               0 
           93.5               0 
           96.1               0 
           97.7               0 
           99.6               0 
            102               0 
          103.8               0 
          105.6               0 
          107.7               0 
          110.4               0 
            114               0 
          117.8               0 
          121.3               0 
          124.8               0 
          127.1               0 
          128.4               0 
          130.5               0 
          132.4               0 
          133.9               0 
          136.6               0 
          139.8               0 
          143.3               0 
          147.2               0 
            151               0 
          155.2               0 
          158.8               0 
            162               0 
            166               0 
          170.3               0 
          173.4               0 
          176.8               0 
          180.2               0 
          181.7               0 
          186.1               0 
            191               0 
          193.9               0 
          198.4               0 
          201.8               0 
            205               0 
          210.5               0 
          216.2               0 
          219.8               0 
            223               0 
          226.8               0 
            230               0 
            234               0 
            240               0 
          246.5               0 
          252.4               0 
          256.8               0 
            260               0 
            264               0 
          268.5               0 
          273.5               0 
          278.5               0 
            284     3.23005e-23 
            290     2.15829e-22 
            296     1.08492e-21 
            301     3.93762e-21 
            308      2.2218e-20 
            318     2.30686e-19 
            328     2.07366e-18 
            338     1.63534e-17 
            348     1.14241e-16 
            357     5.97807e-16 
            366     2.87759e-15 
            375     1.28192e-14 
            385     6.19593e-14 
            395     2.75814e-13 
            405      1.1373e-12 
            414     3.83093e-12 
            422     1.07762e-11 
            430     2.91197e-11 
            441     1.07444e-10 
            451     3.32296e-10 
            460     8.78479e-10 
            470      2.47185e-9 
            480      6.64706e-9 
            490       1.7131e-8 
            500      4.24272e-8 
            506      7.07417e-8 
            512      1.18283e-7 
            520      2.33394e-7 
            530      5.19684e-7 
            540      1.12134e-6 
            550      2.34918e-6 
            560      4.78565e-6 
            570       9.4941e-6 
            580      1.83673e-5 
            590      3.47001e-5 
            600      6.40902e-5 
            610     0.000115854 
            620     0.000205202 
            630     0.000356465 
            640     0.000607892 
            650      0.00101855 
            658      0.00152062 
            665      0.00214099 
            675      0.00344462 
            685      0.00545973 
            695      0.00853098 
            705       0.0131478 
            716       0.0208428 
            726       0.0312735 
            735        0.044598 
            745       0.0654402 
            755        0.094965 
            765        0.136363 
            775        0.193821 
            785        0.272804 
            795        0.380389 
            805        0.525617 
            815        0.720027 
            825        0.978046 
            835         1.31797 
            845         1.76223 
            855         2.33864 
            865          3.0813 
            875         4.03161 
            885         5.23953 
            895          6.7659 
            905         8.68154 
            915          44.461 
            925         304.256 
            935         523.108 
            945         871.769 
            955         1223.93 
            965         1614.25 
            975         1412.68 
            985         2299.23 
            995         2593.02 
           1005         3223.76 
           1015         3653.63 
           1025         2802.14 
           1035         4805.37 
           1045         5817.44 
           1055         6715.68 
           1065         7551.71 
           1075         8879.49 
           1085         10191.9 
           1095         11339.1 
           1105         18786.5 
           1115           43648 
           1125         61729.4 
           1135         85389.9 
           1145         86623.2 
           1155         83794.1 
           1165         92379.2 
           1175         94830.4 
           1185         93617.4 
           1195         57893.5 
           1205         46005.9 
           1215         11620.2 
           1225         49215.7 
           1235          101522 
           1245          151572 
           1255          244237 
           1265          315960 
           1275          640219 
           1285      2.32304e+6 
           1295      4.06153e+6 
           1305      4.07052e+6 
           1315      7.86239e+6 
           1325      1.06121e+7 
           1335       1.2926e+7 
           1345      1.74164e+7 
           1355      1.65578e+7 
           1365      1.71403e+7 
           1375      1.63307e+7 
           1385      1.16496e+7 
           1395      1.18477e+7 
           1405      1.94145e+7 
           1415      2.84172e+7 
           1425      3.27766e+7 
           1435      2.89277e+7 
           1442       3.6286e+7 
           1447      3.63396e+7 
           1455      3.94218e+7 
           1465      3.51537e+7 
           1475      3.63444e+7 
           1485      3.75889e+7 
           1495      4.10236e+7 
           1505      4.27837e+7 
           1512      3.92857e+7 
           1517      4.14367e+7 
           1525      3.93136e+7 
           1535      4.28065e+7 
           1545      4.80369e+7 
           1555      3.44911e+7 
           1565      2.65887e+7 
           1575      3.97138e+7 
           1585      4.58889e+7 
           1595      4.82312e+7 
           1605      4.87654e+7 
           1615      5.36623e+7 
           1625       5.1263e+7 
           1635      5.85342e+7 
           1645      7.93104e+7 
           1655      5.72559e+7 
           1665      8.18601e+7 
           1672       6.0651e+7 
           1677      7.85816e+7 
           1685      8.89898e+7 
           1695      7.27674e+7 
           1705       7.6338e+7 
           1715      8.26951e+7 
           1725      8.12932e+7 
           1735      8.77004e+7 
           1745        8.384e+7 
           1755      9.17563e+7 
           1765      7.58499e+7 
           1775      8.81792e+7 
           1785      8.78845e+7 
           1795      9.52306e+7 
           1805      8.82604e+7 
           1815      8.80191e+7 
           1825      8.32542e+7 
           1835      8.27319e+7 
           1845       7.5143e+7 
           1855      7.97763e+7 
           1865      8.22256e+7 
           1875      8.36343e+7 
           1885      8.35243e+7 
           1895       8.3884e+7 
           1905      7.91887e+7 
           1915      8.36583e+7 
           1925      8.43448e+7 
           1935       7.7866e+7 
           1945      8.60509e+7 
           1955       8.5031e+7 
           1967      8.71775e+7 
           1976      8.42974e+7 
           1984       8.2547e+7 
           1995      8.05704e+7 
           2005      7.76912e+7 
           2015      7.69768e+7 
           2025      7.35046e+7 
           2035      7.82521e+7 
           2045      8.11874e+7 
           2055      7.79248e+7 
           2065      7.67115e+7 
           2074      8.03902e+7 
           2078      8.20355e+7 
           2085      8.07158e+7 
           2095      7.78633e+7 
           2105      7.56101e+7 
           2115      7.60774e+7 
           2125      7.70775e+7 
           2135       6.7376e+7 
           2145      7.45932e+7 
           2155       7.3883e+7 
           2165      7.00129e+7 
           2175      6.91843e+7 
           2185      7.07201e+7 
           2195      7.42055e+7 
           2205      7.12847e+7 
           2215      6.57667e+7 
           2225      6.62709e+7 
           2235      7.28523e+7 
           2245      6.64208e+7 
           2255      6.45342e+7 
           2265      6.36336e+7 
           2275      6.75283e+7 
           2285      6.94985e+7 
           2295       6.4935e+7 
           2305      6.51485e+7 
           2315      6.42671e+7 
           2325      6.38996e+7 
           2335      6.21587e+7 
           2345      5.66887e+7 
           2355      6.39568e+7 
           2365      5.77196e+7 
           2375      6.07763e+7 
           2385      5.39938e+7 
           2395      5.84074e+7 
           2405      5.62671e+7 
           2415      5.69318e+7 
           2425      6.01021e+7 
           2435      5.72945e+7 
           2445      6.05578e+7 
           2455      5.87419e+7 
           2465      5.85672e+7 
           2475      5.59737e+7 
           2485      5.79199e+7 
           2495      5.59937e+7 
           2505      6.15435e+7 
           2513      5.62734e+7 
           2518      5.63796e+7 
           2525      5.30938e+7 
           2535      5.22433e+7 
           2545      5.16369e+7 
           2555      5.51519e+7 
           2565      5.53642e+7 
           2575      5.89872e+7 
           2585      5.94956e+7 
           2595      5.90549e+7 
           2605      5.67258e+7 
           2615      5.58795e+7 
           2625      5.87842e+7 
           2635      5.88274e+7 
           2645      6.40105e+7 
           2655      6.34706e+7 
           2665      5.93085e+7 
           2675      6.11613e+7 
           2685       6.1736e+7 
           2695      5.86178e+7 
           2705      5.93745e+7 
           2715      5.66994e+7 
           2725      5.69132e+7 
           2735      6.01944e+7 
           2745      5.30971e+7 
           2755      5.39135e+7 
           2765      5.58747e+7 
           2775      5.84421e+7 
           2785      5.69012e+7 
           2795      4.40665e+7 
           2805      4.92793e+7 
           2815      5.97789e+7 
           2825      5.98002e+7 
           2835      5.80197e+7 
           2845      5.61092e+7 
           2855      5.41962e+7 
           2865       5.7302e+7 
           2875       5.6143e+7 
           2885      5.72028e+7 
           2895      5.58732e+7 
           2910      5.97519e+7 
           2930      5.75086e+7 
           2950      5.71947e+7 
           2970      5.74819e+7 
           2990       5.7436e+7 
           3010      5.77562e+7 
           3030      5.73371e+7 
           3050      5.69399e+7 
           3070      5.65001e+7 
           3090       5.6584e+7 
           3110      5.57026e+7 
           3130      5.54547e+7 
           3150      5.57626e+7 
           3170      5.53387e+7 
           3190      5.34734e+7 
           3210      5.40742e+7 
           3230      5.29802e+7 
           3250      5.34824e+7 
           3270       5.3739e+7 
           3290      5.38115e+7 
           3310      5.37582e+7 
           3330      5.27917e+7 
           3350      5.19753e+7 
           3370      5.18578e+7 
           3390      5.13655e+7 
           3410      5.17238e+7 
           3430      5.14714e+7 
           3450      5.10442e+7 
           3470      5.05543e+7 
           3490      5.03696e+7 
           3510      5.05066e+7 
           3530      5.02653e+7 
           3550       5.0155e+7 
           3570      4.92664e+7 
           3590      4.89588e+7 
           3610      4.87097e+7 
           3630      4.85778e+7 
           3640      4.83652e+7 
           3650      4.87735e+7 
           3670      4.87271e+7 
           3690      4.76526e+7 
           3710      4.65626e+7 
           3730      4.42098e+7 
           3750      4.99065e+7 
           3770      5.16315e+7 
           3790      6.15738e+7 
           3810      7.19094e+7 
           3830      5.78647e+7 
           3850      8.07011e+7 
           3870       9.2962e+7 
           3890      5.14402e+7 
           3910      9.44679e+7 
           3930      1.03178e+8 
           3950      9.48268e+7 
           3970      4.96414e+7 
           3990      9.00196e+7 
           4010      1.11732e+8 
           4030      1.15483e+8 
           4050      1.12896e+8 
           4070      1.01969e+8 
           4090      7.13707e+7 
           4110      5.46426e+7 
           4130       9.4235e+7 
           4150      1.05963e+8 
           4170      1.08498e+8 
           4190      1.07984e+8 
           4210      1.07127e+8 
           4230      1.04825e+8 
           4250      1.03787e+8 
           4270      1.00575e+8 
           4290      9.74817e+7 
           4310      8.63741e+7 
           4330      5.96857e+7 
           4350      5.11008e+7 
           4370      8.25685e+7 
           4390      9.07535e+7 
           4410      9.26652e+7 
           4430         9.27e+7 
           4450       9.2995e+7 
           4470       9.2125e+7 
           4490      9.03065e+7 
           4510      9.03538e+7 
           4530      8.89811e+7 
           4550      8.74018e+7 
           4570      8.73763e+7 
           4590      8.59298e+7 
           4610      8.56519e+7 
           4630      8.40261e+7 
           4650      8.35507e+7 
           4670      8.25688e+7 
           4690      8.05797e+7 
           4710      7.79508e+7 
           4730      7.92882e+7 
           4750       7.8188e+7 
           4770      7.67307e+7 
           4790      7.48777e+7 
           4810      7.16885e+7 
           4830      6.49144e+7 
           4850      4.76019e+7 
           4870      3.90297e+7 
           4890      6.00289e+7 
           4910      6.68465e+7 
           4930      6.81419e+7 
           4950        6.891e+7 
           4970      6.89286e+7 
           4990        6.815e+7 
           5010      6.69512e+7 
           5030       6.6923e+7 
           5050      6.59612e+7 
           5070      6.56911e+7 
           5090      6.50157e+7 
           5110      6.43837e+7 
           5130      6.35878e+7 
           5150      6.27669e+7 
           5170       6.1259e+7 
           5190      6.08102e+7 
           5210      6.07257e+7 
           5230      5.97525e+7 
           5250      5.96674e+7 
           5270       5.8309e+7 
           5290      5.83468e+7 
           5310      5.75302e+7 
           5330      5.67039e+7 
           5350      5.65256e+7 
           5370       5.5771e+7 
           5390      5.52476e+7 
           5410      5.44564e+7 
           5430      5.40943e+7 
           5450      5.35888e+7 
           5470      5.30441e+7 
           5490       5.2547e+7 
           5510      5.20359e+7 
           5530       5.1388e+7 
           5550      5.09791e+7 
           5570      5.03927e+7 
           5590      4.98375e+7 
           5610      4.93965e+7 
           5630       4.8957e+7 
           5650      4.84495e+7 
           5670      4.79209e+7 
           5690      4.74703e+7 
           5710      4.69976e+7 
           5730      4.65794e+7 
           5750      4.60724e+7 
           5770      4.56293e+7 
           5790      4.51718e+7 
           5810      4.47329e+7 
           5830      4.43036e+7 
           5850      4.38524e+7 
           5870      4.34001e+7 
           5890      4.26638e+7 
           5910      4.25762e+7 
           5930      4.21664e+7 
           5950      4.17407e+7 
           5970      4.13474e+7 
           5990      4.09196e+7 
           6010      4.04984e+7 
           6030      4.01452e+7 
           6050       3.9766e+7 
           6070      3.94062e+7 
           6090       3.9024e+7 
           6110      3.86376e+7 
           6130      3.82274e+7 
           6150      3.77394e+7 
           6170      3.74714e+7 
           6190      3.72138e+7 
           6210      3.68601e+7 
           6230      3.64898e+7 
           6250      3.60512e+7 
           6270      3.58429e+7 
           6290      3.55095e+7 
           6310      3.51363e+7 
           6330      3.48242e+7 
           6350      3.43166e+7 
           6370      3.40327e+7 
           6390       3.3783e+7 
           6410       3.3402e+7 
           6430       3.3077e+7 
           6450      3.25787e+7 
           6470      3.22364e+7 
           6490      3.16311e+7 
           6510      3.07686e+7 
           6530      2.89619e+7 
           6550      2.42472e+7 
           6570      1.98084e+7 
           6590       2.6819e+7 
           6610      2.89678e+7 
           6630      2.95723e+7 
           6650      2.96656e+7 
           6670      2.95676e+7 
           6690      2.94113e+7 
           6710      2.92052e+7 
           6730      2.89737e+7 
           6750       2.8727e+7 
           6770      2.85485e+7 
           6790      2.83111e+7 
           6810      2.80646e+7 
           6830      2.78093e+7 
           6850      2.75724e+7 
           6870      2.73427e+7 
           6890       2.7108e+7 
           6910      2.68732e+7 
           6930      2.66383e+7 
           6950      2.64111e+7 
           6970       2.6183e+7 
           6990      2.59632e+7 
           7010      2.57102e+7 
           7030      2.55054e+7 
           7050      2.52988e+7 
           7070      2.50888e+7 
           7090        2.488e+7 
           7110      2.45181e+7 
           7130      2.44326e+7 
           7150       2.4232e+7 
           7170      2.40369e+7 
           7190       2.3832e+7 
           7210      2.36398e+7 
           7230      2.34422e+7 
           7250      2.32342e+7 
           7270      2.30609e+7 
           7290      2.28523e+7 
           7310      2.26738e+7 
           7330      2.24865e+7 
           7350      2.23106e+7 
           7370      2.21286e+7 
           7390      2.19373e+7 
           7410      2.17415e+7 
           7430      2.15488e+7 
           7450      2.13912e+7 
           7470      2.11809e+7 
           7490      2.10237e+7 
           7510      2.08831e+7 
           7530      2.07192e+7 
           7550      2.05626e+7 
           7570      2.03949e+7 
           7590      2.02327e+7 
           7610      2.00705e+7 
           7630      1.99085e+7 
           7650       1.9746e+7 
           7670      1.95746e+7 
           7690      1.94264e+7 
           7710      1.92725e+7 
           7730      1.91313e+7 
           7750       1.8975e+7 
           7770      1.85479e+7 
           7790      1.86832e+7 
           7810      1.85351e+7 
           7830      1.83766e+7 
           7850       1.8222e+7 
           7870      1.80516e+7 
           7890      1.78949e+7 
           7910      1.77966e+7 
           7930      1.76633e+7 
           7950      1.75042e+7 
           7970      1.74128e+7 
           7990      1.72042e+7 
           8010      1.71384e+7 
           8030      1.70017e+7 
           8050      1.68784e+7 
           8070      1.67462e+7 
           8090      1.66186e+7 
           8110      1.64978e+7 
           8130      1.63746e+7 
           8150      1.62501e+7 
           8170      1.61272e+7 
           8190      1.59378e+7 
           8210      1.58647e+7 
           8230      1.57421e+7 
           8250      1.56288e+7 
           8270      1.55841e+7 
           8290      1.54712e+7 
           8310       1.5363e+7 
           8330      1.51884e+7 
           8350      1.51524e+7 
           8370      1.50511e+7 
           8390      1.49334e+7 
           8410      1.48289e+7 
           8430      1.47093e+7 
           8450      1.44836e+7 
           8470      1.44452e+7 
           8490      1.43756e+7 
           8510      1.40371e+7 
           8530      1.41723e+7 
           8550      1.34845e+7 
           8570      1.40572e+7 
           8590       1.3518e+7 
           8610      1.33349e+7 
           8630      1.38882e+7 
           8650      1.33941e+7 
           8670      1.20453e+7 
           8690      1.34342e+7 
           8710      1.37738e+7 
           8730      1.31888e+7 
           8750      1.11318e+7 
           8770      1.25725e+7 
           8790      1.35496e+7 
           8810      1.36512e+7 
           8830      1.32198e+7 
           8850      1.17027e+7 
           8870      1.02791e+7 
           8890      1.24514e+7 
           8910      1.32136e+7 
           8930      1.34195e+7 
           8950      1.34118e+7 
           8970      1.30173e+7 
           8990      1.20901e+7 
           9010      9.81179e+6 
           9030      1.05307e+7 
           9050      1.21507e+7 
           9070      1.25936e+7 
           9090      1.26855e+7 
           9110      1.28954e+7 
           9130      1.28927e+7 
           9150      1.27392e+7 
           9170      1.24342e+7 
           9190       1.1873e+7 
           9210      1.07178e+7 
           9230      8.59964e+6 
           9250      1.03008e+7 
           9270      1.13366e+7 
           9290      1.19029e+7 
           9310      1.20674e+7 
           9330      1.21018e+7 
           9350      1.20829e+7 
           9370      1.20292e+7 
           9390      1.19263e+7 
           9410      1.16817e+7 
           9430       1.1719e+7 
           9450      1.15902e+7 
           9470      1.13967e+7 
           9490      1.10844e+7 
           9510      1.05275e+7 
           9530      9.38374e+6 
           9550      7.72607e+6 
           9570       9.4774e+6 
           9590      1.03436e+7 
           9610      1.06583e+7 
           9630      1.07331e+7 
           9650      1.08428e+7 
           9670      1.07614e+7 
           9690      1.07744e+7 
           9710      1.07496e+7 
           9730       1.0686e+7 
           9750      1.06121e+7 
           9770      1.05564e+7 
           9790      1.04866e+7 
           9810      1.04145e+7 
           9830      1.03371e+7 
           9850      1.02509e+7 
           9870      1.01734e+7 
           9890      1.00545e+7 
           9910      1.00036e+7 
           9930      9.90301e+6 
           9950      9.78978e+6 
           9970      9.63419e+6 
           9990      9.39106e+6 
          10025      8.24264e+6 
          10075      7.83556e+6 
          10125      9.04273e+6 
          10175      9.14292e+6 
          10225      9.05913e+6 
          10275       8.9337e+6 
          10325      8.80251e+6 
          10375      8.66748e+6 
          10425      8.52907e+6 
          10475      8.35893e+6 
          10525      8.24738e+6 
          10575      8.11871e+6 
          10625      7.99007e+6 
          10675      7.76202e+6 
          10725      7.68161e+6 
          10775      7.56119e+6 
          10825       7.3722e+6 
          10875       7.0233e+6 
          10925      5.77298e+6 
          10975       6.3029e+6 
          11025      6.84093e+6 
          11075      6.87883e+6 
          11125      6.81287e+6 
          11175      6.72698e+6 
          11225      6.64238e+6 
          11275      6.49707e+6 
          11325      6.40018e+6 
          11375      6.34229e+6 
          11425      6.24159e+6 
          11475      6.16613e+6 
          11525       6.0773e+6 
          11575      5.98695e+6 
          11625      5.87617e+6 
          11675      5.76543e+6 
          11725      5.72978e+6 
          11775      5.58504e+6 
          11825        5.539e+6 
          11875      5.44969e+6 
          11925      5.40781e+6 
          11975      5.30678e+6 
          12025      5.24712e+6 
          12075      5.16575e+6 
          12125       5.0971e+6 
          12175      5.03247e+6 
          12225      4.95986e+6 
          12275      4.88554e+6 
          12325      4.81943e+6 
          12375      4.75549e+6 
          12425      4.69265e+6 
          12475      4.62217e+6 
          12525      4.55484e+6 
          12575      4.47296e+6 
          12625      4.40521e+6 
          12675      4.33185e+6 
          12725      4.20969e+6 
          12775      3.92126e+6 
          12825      3.32982e+6 
          12875      3.87263e+6 
          12925      4.00217e+6 
          12975      3.99911e+6 
          13025       3.9647e+6 
          13075      3.92057e+6 
          13125      3.87521e+6 
          13175      3.82154e+6 
          13225      3.77783e+6 
          13275      3.72828e+6 
          13325      3.67977e+6 
          13375      3.63166e+6 
          13425      3.58459e+6 
          13475      3.53791e+6 
          13525      3.48895e+6 
          13575      3.44489e+6 
          13625      3.40282e+6 
          13675      3.35843e+6 
          13725      3.30581e+6 
          13775      3.27232e+6 
          13825      3.23137e+6 
          13875      3.19285e+6 
          13925      3.14938e+6 
          13975      3.11182e+6 
          14025       3.0732e+6 
          14075      3.03525e+6 
          14125      2.99661e+6 
          14175      2.95995e+6 
          14225      2.92279e+6 
          14275      2.88646e+6 
          14325      2.85147e+6 
          14375      2.81708e+6 
          14425      2.75993e+6 
          14475      2.74809e+6 
          14525       2.7042e+6 
          14570      2.68468e+6 
          14620      2.65031e+6 
          14675      2.61964e+6 
          14725      2.58798e+6 
          14775      2.55306e+6 
          14825      2.52627e+6 
          14875      2.49059e+6 
          14925      2.47139e+6 
          14975      2.44114e+6 
          15025       2.4074e+6 
          15075      2.38283e+6 
          15125      2.35838e+6 
          15175      2.33092e+6 
          15225      2.30377e+6 
          15275       2.2766e+6 
          15325      2.24958e+6 
          15375      2.22461e+6 
          15425      2.19296e+6 
          15475      2.17141e+6 
          15525       2.1451e+6 
          15575      2.11225e+6 
          15625      2.10307e+6 
          15675      2.06101e+6 
          15725      2.02903e+6 
          15775      2.03117e+6 
          15825      2.00482e+6 
          15875      1.92285e+6 
          15925      1.94303e+6 
          15975      1.95303e+6 
          16050      1.89124e+6 
          16150      1.80997e+6 
          16250      1.85196e+6 
          16350      1.75116e+6 
          16450      1.65893e+6 
          16550      1.74293e+6 
          16650      1.70996e+6 
          16750      1.58527e+6 
          16850      1.49167e+6 
          16950      1.59883e+6 
          17050      1.58052e+6 
          17150        1.546e+6 
          17250      1.48242e+6 
          17350      1.29643e+6 
          17450      1.39074e+6 
          17550      1.41432e+6 
          17650      1.39326e+6 
          17750       1.3678e+6 
          17850      1.33844e+6 
          17950      1.30779e+6 
          18050      1.25853e+6 
          18150      1.10527e+6 
          18250      1.16165e+6 
          18350      1.19657e+6 
          18450      1.18032e+6 
          18550      1.15317e+6 
          18650      1.10737e+6 
          18750          966327 
          18850      1.05654e+6 
          18950      1.06377e+6 
          19050      1.04994e+6 
          19150      1.02945e+6 
          19250      1.00468e+6 
          19350          959648 
          19450          843658 
          19550          923259 
          19650          931116 
          19750          918090 
          19850          903919 
          19950          887479 
          20050          871140 
          20150          855092 
          20250          839263 
          20350          823740 
          20450          809002 
          20550          794330 
          20650          779634 
          20750          765784 
          20850          752191 
          20950          738677 
          21050          725501 
          21150          711944 
          21250          698711 
          21350          685182 
          21450          670282 
          21550          644332 
          21650          570382 
          21750          614323 
          21850          623904 
          21950          617542 
          22050          608429 
          22150          598527 
          22250          589062 
          22350          579187 
          22450          569519 
          22550          559722 
          22650          550728 
          22750          541641 
          22850          532827 
          22950          524130 
          23050          515841 
          23150          507507 
          23250          499448 
          23350          491456 
          23450          483685 
          23550          476040 
          23650          468546 
          23750          461171 
          23850          453919 
          23950          446868 
          24050          439876 
          24150          433080 
          24250          426383 
          24350          419775 
          24450          413300 
          24550          406950 
          24650          400637 
          24750          394557 
          24850          388540 
          24950          382014 
          25050          377130 
          25150          371362 
          25250          364266 
          25350          360099 
          25450          355476 
          25550          348913 
          25650          341089 
          25750          338861 
          25850          334721 
          25950          329166 
          26050          319909 
          26150          306409 
          26250          280352 
          26350          300095 
          26450          304877 
          26550          302008 
          26650          295052 
          26750          282789 
          26850          286963 
          26950          286632 
          27050          283600 
          27150          280002 
          27250          276033 
          27350          271454 
          27450          264720 
          27550          249292 
          27650          251172 
          27750          255422 
          27850          253887 
          27950          251090 
          28050          247929 
          28150          244659 
          28250          241315 
          28350          237863 
          28450          233987 
          28550          229051 
          28650          219267 
          28750          207512 
          28850          217301 
          28950          218149 
          29050          216453 
          29150          214013 
          29250          211685 
          29350          208985 
          29450          206265 
          29550          203616 
          29650          200998 
          29750          198410 
          29850          195882 
          29950          193022 
          30050          190167 
          30150          186927 
          30250          182033 
          30350          169383 
          30450          170190 
          30550          175952 
          30650          175740 
          30750          174197 
          30850          172373 
          30950          170454 
          31050          168350 
          31150          166227 
          31250          164231 
          31350          162246 
          31450          160244 
          31550          158356 
          31650          156462 
          31750          154536 
          31850          152720 
          31950          150884 
          32100          148186 
          32300          144699 
          32500          141133 
          32700          136819 
          32900          125645 
          33100          127463 
          33300          127823 
          33500          125327 
          33700          122510 
          33900          119837 
          34100          117191 
          34300          114624 
          34500          112125 
          34700          109663 
          34900          107274 
          35100          104949 
          35300          102680 
          35500          100474 
          35700         98320.2 
          35900           96231 
          36100         94181.9 
          36300         92203.6 
          36500         90239.9 
          36700         88347.3 
          36900         86349.2 
          37100         84290.2 
          37300         79603.3 
          37500         77299.1 
          37700         79221.7 
          37900         77999.7 
          38100         76313.7 
          38300         74840.5 
          38500         73554.1 
          38700         72091.7 
          38900         70515.7 
          39100         68800.6 
          39300         67875.4 
          39500         66677.7 
          39700         65400.6 
          39900         64010.5 
          40100         62239.9 
          40300         60649.2 
          40500         56845.4 
          40700         58710.2 
          40900         58216.4 
          41100           57225 
          41300         56126.5 
          41500           54782 
          41700         52719.7 
          41900         52721.8 
          42100         52109.3 
          42300         51304.1 
          42500         50421.8 
          42700         49514.6 
          42900         48624.2 
          43100           47750 
          43300         46775.7 
          43500         45697.4 
          43700         43601.2 
          43900         43494.2 
          44100         43451.3 
          44300         42867.9 
          44500         42169.4 
          44700         41478.1 
          44900         40701.9 
          45100         40008.5 
          45300         39323.8 
          45500         38649.2 
          45700         37979.8 
          45900         37302.6 
          46100         36595.1 
          46300         35652.2 
          46500         33145.7 
          46700         33012.5 
          46900         33687.4 
          47100         33615.7 
          47300         33182.2 
          47500           32678 
          47700         32167.7 
          47900         31658.4 
          48100         31152.9 
          48300         30658.3 
          48500         30170.5 
          48700         29692.8 
          48900           29222 
          49100         28760.9 
          49300         28309.5 
          49500           27866 
          49700         27430.1 
          49900         27003.4 
          50100         26582.7 
          50300         26166.2 
          50500           25757 
          50700         25338.7 
          50900         24875.3 
          51100         24167.4 
          51300         22875.6 
          51500         23529.2 
          51700         23420.8 
          51900           23133 
          52100           22810 
          52300         22477.5 
          52500         22139.8 
          52700         21810.7 
          52900         21503.3 
          53100           21196 
          53300         20887.4 
          53500         20577.5 
          53700         20259.9 
          53900         19968.5 
          54100         19700.1 
          54300         19441.6 
          54500         19186.3 
          54700         18898.9 
          54900         18601.5 
          55100         18311.6 
          55300         18032.8 
          55500         17816.2 
          55700         17593.8 
          55900         17370.4 
          56100         17131.9 
          56300         16895.1 
          56500         16662.4 
          56700         16396.2 
          56900         16140.4 
          57100         15858.8 
          57300         15693.2 
          57500           15517 
          57700         15338.3 
          57900         15139.3 
          58100           14937 
          58300         14710.6 
          58500         14494.6 
          58700           14255 
          58900         13857.5 
          59100         13116.7 
          59300           13534 
          59500         13391.1 
          59700         13284.6 
          59900           13195 
          60100           13052 
          60300         12894.1 
          60500         12733.9 
          60700         12572.4 
          60900         12412.7 
          61100         12254.9 
          61300         12099.9 
          61500         11946.6 
          61700         11795.1 
          61900         11645.2 
          62100         11496.1 
          62300         11343.8 
          62500         11183.5 
          62700           10981 
          62900         10689.4 
          63100         10686.1 
          63300         10631.8 
          63500         10524.8 
          63700           10405 
          63900         10280.9 
          64200         10114.7 
          64600         9870.64 
          65000         9634.49 
          65400         9405.15 
          65800         9182.37 
          66200         8966.01 
          66600          8751.6 
          67000          8529.1 
          67400         8271.93 
          67800         7948.82 
          68200         7934.91 
          68600         7782.67 
          69000         7617.76 
          69400         7446.66 
          69800         7280.85 
          70200         7119.14 
          70600          6961.6 
          71000         6809.16 
          71400         6659.86 
          71800         6515.06 
          72200          6372.9 
          72600         6230.68 
          73000         6098.95 
          73400         5969.17 
          73800         5828.54 
          74200         5672.67 
          74600         5345.15 
          75000         5195.46 
          75400         5289.45 
          75800         5237.58 
          76200         5141.02 
          76600          5039.3 
          77000          4937.7 
          77400         4835.32 
          77800         4730.75 
          78200            4644 
          78600         4562.99 
          79000         4473.02 
          79400         4384.91 
          79800         4298.99 
          80200         4215.11 
          80600         4133.09 
          81000         4045.73 
          81400         3953.81 
          81800         3882.82 
          82200         3821.09 
          82600         3752.74 
          83000         3681.99 
          83400         3612.59 
          83800         3544.96 
          84200         3479.12 
          84600         3414.97 
          85000         3352.04 
          85400         3290.49 
          85800         3227.03 
          86200         3159.27 
          86600         3079.77 
          87000         3035.34 
          87400         2925.76 
          87800         2874.19 
          88200         2885.08 
          88600         2842.96 
          89000         2795.68 
          89400         2746.77 
          89800         2698.76 
          90200         2651.87 
          90600         2605.92 
          91000         2560.96 
          91400         2516.99 
          91800         2473.96 
          92200         2431.84 
          92600          2389.7 
          93000         2344.84 
          93400         2300.23 
          93800         2233.77 
          94200          2212.5 
          94600         2189.96 
          95000          2157.4 
          95400         2124.74 
          95800         2090.32 
          96200         2056.17 
          96600         2022.74 
          97000         1989.96 
          97400         1957.84 
          97800         1926.38 
          98200          1895.4 
          98600         1865.18 
          99000         1835.68 
          99400         1806.64 
          99800         1778.19 
         100200         1750.25 
         200000           112.2 
         400000          6.9881 
         600000         1.36952 
         800000        0.430202 
         1.0e+6        0.175104 
         1.2e+6       0.0839848 
         1.4e+6       0.0451173 
         1.6e+6       0.0263343 
