# Kurucz ODFNEW /NOVER models
# teff = 28000 K (value for the effective temperature for the model. Temperatures are given in K)
# logg = 5.00 log(cm/s2) (value for Log(G) for the model.)
# meta = -0.5  (value for the Metallicity for the model.)
# lh = 1.25  (l/Hp where l is the  mixing length of the convective element and Hp is the pressure scale height)
# vtur = 2.0 km/s (Microturbulence velocity)
#
# column 1: WAVELENGTH (ANGSTROM), Wavelength in Angstrom
# column 2: FLUX (ERG/CM2/S/A), Flux in erg/cm2/s/A
              0               0 
           90.9               0 
           93.5               0 
           96.1     3.87287e-22 
           97.7      1.4311e-21 
           99.6     5.83771e-21 
            102     3.14995e-20 
          103.8     1.05878e-19 
          105.6     3.41515e-19 
          107.7     1.27486e-18 
          110.4      6.4471e-18 
            114      4.9764e-17 
          117.8     3.78011e-16 
          121.3     2.19347e-15 
          124.8     1.15752e-14 
          127.1     3.29286e-14 
          128.4       5.853e-14 
          130.5     1.44839e-13 
          132.4     3.21312e-13 
          133.9     5.93697e-13 
          136.6     1.73902e-12 
          139.8     5.91521e-12 
          143.3     2.12959e-11 
          147.2     8.30749e-11 
            151     2.94217e-10 
          155.2      1.11538e-9 
          158.8      3.32071e-9 
            162      8.44069e-9 
            166      2.58677e-8 
          170.3      8.16434e-8 
          173.4      1.81101e-7 
          176.8      4.21008e-7 
          180.2      9.50132e-7 
          181.7       1.3482e-6 
          186.1      3.65339e-6 
            191      1.05374e-5 
          193.9      1.92538e-5 
          198.4      4.74491e-5 
          201.8      9.14109e-5 
            205     0.000166201 
          210.5     0.000445866 
          216.2      0.00117696 
          219.8      0.00211782 
            223      0.00351414 
          226.8      0.00629909 
            230        0.677075 
            234          1.5609 
            240         3.18221 
          246.5         6.66385 
          252.4         12.7539 
          256.8         18.8381 
            260         28.3339 
            264         41.0065 
          268.5         63.1261 
          273.5          99.201 
          278.5         153.019 
            284         251.333 
            290         403.146 
            296         636.972 
            301         907.679 
            308         1439.43 
            318         3011.15 
            328          5476.7 
            338         10070.2 
            348         17384.4 
            357         33209.8 
            366         53670.6 
            375         78067.8 
            385          121301 
            395          185486 
            405          268288 
            414          375487 
            422          483340 
            430          636265 
            441          897384 
            451      1.20696e+6 
            460      1.53512e+6 
            470      2.03134e+6 
            480      2.61782e+6 
            490      3.36514e+6 
            500       4.2691e+6 
            506      1.92444e+7 
            512      8.81798e+7 
            520      9.72392e+7 
            530      1.13073e+8 
            540      1.14713e+8 
            550      1.47492e+8 
            560      1.63858e+8 
            570      1.86568e+8 
            580      1.81097e+8 
            590      2.18148e+8 
            600      2.34054e+8 
            610      2.60482e+8 
            620       2.8047e+8 
            630      2.99021e+8 
            640      2.98027e+8 
            650      3.22427e+8 
            658      3.49675e+8 
            665      3.74426e+8 
            675      3.85713e+8 
            685      3.94977e+8 
            695      4.66153e+8 
            705      4.74709e+8 
            716      5.21162e+8 
            726      5.39147e+8 
            735       5.5938e+8 
            745      6.07586e+8 
            755      6.36897e+8 
            765      6.70066e+8 
            775      7.05885e+8 
            785      7.45911e+8 
            795      7.67319e+8 
            805      7.94474e+8 
            815      8.14971e+8 
            825       8.6441e+8 
            835      8.33024e+8 
            845      9.01641e+8 
            855      9.26023e+8 
            865      9.69739e+8 
            875       1.0155e+9 
            885       1.0645e+9 
            895       1.0993e+9 
            905      1.10753e+9 
            915      1.25584e+9 
            925       4.8349e+9 
            935     1.13766e+10 
            945     2.87298e+10 
            955     4.04267e+10 
            965     5.46108e+10 
            975     1.47201e+10 
            985      5.8166e+10 
            995     5.35513e+10 
           1005     5.82053e+10 
           1015     5.34254e+10 
           1025     1.84542e+10 
           1035     4.48184e+10 
           1045     6.22765e+10 
           1055     5.91586e+10 
           1065     5.03537e+10 
           1075     5.47838e+10 
           1085     4.89369e+10 
           1095     5.37936e+10 
           1105     5.01217e+10 
           1115     4.92751e+10 
           1125       4.242e+10 
           1135     4.79371e+10 
           1145      4.3359e+10 
           1155     4.44781e+10 
           1165     4.35901e+10 
           1175       3.123e+10 
           1185      4.0594e+10 
           1195     3.77517e+10 
           1205     3.00704e+10 
           1215     1.34056e+10 
           1225     3.10195e+10 
           1235     3.65015e+10 
           1245     3.58885e+10 
           1255     3.53548e+10 
           1265     3.52382e+10 
           1275     3.54454e+10 
           1285     3.47453e+10 
           1295     2.93765e+10 
           1305     3.00605e+10 
           1315     3.27466e+10 
           1325     3.09368e+10 
           1335     2.98619e+10 
           1345     2.95882e+10 
           1355     2.95471e+10 
           1365     2.77449e+10 
           1375     2.71873e+10 
           1385     2.66901e+10 
           1395     2.22957e+10 
           1405       2.301e+10 
           1415     2.43116e+10 
           1425     2.32926e+10 
           1435     2.35673e+10 
           1442      2.3859e+10 
           1447     2.33814e+10 
           1455     2.27904e+10 
           1465     2.17168e+10 
           1475     2.15168e+10 
           1485     2.10811e+10 
           1495     2.06314e+10 
           1505     1.92172e+10 
           1512     1.79257e+10 
           1517     1.82202e+10 
           1525     1.82791e+10 
           1535     1.62509e+10 
           1545     1.59971e+10 
           1555     1.53335e+10 
           1565     1.60922e+10 
           1575      1.6537e+10 
           1585     1.63275e+10 
           1595     1.62004e+10 
           1605     1.57462e+10 
           1615     1.52615e+10 
           1625     1.52426e+10 
           1635     1.55006e+10 
           1645     1.50983e+10 
           1655      1.5087e+10 
           1665      1.5015e+10 
           1672     1.44933e+10 
           1677     1.52148e+10 
           1685     1.47655e+10 
           1695     1.42259e+10 
           1705     1.37459e+10 
           1715     1.32364e+10 
           1725     1.29214e+10 
           1735     1.30945e+10 
           1745     1.28322e+10 
           1755     1.27843e+10 
           1765     1.23834e+10 
           1775     1.19693e+10 
           1785      1.1981e+10 
           1795     1.20186e+10 
           1805     1.19598e+10 
           1815     1.12336e+10 
           1825     1.13269e+10 
           1835     1.10399e+10 
           1845     1.01823e+10 
           1855     1.01786e+10 
           1865     1.02797e+10 
           1875     1.03897e+10 
           1885      9.49781e+9 
           1895      8.92659e+9 
           1905      9.39589e+9 
           1915       8.9888e+9 
           1925      8.60174e+9 
           1935      8.93283e+9 
           1945       9.0796e+9 
           1955       8.3226e+9 
           1967      8.70813e+9 
           1976      9.01539e+9 
           1984      8.41691e+9 
           1995      8.22819e+9 
           2005      8.32925e+9 
           2015      8.30635e+9 
           2025      8.39788e+9 
           2035      7.86398e+9 
           2045      7.83625e+9 
           2055      7.50156e+9 
           2065       7.4994e+9 
           2074      7.69984e+9 
           2078      7.26565e+9 
           2085      7.35493e+9 
           2095      7.08032e+9 
           2105      7.29182e+9 
           2115      7.24661e+9 
           2125      7.28861e+9 
           2135      7.12646e+9 
           2145      6.87085e+9 
           2155      6.95965e+9 
           2165      6.87799e+9 
           2175      6.76344e+9 
           2185       6.6485e+9 
           2195      6.62083e+9 
           2205      6.52921e+9 
           2215      6.44122e+9 
           2225      6.30664e+9 
           2235      6.19446e+9 
           2245      6.17318e+9 
           2255      6.03788e+9 
           2265      6.00766e+9 
           2275      5.92315e+9 
           2285      5.85959e+9 
           2295      5.57698e+9 
           2305      5.67588e+9 
           2315      5.56334e+9 
           2325      5.49397e+9 
           2335      5.38277e+9 
           2345       5.3566e+9 
           2355      5.30198e+9 
           2365      5.23111e+9 
           2375      5.13826e+9 
           2385       5.0748e+9 
           2395      5.00635e+9 
           2405      4.93668e+9 
           2415       4.8683e+9 
           2425      4.83193e+9 
           2435      4.73288e+9 
           2445      4.69109e+9 
           2455      4.64864e+9 
           2465      4.58476e+9 
           2475      4.51943e+9 
           2485      4.45689e+9 
           2495      4.16364e+9 
           2505      4.32532e+9 
           2513      4.16897e+9 
           2518      4.25388e+9 
           2525      4.22713e+9 
           2535      4.17437e+9 
           2545      4.07247e+9 
           2555      4.05526e+9 
           2565      4.01146e+9 
           2575      3.97348e+9 
           2585      3.92746e+9 
           2595      3.87922e+9 
           2605      3.84613e+9 
           2615      3.80002e+9 
           2625      3.75943e+9 
           2635      3.71461e+9 
           2645      3.66616e+9 
           2655      3.62545e+9 
           2665      3.54843e+9 
           2675      3.51342e+9 
           2685      3.49696e+9 
           2695      3.39929e+9 
           2705       3.3816e+9 
           2715      3.35123e+9 
           2725      3.29553e+9 
           2735      3.28024e+9 
           2745      3.22127e+9 
           2755      3.19684e+9 
           2765       3.1373e+9 
           2775      3.14084e+9 
           2785      3.09758e+9 
           2795      3.00221e+9 
           2805      3.00641e+9 
           2815      2.99702e+9 
           2825      2.92963e+9 
           2835      2.86283e+9 
           2845      2.89198e+9 
           2855      2.85211e+9 
           2865       2.8254e+9 
           2875      2.79343e+9 
           2885      2.76183e+9 
           2895      2.72867e+9 
           2910      2.67761e+9 
           2930       2.6213e+9 
           2950        2.539e+9 
           2970      2.50743e+9 
           2990      2.44741e+9 
           3010      2.38556e+9 
           3030      2.34715e+9 
           3050      2.29853e+9 
           3070      2.25165e+9 
           3090      2.18472e+9 
           3110      2.15473e+9 
           3130      2.10728e+9 
           3150      2.06489e+9 
           3170      2.01875e+9 
           3190      1.96082e+9 
           3210      1.93943e+9 
           3230      1.89707e+9 
           3250      1.86042e+9 
           3270      1.82307e+9 
           3290      1.78395e+9 
           3310      1.75156e+9 
           3330       1.7155e+9 
           3350      1.67947e+9 
           3370      1.64835e+9 
           3390      1.61758e+9 
           3410      1.58612e+9 
           3430      1.54853e+9 
           3450      1.51297e+9 
           3470      1.48753e+9 
           3490      1.45875e+9 
           3510      1.43294e+9 
           3530      1.40816e+9 
           3550      1.38239e+9 
           3570      1.36591e+9 
           3590      1.32606e+9 
           3610      1.30762e+9 
           3630      1.27975e+9 
           3640      1.28027e+9 
           3650      1.25514e+9 
           3670      1.23889e+9 
           3690      1.21759e+9 
           3710       1.1766e+9 
           3730      1.13851e+9 
           3750      1.12351e+9 
           3770      1.08991e+9 
           3790       1.1278e+9 
           3810      1.17015e+9 
           3830      1.02408e+9 
           3850      1.20236e+9 
           3870      1.22329e+9 
           3890      9.58673e+8 
           3910      1.20756e+9 
           3930      1.19693e+9 
           3950      1.16715e+9 
           3970      8.90237e+8 
           3990      1.11546e+9 
           4010      1.12658e+9 
           4030      1.04857e+9 
           4050      1.10152e+9 
           4070      1.06111e+9 
           4090      9.55016e+8 
           4110      8.36667e+8 
           4130      9.98186e+8 
           4150      9.97098e+8 
           4170      9.92559e+8 
           4190      9.78921e+8 
           4210       9.6618e+8 
           4230      9.47821e+8 
           4250      9.26991e+8 
           4270      9.02294e+8 
           4290      8.92161e+8 
           4310      8.65606e+8 
           4330      7.65682e+8 
           4350      6.98412e+8 
           4370      8.19471e+8 
           4390      7.95095e+8 
           4410      8.07173e+8 
           4430      7.96944e+8 
           4450      7.85213e+8 
           4470      7.29689e+8 
           4490      7.58259e+8 
           4510      7.51178e+8 
           4530       7.3874e+8 
           4550      7.26292e+8 
           4570      7.14196e+8 
           4590      7.02833e+8 
           4610      6.90473e+8 
           4630      6.79531e+8 
           4650      6.62547e+8 
           4670      6.58803e+8 
           4690      6.50283e+8 
           4710      6.27535e+8 
           4730      6.28722e+8 
           4750      6.18415e+8 
           4770      6.13157e+8 
           4790      6.02628e+8 
           4810      5.90447e+8 
           4830      5.75182e+8 
           4850      5.19726e+8 
           4870      4.63842e+8 
           4890      5.47415e+8 
           4910       5.4642e+8 
           4930       5.2389e+8 
           4950      5.33151e+8 
           4970      5.27296e+8 
           4990       5.1928e+8 
           5010      5.01034e+8 
           5030      5.03921e+8 
           5050      4.92613e+8 
           5070      4.89948e+8 
           5090      4.82645e+8 
           5110      4.75486e+8 
           5130      4.67661e+8 
           5150      4.61096e+8 
           5170      4.55619e+8 
           5190      4.49374e+8 
           5210      4.42668e+8 
           5230      4.36795e+8 
           5250      4.30769e+8 
           5270      4.24587e+8 
           5290      4.18879e+8 
           5310      4.13018e+8 
           5330       4.0731e+8 
           5350      4.01494e+8 
           5370       3.9638e+8 
           5390      3.90875e+8 
           5410      3.85611e+8 
           5430      3.80284e+8 
           5450        3.751e+8 
           5470       3.7007e+8 
           5490      3.65168e+8 
           5510      3.60437e+8 
           5530      3.55482e+8 
           5550      3.50943e+8 
           5570      3.46242e+8 
           5590      3.41766e+8 
           5610      3.37204e+8 
           5630      3.32875e+8 
           5650      3.28102e+8 
           5670      3.23284e+8 
           5690      3.18643e+8 
           5710      3.15583e+8 
           5730      3.11649e+8 
           5750       3.0723e+8 
           5770      3.03882e+8 
           5790      2.99966e+8 
           5810      2.96163e+8 
           5830      2.92227e+8 
           5850      2.88648e+8 
           5870      2.74614e+8 
           5890      2.79637e+8 
           5910      2.77747e+8 
           5930      2.74131e+8 
           5950      2.70652e+8 
           5970      2.67806e+8 
           5990      2.64183e+8 
           6010      2.61155e+8 
           6030       2.5783e+8 
           6050      2.54759e+8 
           6070      2.51754e+8 
           6090      2.48681e+8 
           6110      2.45673e+8 
           6130       2.4274e+8 
           6150       2.3944e+8 
           6170      2.36762e+8 
           6190      2.34055e+8 
           6210      2.31309e+8 
           6230      2.28555e+8 
           6250      2.25715e+8 
           6270      2.23127e+8 
           6290       2.2053e+8 
           6310      2.17895e+8 
           6330      2.15392e+8 
           6350      2.12645e+8 
           6370      2.10328e+8 
           6390      2.07906e+8 
           6410      2.05501e+8 
           6430      2.03177e+8 
           6450      2.00814e+8 
           6470      1.98225e+8 
           6490      1.95985e+8 
           6510      1.93369e+8 
           6530      1.89969e+8 
           6550       1.7895e+8 
           6570      1.57823e+8 
           6590      1.81191e+8 
           6610      1.82295e+8 
           6630      1.80948e+8 
           6650      1.79205e+8 
           6670      1.74914e+8 
           6690      1.73028e+8 
           6710      1.73362e+8 
           6730      1.71318e+8 
           6750      1.69569e+8 
           6770      1.67705e+8 
           6790      1.65387e+8 
           6810      1.63978e+8 
           6830      1.62196e+8 
           6850      1.60479e+8 
           6870       1.5874e+8 
           6890      1.56971e+8 
           6910      1.55251e+8 
           6930      1.53642e+8 
           6950       1.5201e+8 
           6970      1.50387e+8 
           6990       1.4878e+8 
           7010      1.47196e+8 
           7030       1.4562e+8 
           7050      1.44075e+8 
           7070       1.4005e+8 
           7090       1.4106e+8 
           7110       1.3956e+8 
           7130      1.38103e+8 
           7150      1.36661e+8 
           7170       1.3524e+8 
           7190      1.33841e+8 
           7210      1.32454e+8 
           7230      1.29985e+8 
           7250      1.29678e+8 
           7270      1.28395e+8 
           7290       1.2594e+8 
           7310      1.25753e+8 
           7330      1.24486e+8 
           7350      1.23223e+8 
           7370      1.21973e+8 
           7390      1.20734e+8 
           7410      1.19513e+8 
           7430      1.18298e+8 
           7450      1.17127e+8 
           7470      1.15833e+8 
           7490      1.14792e+8 
           7510      1.13613e+8 
           7530      1.12499e+8 
           7550      1.11402e+8 
           7570      1.10301e+8 
           7590       1.0921e+8 
           7610      1.08097e+8 
           7630      1.07065e+8 
           7650      1.06023e+8 
           7670      1.04984e+8 
           7690      1.03961e+8 
           7710      1.02947e+8 
           7730      1.01942e+8 
           7750      1.00959e+8 
           7770      9.98408e+7 
           7790      9.90247e+7 
           7810       9.8018e+7 
           7830      9.71307e+7 
           7850      9.62634e+7 
           7870      9.53124e+7 
           7890      9.43216e+7 
           7910      9.35562e+7 
           7930      9.26416e+7 
           7950       9.1741e+7 
           7970      9.08005e+7 
           7990      8.99689e+7 
           8010       8.9074e+7 
           8030      8.81926e+7 
           8050      8.73655e+7 
           8070       8.6557e+7 
           8090      8.56807e+7 
           8110      8.48461e+7 
           8130      8.42183e+7 
           8150      8.34029e+7 
           8170      8.27127e+7 
           8190      8.17924e+7 
           8210      8.08972e+7 
           8230      8.02652e+7 
           8250       7.9633e+7 
           8270      7.84992e+7 
           8290      7.81646e+7 
           8310      7.75053e+7 
           8330      7.67643e+7 
           8350      7.57378e+7 
           8370      7.52848e+7 
           8390      7.47284e+7 
           8410      7.40538e+7 
           8430      7.33583e+7 
           8450      7.21831e+7 
           8470      7.20683e+7 
           8490       7.1264e+7 
           8510      7.07525e+7 
           8530      6.99761e+7 
           8550      6.92829e+7 
           8570      6.90422e+7 
           8590      6.71688e+7 
           8610      6.72434e+7 
           8630      6.75088e+7 
           8650       6.5898e+7 
           8670      6.41106e+7 
           8690      6.57016e+7 
           8710       6.5758e+7 
           8730       6.3806e+7 
           8750       6.0198e+7 
           8770      6.20154e+7 
           8790      6.37179e+7 
           8810      6.35794e+7 
           8830      6.25043e+7 
           8850      5.86529e+7 
           8870      5.56882e+7 
           8890      6.00664e+7 
           8910      6.09976e+7 
           8930      6.08003e+7 
           8950      6.04537e+7 
           8970      5.96131e+7 
           8990      5.73671e+7 
           9010      5.17529e+7 
           9030      5.35429e+7 
           9050      5.68344e+7 
           9070      5.66803e+7 
           9090      5.69462e+7 
           9110       5.6769e+7 
           9130        5.634e+7 
           9150      5.58103e+7 
           9170      5.50296e+7 
           9190      5.41257e+7 
           9210      5.10972e+7 
           9230      4.56536e+7 
           9250      5.01631e+7 
           9270      5.21522e+7 
           9290      5.24559e+7 
           9310      5.19918e+7 
           9330      5.18383e+7 
           9350      5.15262e+7 
           9370      5.11821e+7 
           9390      5.07678e+7 
           9410      5.03142e+7 
           9430      4.99103e+7 
           9450      4.94082e+7 
           9470       4.8582e+7 
           9490      4.83316e+7 
           9510      4.69496e+7 
           9530      4.42431e+7 
           9550      3.97324e+7 
           9570      4.45447e+7 
           9590      4.59894e+7 
           9610      4.59858e+7 
           9630      4.56122e+7 
           9650      4.56497e+7 
           9670      4.53565e+7 
           9690      4.49488e+7 
           9710      4.44799e+7 
           9730      4.42973e+7 
           9750      4.39454e+7 
           9770      4.36078e+7 
           9790      4.32648e+7 
           9810      4.29162e+7 
           9830      4.25936e+7 
           9850      4.22578e+7 
           9870      4.19203e+7 
           9890      4.15815e+7 
           9910      4.11147e+7 
           9930      4.09606e+7 
           9950       4.0564e+7 
           9970       4.0174e+7 
           9990      3.97264e+7 
          10025      3.70828e+7 
          10075      3.58231e+7 
          10125      3.76893e+7 
          10175      3.72834e+7 
          10225      3.65882e+7 
          10275      3.59262e+7 
          10325      3.50847e+7 
          10375      3.46131e+7 
          10425      3.39788e+7 
          10475      3.33582e+7 
          10525      3.27496e+7 
          10575      3.21596e+7 
          10625      3.15804e+7 
          10675      3.09392e+7 
          10725       3.0461e+7 
          10775      2.99189e+7 
          10825      2.90204e+7 
          10875      2.86162e+7 
          10925      2.55249e+7 
          10975      2.67898e+7 
          11025      2.70969e+7 
          11075      2.68546e+7 
          11125      2.64481e+7 
          11175      2.59957e+7 
          11225      2.55368e+7 
          11275      2.51093e+7 
          11325      2.46828e+7 
          11375      2.42747e+7 
          11425      2.38629e+7 
          11475      2.34689e+7 
          11525      2.30782e+7 
          11575      2.26903e+7 
          11625      2.23191e+7 
          11675      2.19498e+7 
          11725      2.15939e+7 
          11775      2.12403e+7 
          11825      2.08964e+7 
          11875      2.05587e+7 
          11925      2.02269e+7 
          11975      1.96088e+7 
          12025      1.95839e+7 
          12075      1.92725e+7 
          12125      1.89665e+7 
          12175      1.86669e+7 
          12225      1.83731e+7 
          12275      1.80852e+7 
          12325      1.78026e+7 
          12375      1.75257e+7 
          12425      1.72544e+7 
          12475      1.69844e+7 
          12525      1.66827e+7 
          12575      1.64679e+7 
          12625      1.62171e+7 
          12675      1.59713e+7 
          12725      1.56727e+7 
          12775      1.50602e+7 
          12825      1.37151e+7 
          12875      1.48067e+7 
          12925      1.47604e+7 
          12975      1.44372e+7 
          13025      1.43701e+7 
          13075      1.41599e+7 
          13125      1.39519e+7 
          13175      1.37468e+7 
          13225       1.3547e+7 
          13275        1.335e+7 
          13325       1.3156e+7 
          13375      1.29658e+7 
          13425      1.27676e+7 
          13475      1.25971e+7 
          13525      1.24164e+7 
          13575      1.22404e+7 
          13625      1.20651e+7 
          13675      1.18965e+7 
          13725      1.17279e+7 
          13775      1.15647e+7 
          13825       1.1403e+7 
          13875       1.1244e+7 
          13925      1.10855e+7 
          13975      1.09336e+7 
          14025      1.07832e+7 
          14075      1.06358e+7 
          14125      1.04898e+7 
          14175      1.03468e+7 
          14225      1.02062e+7 
          14275      1.00678e+7 
          14325      9.93167e+6 
          14375      9.79782e+6 
          14425      9.66663e+6 
          14475      9.53721e+6 
          14525      9.41007e+6 
          14570      9.29755e+6 
          14620      9.17185e+6 
          14675      9.03973e+6 
          14725      8.92143e+6 
          14775       8.8049e+6 
          14825      8.69077e+6 
          14875      8.57829e+6 
          14925      8.46746e+6 
          14975      8.35842e+6 
          15025      8.25101e+6 
          15075      8.12557e+6 
          15125      8.04163e+6 
          15175      7.93916e+6 
          15225      7.83834e+6 
          15275      7.73866e+6 
          15325      7.64078e+6 
          15375      7.54464e+6 
          15425       7.4464e+6 
          15475      7.35541e+6 
          15525      7.26091e+6 
          15575      7.16405e+6 
          15625       7.0888e+6 
          15675      6.98444e+6 
          15725      6.89028e+6 
          15775       6.8326e+6 
          15825      6.74209e+6 
          15875      6.60359e+6 
          15925      6.56204e+6 
          15975      6.51422e+6 
          16050      6.36822e+6 
          16150      6.17333e+6 
          16250      6.10929e+6 
          16350      5.90399e+6 
          16450      5.70157e+6 
          16550      5.69822e+6 
          16650      5.56936e+6 
          16750       5.3492e+6 
          16850       5.1463e+6 
          16950      5.18725e+6 
          17050      5.04764e+6 
          17150      4.97347e+6 
          17250      4.83733e+6 
          17350      4.51266e+6 
          17450      4.59435e+6 
          17550      4.54141e+6 
          17650      4.44436e+6 
          17750      4.34696e+6 
          17850      4.25052e+6 
          17950      4.16013e+6 
          18050      4.05415e+6 
          18150      3.77358e+6 
          18250      3.82937e+6 
          18350      3.81081e+6 
          18450      3.73496e+6 
          18550      3.65288e+6 
          18650      3.53203e+6 
          18750      3.29868e+6 
          18850       3.4176e+6 
          18950      3.36181e+6 
          19050      3.27574e+6 
          19150      3.22538e+6 
          19250      3.16053e+6 
          19350      3.07332e+6 
          19450      2.84045e+6 
          19550      2.94679e+6 
          19650      2.91522e+6 
          19750      2.85883e+6 
          19850      2.80265e+6 
          19950      2.74784e+6 
          20050      2.69435e+6 
          20150      2.64216e+6 
          20250      2.59124e+6 
          20350      2.54145e+6 
          20450      2.49197e+6 
          20550      2.44039e+6 
          20650      2.39932e+6 
          20750      2.35411e+6 
          20850      2.31001e+6 
          20950      2.26689e+6 
          21050      2.22474e+6 
          21150      2.17386e+6 
          21250      2.14352e+6 
          21350      2.10423e+6 
          21450      2.06451e+6 
          21550      2.01376e+6 
          21650      1.85969e+6 
          21750      1.93262e+6 
          21850      1.91694e+6 
          21950      1.88661e+6 
          22050      1.85311e+6 
          22150      1.82037e+6 
          22250      1.78799e+6 
          22350      1.75701e+6 
          22450      1.72637e+6 
          22550      1.69635e+6 
          22650      1.66701e+6 
          22750      1.63834e+6 
          22850      1.61011e+6 
          22950      1.58266e+6 
          23050      1.55541e+6 
          23150      1.52949e+6 
          23250      1.50382e+6 
          23350       1.4786e+6 
          23450      1.45389e+6 
          23550      1.42975e+6 
          23650       1.4061e+6 
          23750      1.38293e+6 
          23850      1.36023e+6 
          23950      1.33793e+6 
          24050      1.31614e+6 
          24150       1.2948e+6 
          24250      1.27383e+6 
          24350      1.25329e+6 
          24450       1.2331e+6 
          24550      1.21351e+6 
          24650      1.19401e+6 
          24750       1.1727e+6 
          24850      1.15663e+6 
          24950      1.13775e+6 
          25050      1.12058e+6 
          25150      1.10299e+6 
          25250       1.0844e+6 
          25350      1.06883e+6 
          25450        1.053e+6 
          25550      1.03566e+6 
          25650      1.01723e+6 
          25750      1.00441e+6 
          25850          990167 
          25950          974550 
          26050          955924 
          26150          930169 
          26250          871323 
          26350          907532 
          26450          903320 
          26550          889688 
          26650          874324 
          26750          852901 
          26850          848440 
          26950          840546 
          27050          829966 
          27150          817936 
          27250          806109 
          27350          793778 
          27450          778906 
          27550          753756 
          27650          749742 
          27750          747479 
          27850          739450 
          27950          729008 
          28050          718743 
          28150          708703 
          28250          698831 
          28350          689082 
          28450          679546 
          28550          667584 
          28650          650906 
          28750          628839 
          28850          637931 
          28950          633216 
          29050          625562 
          29150          617108 
          29250          608801 
          29350          600592 
          29450          592567 
          29550          584637 
          29650          576843 
          29750          569228 
          29850          561700 
          29950          554259 
          30050          546986 
          30150          539138 
          30250          529404 
          30350          506451 
          30450          505000 
          30550          509773 
          30650          505411 
          30750          499100 
          30850          492781 
          30950          486536 
          31050          480357 
          31150          474251 
          31250          468210 
          31350          462355 
          31450          456563 
          31550          450834 
          31650          445207 
          31750          439679 
          31850          434210 
          31950          428841 
          32100          420930 
          32300          410677 
          32500          400718 
          32700          390438 
          32900          368373 
          33100          367923 
          33300          363112 
          33500          354927 
          33700          346680 
          33900          338667 
          34100          330851 
          34300          323257 
          34500          315900 
          34700          308729 
          34900          301765 
          35100          294991 
          35300          288408 
          35500          282007 
          35700          275782 
          35900          269728 
          36100          263822 
          36300          258093 
          36500          252486 
          36700          247068 
          36900          241672 
          37100          235997 
          37300          226711 
          37500          220761 
          37700          221701 
          37900          217368 
          38100          212731 
          38300          208383 
          38500          204651 
          38700          200473 
          38900          195997 
          39100          191634 
          39300          188344 
          39500          184769 
          39700          181100 
          39900          177400 
          40100          173150 
          40300          169095 
          40500          161204 
          40700          163386 
          40900          160834 
          41100          157739 
          41300          154567 
          41500          151351 
          41700          147257 
          41900          145586 
          42100          143322 
          42300          140641 
          42500          137951 
          42700          135463 
          42900          132743 
          43100          130516 
          43300          128128 
          43500          125521 
          43700          121599 
          43900          120273 
          44100          119002 
          44300          116976 
          44500          114894 
          44700          112980 
          44900          110983 
          45100          109033 
          45300          107125 
          45500          105259 
          45700          103430 
          45900          101644 
          46100         99654.3 
          46300         97638.8 
          46500           92262 
          46700         92040.2 
          46900         92339.4 
          47100         91434.6 
          47300           90141 
          47500         88650.4 
          47700         87176.6 
          47900         85732.8 
          48100         84317.8 
          48300         82931.3 
          48500         81574.7 
          48700         80245.1 
          48900         78942.5 
          49100         77666.3 
          49300         76415.9 
          49500         75189.1 
          49700         73989.1 
          49900         72811.5 
          50100         71656.4 
          50300           70525 
          50500         69416.3 
          50700           68329 
          50900         67121.4 
          51100         65650.7 
          51300           63094 
          51500         63752.7 
          51700         63091.3 
          51900         62232.4 
          52100         61283.6 
          52300         60351.8 
          52500           59439 
          52700         58542.3 
          52900           57663 
          53100         56800.5 
          53300         55953.6 
          53500         55121.3 
          53700         54305.3 
          53900         53504.9 
          54100         52718.5 
          54300         51946.5 
          54500         51189.3 
          54700         50445.5 
          54900         49714.9 
          55100           48996 
          55300         48252.8 
          55500         47599.8 
          55700         46921.1 
          55900         46253.2 
          56100         45597.2 
          56300         44954.2 
          56500         44320.1 
          56700         43698.6 
          56900         43070.9 
          57100         42359.5 
          57300         41861.2 
          57500         41317.7 
          57700         40748.7 
          57900         40187.8 
          58100         39638.3 
          58300         39096.2 
          58500           38583 
          58700         37955.2 
          58900         37158.1 
          59100         35637.5 
          59300         36229.9 
          59500         35808.1 
          59700           35410 
          59900         35040.6 
          60100           34641 
          60300         34183.5 
          60500         33734.7 
          60700           33292 
          60900         32857.3 
          61100         32428.6 
          61300         32007.6 
          61500         31592.7 
          61700         31185.3 
          61900         30783.6 
          62100         30389.4 
          62300         30000.2 
          62500         29593.5 
          62700         29122.3 
          62900           28568 
          63100         28363.5 
          63300         28109.4 
          63500         27795.2 
          63700         27448.3 
          63900           27106 
          64200         26602.8 
          64600         25949.4 
          65000         25316.3 
          65400         24701.9 
          65800         24106.6 
          66200         23529.1 
          66600         22967.9 
          67000         22424.2 
          67400         21810.5 
          67800         21122.1 
          68200         20858.8 
          68600         20402.5 
          69000         19933.2 
          69400         19477.3 
          69800         19034.3 
          70200           18604 
          70600         18185.1 
          71000         17778.3 
          71400         17383.1 
          71800         16998.5 
          72200         16624.2 
          72600         16260.7 
          73000         15906.9 
          73400         15562.7 
          73800         15227.1 
          74200         14835.5 
          74600         14154.9 
          75000         13786.6 
          75400         13869.4 
          75800         13666.3 
          76200         13396.1 
          76600         13118.5 
          77000         12847.2 
          77400         12583.3 
          77800         12321.7 
          78200         12075.9 
          78600         11831.9 
          79000         11593.5 
          79400         11361.6 
          79800           11135 
          80200         10914.1 
          80600         10698.8 
          81000         10488.8 
          81400         10267.2 
          81800         10074.7 
          82200         9888.77 
          82600         9698.26 
          83000         9512.06 
          83400         9330.56 
          83800         9153.71 
          84200         8980.34 
          84600         8811.41 
          85000         8646.28 
          85400         8485.42 
          85800         8327.66 
          86200         8168.92 
          86600         7986.65 
          87000         7852.64 
          87400         7624.59 
          87800         7487.35 
          88200         7449.15 
          88600         7322.04 
          89000         7191.21 
          89400          7062.9 
          89800         6937.98 
          90200         6815.48 
          90600         6695.29 
          91000         6578.35 
          91400         6463.62 
          91800         6351.52 
          92200         6241.59 
          92600         6134.17 
          93000         6029.25 
          93400         5919.43 
          93800         5782.13 
          94200         5703.82 
          94600         5630.43 
          95000         5535.97 
          95400         5443.69 
          95800         5353.15 
          96200         5264.36 
          96600         5177.66 
          97000          5092.6 
          97400         5009.17 
          97800          4927.3 
          98200          4847.4 
          98600         4769.01 
          99000          4692.5 
          99400         4617.07 
          99800         4543.44 
         100200         4470.83 
         200000         278.856 
         400000         17.1483 
         600000          3.3461 
         800000         1.04861 
         1.0e+6        0.426158 
         1.2e+6        0.204172 
         1.4e+6        0.109605 
         1.6e+6       0.0639514 
