# Kurucz ODFNEW /NOVER models
# teff = 6000 K (value for the effective temperature for the model. Temperatures are given in K)
# logg = 2.50 log(cm/s2) (value for Log(G) for the model.)
# meta = -0.5  (value for the Metallicity for the model.)
# lh = 1.25  (l/Hp where l is the  mixing length of the convective element and Hp is the pressure scale height)
# vtur = 2.0 km/s (Microturbulence velocity)
#
# column 1: WAVELENGTH (ANGSTROM), Wavelength in Angstrom
# column 2: FLUX (ERG/CM2/S/A), Flux in erg/cm2/s/A
              0               0 
           90.9               0 
           93.5               0 
           96.1               0 
           97.7               0 
           99.6               0 
            102               0 
          103.8               0 
          105.6               0 
          107.7               0 
          110.4               0 
            114               0 
          117.8               0 
          121.3               0 
          124.8               0 
          127.1               0 
          128.4               0 
          130.5               0 
          132.4               0 
          133.9               0 
          136.6               0 
          139.8               0 
          143.3               0 
          147.2               0 
            151               0 
          155.2               0 
          158.8               0 
            162               0 
            166               0 
          170.3               0 
          173.4               0 
          176.8               0 
          180.2               0 
          181.7               0 
          186.1               0 
            191               0 
          193.9               0 
          198.4               0 
          201.8               0 
            205               0 
          210.5               0 
          216.2               0 
          219.8               0 
            223               0 
          226.8               0 
            230               0 
            234               0 
            240               0 
          246.5               0 
          252.4               0 
          256.8               0 
            260               0 
            264               0 
          268.5               0 
          273.5               0 
          278.5               0 
            284               0 
            290               0 
            296               0 
            301               0 
            308               0 
            318               0 
            328               0 
            338               0 
            348               0 
            357               0 
            366               0 
            375               0 
            385               0 
            395               0 
            405               0 
            414               0 
            422               0 
            430               0 
            441               0 
            451               0 
            460     2.02217e-24 
            470     9.30553e-24 
            480     4.00178e-23 
            490      1.6166e-22 
            500     6.14958e-22 
            506     1.77333e-21 
            512     4.23904e-21 
            520     1.12434e-20 
            530     3.66523e-20 
            540     1.12311e-19 
            550     3.33366e-19 
            560     9.43879e-19 
            570     2.56951e-18 
            580     6.66625e-18 
            590     1.70638e-17 
            600     4.17836e-17 
            610     9.91345e-17 
            620     2.28155e-16 
            630     5.10271e-16 
            640     1.11106e-15 
            650     2.35731e-15 
            658     4.22626e-15 
            665     6.95309e-15 
            675     1.38951e-14 
            685     2.71622e-14 
            695     5.19807e-14 
            705     9.73537e-14 
            716     1.90373e-13 
            726      3.4316e-13 
            735      5.7451e-13 
            745     1.00233e-12 
            755     1.72059e-12 
            765     2.90846e-12 
            775     4.84192e-12 
            785     7.94819e-12 
            795     1.28095e-11 
            805     2.05182e-11 
            815     3.23884e-11 
            825     5.04539e-11 
            835     7.76777e-11 
            845     1.18223e-10 
            855     1.77985e-10 
            865     2.65087e-10 
            875     3.90471e-10 
            885     5.70466e-10 
            895     8.24924e-10 
            905      1.18158e-9 
            915      6.56378e-6 
            925      2.28321e-5 
            935      3.31169e-5 
            945      4.77249e-5 
            955      7.06971e-5 
            965     0.000100171 
            975     0.000140579 
            985      0.00019653 
            995     0.000272061 
           1005     0.000381234 
           1015     0.000520287 
           1025     0.000673265 
           1035     0.000954815 
           1045      0.00128096 
           1055      0.00170794 
           1065      0.00226246 
           1075       0.0029831 
           1085      0.00391124 
           1095      0.00509566 
           1105       0.0118083 
           1115       0.0395025 
           1125       0.0609763 
           1135       0.0914202 
           1145        0.120324 
           1155        0.134279 
           1165        0.179568 
           1175        0.206281 
           1185        0.242697 
           1195         0.10477 
           1205       0.0910805 
           1215       0.0590861 
           1225        0.128871 
           1235        0.278245 
           1245        0.630296 
           1255         1.25993 
           1265         1.53807 
           1275         2.40783 
           1285         3.56282 
           1295         4.71433 
           1305         4.76625 
           1315         7.05651 
           1325         8.54519 
           1335         10.1675 
           1345          12.253 
           1355         13.8247 
           1365         15.9918 
           1375         17.7828 
           1385         20.0362 
           1395         23.1301 
           1405          27.222 
           1415         30.1444 
           1425         33.4056 
           1435         37.3176 
           1442          45.707 
           1447         44.2329 
           1455          51.448 
           1465         57.9166 
           1475         60.8846 
           1485          70.251 
           1495          87.933 
           1505         102.719 
           1512         93.8009 
           1517         111.312 
           1525         136.563 
           1535         297.806 
           1545          352.31 
           1555         443.003 
           1565         422.887 
           1575         639.673 
           1585         752.524 
           1595         888.048 
           1605         929.168 
           1615         1045.77 
           1625          1136.5 
           1635         1403.68 
           1645         1821.68 
           1655         1126.65 
           1665         2051.74 
           1672         1366.86 
           1677         2290.79 
           1685          3533.2 
           1695         4763.97 
           1705         6343.85 
           1715         12319.3 
           1725         17482.9 
           1735         25421.8 
           1745           26189 
           1755         42812.5 
           1765         33296.1 
           1775         43800.9 
           1785         47869.7 
           1795           82266 
           1805         51553.2 
           1815         58281.8 
           1825         59207.8 
           1835         73968.1 
           1845         57402.2 
           1855         87506.7 
           1865          118146 
           1875          115067 
           1885          127463 
           1895          157091 
           1905          143269 
           1915          151001 
           1925          118073 
           1935         51681.5 
           1945          183843 
           1955          201730 
           1967          249022 
           1976          222107 
           1984          219716 
           1995          248792 
           2005          252679 
           2015          250057 
           2025          212177 
           2035          305587 
           2045          350137 
           2055          307323 
           2065          285934 
           2074          347699 
           2078          596221 
           2085          597459 
           2095          703595 
           2105          793008 
           2115          910071 
           2125          768581 
           2135          666849 
           2145          906327 
           2155          968995 
           2165          838220 
           2175          896308 
           2185      1.03434e+6 
           2195      1.13308e+6 
           2205      1.06277e+6 
           2215          765496 
           2225          845748 
           2235      1.19161e+6 
           2245      1.10709e+6 
           2255          776202 
           2265          765325 
           2275      1.01497e+6 
           2285       1.1546e+6 
           2295      1.01324e+6 
           2305      1.20825e+6 
           2315      1.03299e+6 
           2325          966633 
           2335          505699 
           2345          297587 
           2355          762153 
           2365          314599 
           2375          503013 
           2385          200372 
           2395          300239 
           2405          287139 
           2415          505582 
           2425      1.09035e+6 
           2435      1.12945e+6 
           2445      1.34785e+6 
           2455      1.39084e+6 
           2465      1.24206e+6 
           2475      1.09693e+6 
           2485          833108 
           2495          944274 
           2505      1.46261e+6 
           2513          809038 
           2518          684378 
           2525          539117 
           2535          691411 
           2545          889502 
           2555      1.38411e+6 
           2565      1.01598e+6 
           2575      1.25224e+6 
           2585          997835 
           2595          833681 
           2605          620441 
           2615          568547 
           2625          866292 
           2635      1.62771e+6 
           2645      2.56844e+6 
           2655      3.01624e+6 
           2665       2.0963e+6 
           2675      2.42603e+6 
           2685      2.57589e+6 
           2695      2.08417e+6 
           2705      2.47688e+6 
           2715      1.84087e+6 
           2725      1.78218e+6 
           2735      1.97747e+6 
           2745          848203 
           2755      1.24375e+6 
           2765      1.66165e+6 
           2775      1.99509e+6 
           2785      1.08154e+6 
           2795          294613 
           2805          390279 
           2815      1.67365e+6 
           2825      2.75563e+6 
           2835      2.71541e+6 
           2845       2.5624e+6 
           2855      1.63513e+6 
           2865      2.90361e+6 
           2875      3.10414e+6 
           2885       2.9618e+6 
           2895      2.98489e+6 
           2910      3.85179e+6 
           2930      3.54343e+6 
           2950      3.46518e+6 
           2970      3.90462e+6 
           2990      3.87812e+6 
           3010      4.17227e+6 
           3030      4.13869e+6 
           3050      4.30814e+6 
           3070      4.18067e+6 
           3090       4.4163e+6 
           3110      4.34489e+6 
           3130      4.28263e+6 
           3150      4.30814e+6 
           3170       4.4819e+6 
           3190      4.06788e+6 
           3210       4.5135e+6 
           3230       3.9024e+6 
           3250      4.68054e+6 
           3270      5.16147e+6 
           3290      5.07872e+6 
           3310      5.20904e+6 
           3330      5.11236e+6 
           3350      5.04614e+6 
           3370      4.59663e+6 
           3390      5.01331e+6 
           3410      5.13221e+6 
           3430      5.32677e+6 
           3450      5.43961e+6 
           3470      5.36458e+6 
           3490      5.45976e+6 
           3510      5.69648e+6 
           3530       5.4761e+6 
           3550      6.10689e+6 
           3570      5.37567e+6 
           3590       5.3662e+6 
           3610      5.53558e+6 
           3630      5.63112e+6 
           3640      5.57434e+6 
           3650       6.0964e+6 
           3670       5.9879e+6 
           3690      5.99732e+6 
           3710      6.96085e+6 
           3730      7.11171e+6 
           3750       8.1596e+6 
           3770       8.7513e+6 
           3790      9.47458e+6 
           3810      1.02915e+7 
           3830      8.53368e+6 
           3850      1.02414e+7 
           3870      1.06077e+7 
           3890      9.09453e+6 
           3910      1.02513e+7 
           3930      5.85405e+6 
           3950      9.35928e+6 
           3970      6.29004e+6 
           3990      1.09989e+7 
           4010      1.16364e+7 
           4030      1.15971e+7 
           4050      1.14532e+7 
           4070      1.13147e+7 
           4090      1.16818e+7 
           4110       1.0658e+7 
           4130      1.17495e+7 
           4150      1.21107e+7 
           4170      1.18789e+7 
           4190      1.17997e+7 
           4210      1.17131e+7 
           4230      1.14022e+7 
           4250      1.16259e+7 
           4270       1.1428e+7 
           4290       1.0775e+7 
           4310       9.7208e+6 
           4330      1.11483e+7 
           4350      1.03918e+7 
           4370      1.19185e+7 
           4390      1.14389e+7 
           4410      1.15523e+7 
           4430      1.17233e+7 
           4450       1.1653e+7 
           4470      1.18414e+7 
           4490      1.19155e+7 
           4510      1.25152e+7 
           4530      1.16934e+7 
           4550      1.17928e+7 
           4570      1.23671e+7 
           4590      1.18301e+7 
           4610      1.21646e+7 
           4630      1.19613e+7 
           4650      1.20582e+7 
           4670      1.22132e+7 
           4690      1.20267e+7 
           4710        1.165e+7 
           4730      1.20671e+7 
           4750      1.21477e+7 
           4770      1.20302e+7 
           4790      1.19784e+7 
           4810      1.19361e+7 
           4830      1.19033e+7 
           4850      1.11529e+7 
           4870      9.82138e+6 
           4890      1.14952e+7 
           4910      1.14928e+7 
           4930      1.12869e+7 
           4950      1.15614e+7 
           4970      1.16622e+7 
           4990      1.10583e+7 
           5010      1.07116e+7 
           5030      1.11864e+7 
           5050      1.11206e+7 
           5070      1.13644e+7 
           5090      1.10947e+7 
           5110      1.11472e+7 
           5130      1.08947e+7 
           5150      1.06969e+7 
           5170      1.05269e+7 
           5190      1.04578e+7 
           5210      1.05403e+7 
           5230      1.06398e+7 
           5250      1.08081e+7 
           5270      1.00813e+7 
           5290      1.06844e+7 
           5310      1.07356e+7 
           5330      1.02509e+7 
           5350      1.06448e+7 
           5370      1.05732e+7 
           5390      1.04704e+7 
           5410      1.02729e+7 
           5430      1.03577e+7 
           5450      1.05001e+7 
           5470      1.03712e+7 
           5490      1.03363e+7 
           5510      1.02993e+7 
           5530      1.02939e+7 
           5550      1.03662e+7 
           5570      1.01638e+7 
           5590      1.00509e+7 
           5610      1.01147e+7 
           5630      1.01638e+7 
           5650      1.00668e+7 
           5670      9.90418e+6 
           5690       9.9913e+6 
           5710      9.85592e+6 
           5730       1.0099e+7 
           5750       9.9294e+6 
           5770      9.93602e+6 
           5790      9.80996e+6 
           5810      9.84222e+6 
           5830      9.85139e+6 
           5850       9.7041e+6 
           5870      9.69604e+6 
           5890      9.43399e+6 
           5910      9.59468e+6 
           5930      9.54734e+6 
           5950       9.5289e+6 
           5970      9.49317e+6 
           5990      9.41246e+6 
           6010      9.31728e+6 
           6030      9.29069e+6 
           6050      9.33137e+6 
           6070      9.29072e+6 
           6090      9.17647e+6 
           6110      9.08542e+6 
           6130      8.89811e+6 
           6150      8.87898e+6 
           6170       8.7752e+6 
           6190      8.94482e+6 
           6210      8.93379e+6 
           6230      8.78314e+6 
           6250      8.54648e+6 
           6270      8.78578e+6 
           6290      8.75799e+6 
           6310      8.58285e+6 
           6330      8.59763e+6 
           6350      8.58941e+6 
           6370      8.53809e+6 
           6390      8.52061e+6 
           6410      8.37839e+6 
           6430       8.3956e+6 
           6450      8.32062e+6 
           6470      8.30941e+6 
           6490      8.16542e+6 
           6510      8.25275e+6 
           6530      8.23719e+6 
           6550      7.94873e+6 
           6570      6.96244e+6 
           6590      8.03018e+6 
           6610       8.0759e+6 
           6630      8.06795e+6 
           6650      8.02182e+6 
           6670      7.94201e+6 
           6690      7.97043e+6 
           6710      7.88577e+6 
           6730      7.88472e+6 
           6750      7.80309e+6 
           6770      7.79281e+6 
           6790      7.74664e+6 
           6810      7.70599e+6 
           6830      7.67756e+6 
           6850      7.59779e+6 
           6870      7.59632e+6 
           6890      7.57561e+6 
           6910      7.52716e+6 
           6930      7.49139e+6 
           6950      7.44951e+6 
           6970      7.42403e+6 
           6990      7.38602e+6 
           7010      7.26994e+6 
           7030       7.2884e+6 
           7050      7.27371e+6 
           7070      7.22674e+6 
           7090      7.19061e+6 
           7110       7.1207e+6 
           7130      7.08467e+6 
           7150      7.04713e+6 
           7170      7.01403e+6 
           7190      6.91894e+6 
           7210      6.92404e+6 
           7230        6.902e+6 
           7250      6.89837e+6 
           7270      6.87016e+6 
           7290      6.76934e+6 
           7310      6.76725e+6 
           7330      6.73999e+6 
           7350      6.73028e+6 
           7370      6.71709e+6 
           7390      6.61885e+6 
           7410       6.5341e+6 
           7430      6.54702e+6 
           7450      6.53161e+6 
           7470      6.51848e+6 
           7490      6.47129e+6 
           7510      6.45117e+6 
           7530      6.43274e+6 
           7550      6.42653e+6 
           7570      6.37152e+6 
           7590      6.34232e+6 
           7610      6.31108e+6 
           7630      6.29132e+6 
           7650      6.25331e+6 
           7670        6.161e+6 
           7690      6.19065e+6 
           7710      6.12113e+6 
           7730      6.11466e+6 
           7750      6.06495e+6 
           7770      6.02916e+6 
           7790      6.05287e+6 
           7810      6.02418e+6 
           7830      5.96455e+6 
           7850      5.93481e+6 
           7870      5.93565e+6 
           7890       5.9021e+6 
           7910      5.85962e+6 
           7930      5.78752e+6 
           7950      5.77334e+6 
           7970      5.79778e+6 
           7990      5.76792e+6 
           8010      5.71641e+6 
           8030      5.69225e+6 
           8050      5.65457e+6 
           8070      5.65133e+6 
           8090      5.59194e+6 
           8110       5.6021e+6 
           8130      5.58232e+6 
           8150      5.54949e+6 
           8170      5.52107e+6 
           8190      5.41431e+6 
           8210      5.41989e+6 
           8230      5.38562e+6 
           8250      5.37354e+6 
           8270      5.39183e+6 
           8290      5.35993e+6 
           8310      5.30588e+6 
           8330      5.23842e+6 
           8350      5.26651e+6 
           8370      5.24316e+6 
           8390        5.179e+6 
           8410      5.19004e+6 
           8430      5.14339e+6 
           8450      5.10699e+6 
           8470      5.05372e+6 
           8490      5.06104e+6 
           8510      4.79365e+6 
           8530      5.01808e+6 
           8550      4.33467e+6 
           8570      5.05912e+6 
           8590      4.94154e+6 
           8610       4.8564e+6 
           8630      4.99958e+6 
           8650      4.93398e+6 
           8670      4.26542e+6 
           8690      4.85259e+6 
           8710       4.9145e+6 
           8730      4.87747e+6 
           8750      4.57651e+6 
           8770      4.82918e+6 
           8790      4.82789e+6 
           8810       4.7792e+6 
           8830      4.75816e+6 
           8850      4.69598e+6 
           8870      4.43978e+6 
           8890      4.71127e+6 
           8910      4.70242e+6 
           8930      4.65455e+6 
           8950      4.65494e+6 
           8970      4.63992e+6 
           8990      4.60988e+6 
           9010      4.29588e+6 
           9030      4.48783e+6 
           9050      4.56671e+6 
           9070      4.47956e+6 
           9090      4.39175e+6 
           9110       4.4497e+6 
           9130      4.48016e+6 
           9150      4.46313e+6 
           9170      4.43789e+6 
           9190      4.42158e+6 
           9210      4.32678e+6 
           9230      4.03886e+6 
           9250      4.25244e+6 
           9270      4.30013e+6 
           9290      4.31587e+6 
           9310      4.30379e+6 
           9330      4.27828e+6 
           9350      4.25789e+6 
           9370      4.23658e+6 
           9390       4.2206e+6 
           9410      4.09493e+6 
           9430      4.15866e+6 
           9450      4.13537e+6 
           9470      4.14592e+6 
           9490      4.13219e+6 
           9510      4.10074e+6 
           9530      4.04684e+6 
           9550      3.77765e+6 
           9570      4.01218e+6 
           9590      4.03134e+6 
           9610      3.99069e+6 
           9630      3.95636e+6 
           9650      3.95378e+6 
           9670      3.91553e+6 
           9690      3.92329e+6 
           9710      3.92332e+6 
           9730      3.90564e+6 
           9750       3.8622e+6 
           9770      3.86558e+6 
           9790      3.84454e+6 
           9810      3.83695e+6 
           9830      3.81861e+6 
           9850      3.79504e+6 
           9870      3.77235e+6 
           9890      3.74642e+6 
           9910      3.73442e+6 
           9930      3.73122e+6 
           9950      3.71722e+6 
           9970      3.70274e+6 
           9990      3.68526e+6 
          10025      3.60944e+6 
          10075      3.51432e+6 
          10125      3.56093e+6 
          10175      3.52001e+6 
          10225      3.49102e+6 
          10275      3.46287e+6 
          10325      3.40094e+6 
          10375      3.37539e+6 
          10425      3.34781e+6 
          10475      3.28192e+6 
          10525      3.26849e+6 
          10575      3.22861e+6 
          10625      3.18868e+6 
          10675        3.114e+6 
          10725      3.11107e+6 
          10775       3.0786e+6 
          10825      3.03318e+6 
          10875      3.00833e+6 
          10925      2.87463e+6 
          10975      2.92456e+6 
          11025      2.93517e+6 
          11075      2.91425e+6 
          11125      2.87505e+6 
          11175      2.84212e+6 
          11225      2.82361e+6 
          11275       2.7665e+6 
          11325      2.74259e+6 
          11375        2.725e+6 
          11425      2.68149e+6 
          11475      2.68338e+6 
          11525      2.65722e+6 
          11575      2.62293e+6 
          11625      2.57298e+6 
          11675      2.54527e+6 
          11725      2.55301e+6 
          11775      2.49035e+6 
          11825       2.4789e+6 
          11875      2.44236e+6 
          11925       2.4562e+6 
          11975       2.3943e+6 
          12025      2.39348e+6 
          12075      2.36548e+6 
          12125      2.34781e+6 
          12175      2.33695e+6 
          12225      2.31293e+6 
          12275      2.28457e+6 
          12325      2.26694e+6 
          12375      2.24485e+6 
          12425      2.22506e+6 
          12475      2.20566e+6 
          12525      2.18007e+6 
          12575      2.15469e+6 
          12625      2.13657e+6 
          12675      2.12005e+6 
          12725      2.10403e+6 
          12775      2.07423e+6 
          12825      1.93227e+6 
          12875      2.03611e+6 
          12925      2.02219e+6 
          12975      2.00762e+6 
          13025      1.98766e+6 
          13075       1.9731e+6 
          13125      1.94642e+6 
          13175      1.92558e+6 
          13225      1.91908e+6 
          13275      1.89434e+6 
          13325      1.88228e+6 
          13375      1.86438e+6 
          13425      1.85133e+6 
          13475       1.8344e+6 
          13525      1.81596e+6 
          13575      1.79357e+6 
          13625      1.78341e+6 
          13675      1.76667e+6 
          13725       1.7402e+6 
          13775      1.73232e+6 
          13825      1.71841e+6 
          13875      1.70879e+6 
          13925      1.69063e+6 
          13975      1.67698e+6 
          14025      1.65864e+6 
          14075      1.64966e+6 
          14125      1.62903e+6 
          14175      1.62149e+6 
          14225      1.59749e+6 
          14275      1.57968e+6 
          14325      1.57795e+6 
          14375      1.56819e+6 
          14425      1.52214e+6 
          14475      1.53896e+6 
          14525      1.50904e+6 
          14570      1.50862e+6 
          14620      1.49432e+6 
          14675      1.48535e+6 
          14725      1.46433e+6 
          14775      1.45104e+6 
          14825      1.44243e+6 
          14875         1.42e+6 
          14925      1.42716e+6 
          14975      1.40884e+6 
          15025      1.38787e+6 
          15075      1.37284e+6 
          15125      1.37455e+6 
          15175       1.3646e+6 
          15225      1.34846e+6 
          15275      1.33632e+6 
          15325      1.32318e+6 
          15375      1.31727e+6 
          15425      1.29046e+6 
          15475      1.29475e+6 
          15525      1.28525e+6 
          15575      1.24822e+6 
          15625       1.2743e+6 
          15675      1.24268e+6 
          15725      1.20884e+6 
          15775      1.22653e+6 
          15825      1.22484e+6 
          15875      1.13972e+6 
          15925      1.19838e+6 
          15975      1.20063e+6 
          16050      1.17626e+6 
          16150      1.12122e+6 
          16250      1.14937e+6 
          16350      1.11094e+6 
          16450      1.05394e+6 
          16550      1.08343e+6 
          16650      1.06199e+6 
          16750      1.02259e+6 
          16850          968063 
          16950          998989 
          17050          973219 
          17150          955421 
          17250          930220 
          17350          861885 
          17450          888372 
          17550          878422 
          17650          859706 
          17750          844270 
          17850          828111 
          17950          813987 
          18050          794759 
          18150          741447 
          18250          756598 
          18350          750087 
          18450          733700 
          18550          720698 
          18650          704443 
          18750          652414 
          18850          676662 
          18950          659456 
          19050          656174 
          19150          643085 
          19250          631276 
          19350          616274 
          19450          574702 
          19550          594761 
          19650          585534 
          19750          572924 
          19850          564395 
          19950          554226 
          20050          545478 
          20150          536506 
          20250          525347 
          20350          514393 
          20450          508295 
          20550          498954 
          20650          488716 
          20750          480999 
          20850          472869 
          20950          463473 
          21050          456590 
          21150          447995 
          21250          440341 
          21350          433143 
          21450          426683 
          21550          418708 
          21650          392087 
          21750          402873 
          21850          397504 
          21950          392305 
          22050          384058 
          22150          378386 
          22250          372879 
          22350          366742 
          22450          360836 
          22550          353368 
          22650          348530 
          22750          343433 
          22850          337476 
          22950          332140 
          23050          327604 
          23150          322061 
          23250          317168 
          23350          311916 
          23450          307527 
          23550          302422 
          23650          298038 
          23750          292902 
          23850          288193 
          23950          284241 
          24050          279700 
          24150          275154 
          24250          271377 
          24350          266611 
          24450          262821 
          24550          258534 
          24650          255195 
          24750          251009 
          24850          247102 
          24950          242529 
          25050          241016 
          25150          237406 
          25250          231630 
          25350          230509 
          25450          227224 
          25550          223515 
          25650          216772 
          25750          217704 
          25850          213909 
          25950          211805 
          26050          208089 
          26150          200975 
          26250          194061 
          26350          199184 
          26450          196905 
          26550          194174 
          26650          190470 
          26750          183731 
          26850          186379 
          26950          184204 
          27050          181537 
          27150          179119 
          27250          176665 
          27350          174293 
          27450          171930 
          27550          164684 
          27650          166052 
          27750          164999 
          27850          162826 
          27950          160761 
          28050          158592 
          28150          156507 
          28250          154414 
          28350          152441 
          28450          150222 
          28550          148399 
          28650          145864 
          28750          139842 
          28850          142500 
          28950          140834 
          29050          139022 
          29150          137144 
          29250          135305 
          29350          133741 
          29450          131957 
          29550          130376 
          29650          128730 
          29750          127092 
          29850          125523 
          29950          123863 
          30050          122318 
          30150          120841 
          30250          119302 
          30350          114705 
          30450          115282 
          30550          114932 
          30650          113458 
          30750          112195 
          30850          110657 
          30950          109345 
          31050          108072 
          31150          106370 
          31250          105443 
          31350          104189 
          31450          102948 
          31550          101616 
          31650          100553 
          31750         99278.1 
          31850         98183.8 
          31950         97057.2 
          32100         95285.7 
          32300         93116.4 
          32500         90939.6 
          32700         88833.6 
          32900         85184.5 
          33100         84553.8 
          33300           82719 
          33500         80968.8 
          33700         79068.8 
          33900         77338.7 
          34100         75617.6 
          34300         74088.3 
          34500           72545 
          34700         70932.1 
          34900         69425.3 
          35100         67930.3 
          35300           66434 
          35500         65035.8 
          35700         63608.8 
          35900         62314.3 
          36100         60989.8 
          36300         59784.9 
          36500         58379.5 
          36700         57255.3 
          36900         55861.8 
          37100         54847.6 
          37300         53508.5 
          37500         51870.1 
          37700         51655.4 
          37900         50631.6 
          38100         49507.1 
          38300           48614 
          38500         47736.6 
          38700         46741.2 
          38900         45833.8 
          39100         44735.3 
          39300         44112.7 
          39500         43227.7 
          39700         42437.1 
          39900         41527.6 
          40100         40683.3 
          40300         39842.1 
          40500         38751.5 
          40700         38546.7 
          40900         37823.6 
          41100           37162 
          41300         36482.6 
          41500         35779.9 
          41700         34822.1 
          41900         34486.3 
          42100         33804.3 
          42300         33287.5 
          42500         32666.3 
          42700         32100.6 
          42900           31495 
          43100           30893 
          43300         30335.1 
          43500         29754.2 
          43700         28924.2 
          43900         28682.7 
          44100         28130.7 
          44300         27664.2 
          44500         27187.8 
          44700           26698 
          44900         26266.3 
          45100         25806.1 
          45300         25358.4 
          45500         24952.2 
          45700           24543 
          45900         24107.9 
          46100         23743.2 
          46300         23343.4 
          46500         22691.8 
          46700         22368.3 
          46900         22248.2 
          47100         21894.9 
          47300         21560.3 
          47500         21203.8 
          47700         20864.1 
          47900         20540.8 
          48100         20199.3 
          48300         19891.9 
          48500         19571.2 
          48700         19263.1 
          48900         18959.3 
          49100         18667.7 
          49300         18370.8 
          49500         18085.8 
          49700         17800.2 
          49900         17545.9 
          50100         17260.5 
          50300         17005.9 
          50500         16734.1 
          50700           16488 
          50900         16239.4 
          51100         15988.5 
          51300         15600.7 
          51500         15522.3 
          51700         15292.5 
          51900         15068.6 
          52100         14840.7 
          52300         14624.1 
          52500         14417.2 
          52700         14199.5 
          52900         13996.7 
          53100         13803.3 
          53300         13599.2 
          53500         13408.2 
          53700         13197.4 
          53900           13018 
          54100         12846.1 
          54300         12652.9 
          54500         12485.1 
          54700         12296.4 
          54900         12133.1 
          55100         11968.5 
          55300         11776.7 
          55500           11637 
          55700         11480.8 
          55900         11305.5 
          56100         11164.9 
          56300         11009.2 
          56500           10866 
          56700         10718.4 
          56900         10568.5 
          57100         10393.7 
          57300         10289.8 
          57500         10151.8 
          57700           10015 
          57900          9881.1 
          58100         9750.81 
          58300         9622.95 
          58500         9498.14 
          58700         9370.79 
          58900         9241.34 
          59100         9042.22 
          59300         9008.13 
          59500         8839.56 
          59700          8772.5 
          59900         8663.73 
          60100         8550.26 
          60300         8444.31 
          60500         8335.97 
          60700         8227.86 
          60900         8121.71 
          61100         8013.72 
          61300          7919.5 
          61500         7821.86 
          61700         7723.34 
          61900         7626.51 
          62100         7531.96 
          62300         7430.09 
          62500         7344.05 
          62700         7252.79 
          62900         7122.77 
          63100         7072.28 
          63300         6991.28 
          63500         6905.54 
          63700         6821.21 
          63900         6737.81 
          64200          6617.5 
          64600         6457.35 
          65000         6302.96 
          65400         6156.75 
          65800          6012.1 
          66200         5870.96 
          66600         5735.42 
          67000         5602.52 
          67400         5472.86 
          67800         5331.87 
          68200         5227.78 
          68600         5109.75 
          69000          4994.9 
          69400         4882.51 
          69800         4775.36 
          70200         4668.58 
          70600         4567.22 
          71000         4467.72 
          71400          4370.7 
          71800         4276.12 
          72200         4183.54 
          72600         4093.97 
          73000         4008.38 
          73400         3922.78 
          73800            3841 
          74200         3760.03 
          74600         3663.13 
          75000         3577.75 
          75400         3531.44 
          75800         3459.43 
          76200         3388.94 
          76600         3320.32 
          77000         3252.96 
          77400         3188.08 
          77800          3122.4 
          78200         3062.38 
          78600         3001.79 
          79000         2942.73 
          79400         2885.07 
          79800         2828.83 
          80200         2773.68 
          80600         2720.01 
          81000         2668.18 
          81400         2613.53 
          81800         2566.92 
          82200         2518.75 
          82600         2471.17 
          83000         2424.82 
          83400         2379.03 
          83800         2334.97 
          84200         2292.06 
          84600         2249.96 
          85000         2208.81 
          85400         2168.39 
          85800         2129.02 
          86200          2090.4 
          86600         2049.58 
          87000          2016.2 
          87400         1976.97 
          87800         1941.75 
          88200         1910.37 
          88600          1876.8 
          89000         1843.84 
          89400         1811.83 
          89800         1779.98 
          90200         1749.45 
          90600         1719.54 
          91000         1689.67 
          91400         1660.89 
          91800         1632.85 
          92200         1605.29 
          92600         1578.09 
          93000         1551.74 
          93400         1525.65 
          93800         1497.21 
          94200         1475.48 
          94600         1451.03 
          95000         1427.19 
          95400         1403.66 
          95800         1380.88 
          96200         1358.39 
          96600         1336.46 
          97000         1315.01 
          97400         1293.55 
          97800         1272.95 
          98200         1252.87 
          98600         1232.96 
          99000         1213.56 
          99400         1194.32 
          99800         1175.69 
         100200         1157.35 
         200000         75.1945 
         400000         4.73855 
         600000        0.933464 
         800000        0.294032 
         1.0e+6        0.119876 
         1.2e+6       0.0575533 
         1.4e+6        0.030938 
         1.6e+6       0.0180669 
