# Kurucz ODFNEW /NOVER models
# teff = 3750 K (value for the effective temperature for the model. Temperatures are given in K)
# logg = 5.00 log(cm/s2) (value for Log(G) for the model.)
# meta = -0.5  (value for the Metallicity for the model.)
# lh = 1.25  (l/Hp where l is the  mixing length of the convective element and Hp is the pressure scale height)
# vtur = 2.0 km/s (Microturbulence velocity)
#
# column 1: WAVELENGTH (ANGSTROM), Wavelength in Angstrom
# column 2: FLUX (ERG/CM2/S/A), Flux in erg/cm2/s/A
              0               0 
           90.9               0 
           93.5               0 
           96.1               0 
           97.7               0 
           99.6               0 
            102               0 
          103.8               0 
          105.6               0 
          107.7               0 
          110.4               0 
            114               0 
          117.8               0 
          121.3               0 
          124.8               0 
          127.1               0 
          128.4               0 
          130.5               0 
          132.4               0 
          133.9               0 
          136.6               0 
          139.8               0 
          143.3               0 
          147.2               0 
            151               0 
          155.2               0 
          158.8               0 
            162               0 
            166               0 
          170.3               0 
          173.4               0 
          176.8               0 
          180.2               0 
          181.7               0 
          186.1               0 
            191               0 
          193.9               0 
          198.4               0 
          201.8               0 
            205               0 
          210.5               0 
          216.2               0 
          219.8               0 
            223               0 
          226.8               0 
            230               0 
            234               0 
            240               0 
          246.5               0 
          252.4               0 
          256.8               0 
            260               0 
            264               0 
          268.5               0 
          273.5               0 
          278.5               0 
            284               0 
            290               0 
            296               0 
            301               0 
            308               0 
            318               0 
            328               0 
            338               0 
            348               0 
            357               0 
            366               0 
            375               0 
            385               0 
            395               0 
            405               0 
            414               0 
            422               0 
            430               0 
            441               0 
            451               0 
            460               0 
            470               0 
            480               0 
            490               0 
            500               0 
            506               0 
            512               0 
            520               0 
            530               0 
            540               0 
            550               0 
            560               0 
            570               0 
            580               0 
            590               0 
            600               0 
            610               0 
            620               0 
            630               0 
            640               0 
            650               0 
            658               0 
            665               0 
            675               0 
            685               0 
            695     3.12039e-25 
            705     8.82202e-25 
            716     2.67438e-24 
            726     7.10253e-24 
            735     1.67031e-23 
            745     4.21056e-23 
            755     1.03418e-22 
            765     2.47774e-22 
            775     5.79412e-22 
            785     1.32431e-21 
            795     2.95442e-21 
            805     6.47276e-21 
            815     1.38821e-20 
            825     2.91809e-20 
            835     6.01872e-20 
            845     1.21679e-19 
            855     2.40656e-19 
            865     4.67724e-19 
            875     8.93672e-19 
            885     1.67797e-18 
            895     3.11739e-18 
            905     5.66182e-18 
            915     9.29108e-15 
            925     3.59424e-14 
            935     6.00889e-14 
            945     8.60971e-14 
            955     1.56756e-13 
            965     3.01016e-13 
            975     4.44922e-13 
            985     8.73424e-13 
            995     1.61975e-12 
           1005     2.28949e-12 
           1015     3.65414e-12 
           1025     6.04957e-12 
           1035       1.219e-11 
           1045     1.83938e-11 
           1055     2.44033e-11 
           1065     5.23863e-11 
           1075     7.36296e-11 
           1085     1.37002e-10 
           1095     1.93212e-10 
           1105     2.95396e-10 
           1115     4.12389e-10 
           1125     8.14794e-10 
           1135      1.32371e-9 
           1145      2.09706e-9 
           1155      3.08465e-9 
           1165      4.16361e-9 
           1175      6.69293e-9 
           1185      9.42131e-9 
           1195      1.29848e-8 
           1205      1.57495e-8 
           1215      6.01833e-9 
           1225      2.89007e-8 
           1235      5.93589e-8 
           1245      8.68142e-8 
           1255      1.23661e-7 
           1265      1.77304e-7 
           1275      2.35499e-7 
           1285      3.14689e-7 
           1295      4.03838e-7 
           1305      6.07514e-7 
           1315      7.93883e-7 
           1325       1.0376e-6 
           1335      1.27153e-6 
           1345      1.70149e-6 
           1355       2.3611e-6 
           1365      2.85637e-6 
           1375      3.48749e-6 
           1385      4.23193e-6 
           1395      5.25905e-6 
           1405      7.24329e-6 
           1415      9.23055e-6 
           1425      1.11615e-5 
           1435      1.47064e-5 
           1442      1.95507e-5 
           1447      1.83434e-5 
           1455      2.30912e-5 
           1465      3.03864e-5 
           1475      3.34907e-5 
           1485      4.24629e-5 
           1495      6.09082e-5 
           1505      8.07407e-5 
           1512      6.57457e-5 
           1517      9.03434e-5 
           1525      0.00011751 
           1535     0.000151496 
           1545     0.000139357 
           1555      0.00019726 
           1565     0.000219203 
           1575     0.000310891 
           1585     0.000376785 
           1595     0.000417716 
           1605     0.000493518 
           1615     0.000591883 
           1625     0.000665341 
           1635     0.000840264 
           1645      0.00104149 
           1655      0.00110298 
           1665      0.00139496 
           1672      0.00141995 
           1677      0.00171679 
           1685       0.0020345 
           1695       0.0025116 
           1705      0.00278483 
           1715      0.00328875 
           1725      0.00402402 
           1735      0.00467649 
           1745       0.0057651 
           1755      0.00642233 
           1765      0.00734734 
           1775      0.00837479 
           1785       0.0110048 
           1795       0.0117239 
           1805       0.0150171 
           1815        0.015449 
           1825       0.0191316 
           1835       0.0208704 
           1845        0.025428 
           1855       0.0267443 
           1865       0.0330599 
           1875       0.0360075 
           1885       0.0422902 
           1895       0.0501475 
           1905       0.0559994 
           1915        0.067271 
           1925       0.0711905 
           1935       0.0725947 
           1945       0.0916217 
           1955        0.108326 
           1967        0.125003 
           1976        0.139266 
           1984         0.15898 
           1995        0.169054 
           2005        0.192225 
           2015        0.218566 
           2025        0.229467 
           2035        0.267554 
           2045        0.296185 
           2055        0.330956 
           2065        0.356072 
           2074         0.37773 
           2078        0.416499 
           2085        0.473657 
           2095        0.628362 
           2105        0.757171 
           2115        0.787792 
           2125        0.942655 
           2135         1.14509 
           2145        0.982555 
           2155          1.2079 
           2165         1.22442 
           2175         1.33877 
           2185         1.35172 
           2195         2.01094 
           2205         1.78121 
           2215         2.18457 
           2225         2.02556 
           2235         3.15867 
           2245         3.42225 
           2255         4.49785 
           2265         2.56298 
           2275         4.48636 
           2285         4.29567 
           2295          7.1612 
           2305         3.27199 
           2315         10.1465 
           2325         7.08631 
           2335         12.0643 
           2345         8.11622 
           2355         6.58146 
           2365         9.10299 
           2375         8.38133 
           2385         15.8144 
           2395         14.0505 
           2405         30.2014 
           2415         16.0459 
           2425         20.0645 
           2435         32.1665 
           2445         48.2798 
           2455         59.8461 
           2465          31.975 
           2475         65.8734 
           2485         20.5275 
           2495         24.3878 
           2505         50.4023 
           2513          35.002 
           2518         39.9333 
           2525         49.9925 
           2535          136.06 
           2545         173.637 
           2555         200.281 
           2565         84.9804 
           2575         153.576 
           2585         100.612 
           2595         132.146 
           2605         196.486 
           2615          159.86 
           2625         305.686 
           2635           572.7 
           2645         417.311 
           2655         583.078 
           2665         497.143 
           2675         377.918 
           2685         585.588 
           2695         345.981 
           2705         708.922 
           2715         649.228 
           2725         499.139 
           2735         514.009 
           2745         831.402 
           2755         778.624 
           2765         1175.44 
           2775         1565.21 
           2785         851.018 
           2795         1263.29 
           2805         1262.67 
           2815         1089.56 
           2825         1101.21 
           2835         783.813 
           2845         435.925 
           2855          200.04 
           2865         813.565 
           2875         1106.72 
           2885         1998.21 
           2895         2523.25 
           2910         3231.31 
           2930         3986.28 
           2950         3717.22 
           2970         3520.73 
           2990         4170.53 
           3010         4291.59 
           3030         5391.08 
           3050         6620.59 
           3070         6610.12 
           3090         5409.04 
           3110         9452.82 
           3130         9891.53 
           3150         13583.9 
           3170         20973.6 
           3190         18015.6 
           3210         22278.6 
           3230         23718.4 
           3250         35492.4 
           3270         47721.6 
           3290         55986.8 
           3310         46299.9 
           3330         49285.6 
           3350         43324.5 
           3370         28675.8 
           3390         40465.7 
           3410         46786.2 
           3430         52861.2 
           3450         41349.5 
           3470         41878.3 
           3490         56815.2 
           3510         73287.6 
           3530         75404.1 
           3550          110480 
           3570         52290.4 
           3590         43948.7 
           3610         65487.9 
           3630         85556.3 
           3640         92234.7 
           3650          100281 
           3670          137598 
           3690          110971 
           3710         82563.1 
           3730         36950.3 
           3750         49740.4 
           3770          118515 
           3790          133573 
           3810          126197 
           3830         56899.1 
           3850         95834.1 
           3870         88866.9 
           3890         91391.1 
           3910          124282 
           3930         50991.1 
           3950         91294.3 
           3970         71842.3 
           3990          188946 
           4010          247708 
           4030          189707 
           4050          230781 
           4070          215726 
           4090          266669 
           4110          175411 
           4130          211456 
           4150          195187 
           4170          207319 
           4190          218792 
           4210          168439 
           4230         76580.2 
           4250          182628 
           4270          204189 
           4290          204441 
           4310          234603 
           4330          315205 
           4350          335729 
           4370          356846 
           4390          314272 
           4410          320127 
           4430          323290 
           4450          341943 
           4470          394230 
           4490          410647 
           4510          455556 
           4530          375649 
           4550          428038 
           4570          459456 
           4590          435095 
           4610          455771 
           4630          464600 
           4650          434426 
           4670          476715 
           4690          462931 
           4710          452180 
           4730          441073 
           4750          434028 
           4770          346563 
           4790          370834 
           4810          439208 
           4830          442796 
           4850          492019 
           4870          495119 
           4890          511938 
           4910          524526 
           4930          495695 
           4950          470620 
           4970          399060 
           4990          379891 
           5010          328294 
           5030          356555 
           5050          334976 
           5070          325392 
           5090          317138 
           5110          311098 
           5130          300833 
           5150          275973 
           5170          265625 
           5190          303777 
           5210          352301 
           5230          577059 
           5250          600526 
           5270          514414 
           5290          635245 
           5310          685475 
           5330          614317 
           5350          653284 
           5370          653614 
           5390          653724 
           5410          646146 
           5430          643861 
           5450          609376 
           5470          627367 
           5490          652237 
           5510          616751 
           5530          687691 
           5550          707669 
           5570          702003 
           5590          630583 
           5610          634987 
           5630          688794 
           5650          732654 
           5670          720920 
           5690          738704 
           5710          735607 
           5730          783502 
           5750          805009 
           5770          789084 
           5790          790217 
           5810          799942 
           5830          811211 
           5850          766407 
           5870          695375 
           5890          302203 
           5910          592534 
           5930          720176 
           5950          744340 
           5970          765862 
           5990          789461 
           6010          798851 
           6030          826612 
           6050          841131 
           6070          847909 
           6090          850577 
           6110          838175 
           6130          794426 
           6150          849501 
           6170          667218 
           6190          767589 
           6210          755726 
           6230          715512 
           6250          724808 
           6270          774325 
           6290          805878 
           6310          824894 
           6330          844983 
           6350          864913 
           6370          859136 
           6390          867947 
           6410          865291 
           6430          840171 
           6450          810846 
           6470          830101 
           6490          826980 
           6510          869002 
           6530          906291 
           6550          888381 
           6570          885512 
           6590          898970 
           6610          901386 
           6630          899554 
           6650          874474 
           6670          851453 
           6690          811430 
           6710          804634 
           6730          771954 
           6750          777728 
           6770          818266 
           6790          789461 
           6810          816806 
           6830          843121 
           6850          858357 
           6870          860788 
           6890          885560 
           6910          912316 
           6930          909253 
           6950          926179 
           6970          948786 
           6990          948840 
           7010          961066 
           7030          968641 
           7050          937685 
           7070          841191 
           7090          798006 
           7110          796579 
           7130          726013 
           7150          717535 
           7170          773995 
           7190          821437 
           7210          804856 
           7230          870315 
           7250          887167 
           7270          925987 
           7290          943738 
           7310          957474 
           7330          949452 
           7350          962355 
           7370          983148 
           7390          989285 
           7410          987726 
           7430          994630 
           7450          993302 
           7470          997173 
           7490          999844 
           7510      1.00314e+6 
           7530      1.00746e+6 
           7550      1.00655e+6 
           7570      1.00788e+6 
           7590          991198 
           7610          983457 
           7630          975267 
           7650          968821 
           7670          884496 
           7690          933734 
           7710          898919 
           7730          949629 
           7750          937082 
           7770          944433 
           7790          947410 
           7810          959057 
           7830          953856 
           7850          956827 
           7870          967844 
           7890          975833 
           7910          970605 
           7930          973924 
           7950          968611 
           7970          987301 
           7990          983724 
           8010          985451 
           8030          987618 
           8050          985915 
           8070          985778 
           8090          990062 
           8110          991884 
           8130          994819 
           8150          994933 
           8170          992214 
           8190          910653 
           8210          970329 
           8230          977464 
           8250          978046 
           8270          979545 
           8290          972524 
           8310          966864 
           8330          949958 
           8350          964055 
           8370          956980 
           8390          909124 
           8410          955885 
           8430          913612 
           8450          949761 
           8470          937772 
           8490          942296 
           8510          910248 
           8530          938758 
           8550          857484 
           8570          955049 
           8590          954947 
           8610          954275 
           8630          957951 
           8650          954683 
           8670          863780 
           8690          916831 
           8710          960148 
           8730          957138 
           8750          956065 
           8770          951709 
           8790          957768 
           8810          937748 
           8830          935871 
           8850          948432 
           8870          913420 
           8890          918132 
           8910          923364 
           8930          922635 
           8950          915413 
           8970          919808 
           8990          924998 
           9010          907715 
           9030          922548 
           9050          929791 
           9070          931785 
           9090          918024 
           9110          922851 
           9130          928484 
           9150          929468 
           9170          928643 
           9190          929156 
           9210          924638 
           9230          923861 
           9250          918594 
           9270          917002 
           9290          909696 
           9310          914964 
           9330          913513 
           9350          912451 
           9370          906072 
           9390          909693 
           9410          906342 
           9430          907628 
           9450          899488 
           9470          904513 
           9490          904135 
           9510          902252 
           9530          899839 
           9550          886118 
           9570          893115 
           9590          896682 
           9610          882430 
           9630          890956 
           9650          855227 
           9670          862449 
           9690          876545 
           9710          868385 
           9730          859208 
           9750          862620 
           9770          867578 
           9790          845562 
           9810          873241 
           9830          866142 
           9850          870085 
           9870          868882 
           9890          867797 
           9910          864949 
           9930          863076 
           9950          862461 
           9970          861696 
           9990          860629 
          10025          855191 
          10075          851252 
          10125          849186 
          10175          844353 
          10225          840801 
          10275          838133 
          10325          826147 
          10375          825485 
          10425          826078 
          10475          817798 
          10525          817870 
          10575          810153 
          10625          808954 
          10675          800071 
          10725          796624 
          10775          795152 
          10825          785735 
          10875          785756 
          10925          780603 
          10975          773536 
          11025          768242 
          11075          763778 
          11125          757291 
          11175          752611 
          11225          750797 
          11275          740212 
          11325          738242 
          11375          725126 
          11425          715446 
          11475          728136 
          11525          724670 
          11575          718788 
          11625          706401 
          11675          705753 
          11725          709339 
          11775          694008 
          11825          693618 
          11875          684423 
          11925          692763 
          11975          673882 
          12025          684417 
          12075          679018 
          12125          679042 
          12175          676245 
          12225          672641 
          12275          668522 
          12325          664922 
          12375          661897 
          12425          657190 
          12475          655103 
          12525          649617 
          12575          647917 
          12625          644167 
          12675          639023 
          12725          637781 
          12775          635083 
          12825          622444 
          12875          626075 
          12925          619911 
          12975          621251 
          13025          617644 
          13075          613525 
          13125          598317 
          13175          598952 
          13225          602421 
          13275          593061 
          13325          570031 
          13375          545856 
          13425          536383 
          13475          545439 
          13525          533034 
          13575          535022 
          13625          528564 
          13675          536452 
          13725          535390 
          13775          535462 
          13825          530846 
          13875          519181 
          13925          498168 
          13975          497482 
          14025          500456 
          14075          497970 
          14125          485235 
          14175          483826 
          14225          482795 
          14275          472689 
          14325          479215 
          14375          475945 
          14425          475783 
          14475          472914 
          14525          469022 
          14570          466945 
          14620          457552 
          14675          453919 
          14725          458661 
          14775          452920 
          14825          452030 
          14875          447653 
          14925          453808 
          14975          455655 
          15025          436171 
          15075          448037 
          15125          450084 
          15175          447764 
          15225          453244 
          15275          444292 
          15325          447944 
          15375          444604 
          15425          436438 
          15475          447386 
          15525          440242 
          15575          439502 
          15625          443714 
          15675          441441 
          15725          436369 
          15775          431881 
          15825          442062 
          15875          436876 
          15925          439664 
          15975          443498 
          16050          437841 
          16150          433419 
          16250          430670 
          16350          433224 
          16450          430160 
          16550          428760 
          16650          423079 
          16750          409840 
          16850          410362 
          16950          402154 
          17050          391748 
          17150          372564 
          17250          368181 
          17350          355551 
          17450          345166 
          17550          328597 
          17650          319429 
          17750          304973 
          17850          294328 
          17950          286685 
          18050          276325 
          18150          271035 
          18250          268028 
          18350          262261 
          18450          249101 
          18550          239952 
          18650          239292 
          18750          234817 
          18850          241217 
          18950          235552 
          19050          237529 
          19150          234941 
          19250          231480 
          19350          224867 
          19450          220828 
          19550          220724 
          19650          218259 
          19750          208492 
          19850          203604 
          19950          199988 
          20050          200565 
          20150          195685 
          20250          193307 
          20350          191957 
          20450          189085 
          20550          189345 
          20650          183894 
          20750          184532 
          20850          181145 
          20950          181368 
          21050          180287 
          21150          178974 
          21250          177969 
          21350          177909 
          21450          177089 
          21550          176642 
          21650          176903 
          21750          174253 
          21850          174374 
          21950          173406 
          22050          168575 
          22150          171855 
          22250          169012 
          22350          168801 
          22450          167696 
          22550          165887 
          22650          163015 
          22750          162400 
          22850          160275 
          22950          150741 
          23050          151436 
          23150          149104 
          23250          140555 
          23350          139513 
          23450          139826 
          23550          131142 
          23650          133127 
          23750          132816 
          23850          122777 
          23950          123277 
          24050          116536 
          24150          111542 
          24250          108369 
          24350          103795 
          24450         99047.2 
          24550         96123.1 
          24650         92374.8 
          24750         89557.3 
          24850         86007.2 
          24950         84514.2 
          25050         82706.1 
          25150         79453.1 
          25250         77111.4 
          25350         76644.9 
          25450         76055.2 
          25550           75992 
          25650           72280 
          25750         74100.3 
          25850           74154 
          25950         73175.1 
          26050           73436 
          26150         75470.4 
          26250         74508.3 
          26350         74611.1 
          26450           72718 
          26550         75532.7 
          26650         73370.3 
          26750         70243.2 
          26850           69214 
          26950         65884.8 
          27050         66124.6 
          27150         63042.2 
          27250         60865.4 
          27350         61065.6 
          27450         61306.7 
          27550         58564.2 
          27650         58161.2 
          27750         58065.6 
          27850           55959 
          27950         57970.6 
          28050         53301.3 
          28150         54311.6 
          28250         53389.4 
          28350         52413.6 
          28450         53241.9 
          28550         50937.7 
          28650         51968.7 
          28750         50933.2 
          28850         49784.1 
          28950         50510.8 
          29050         47766.2 
          29150         50130.4 
          29250         45208.7 
          29350         49270.3 
          29450         44179.8 
          29550         46905.5 
          29650         44228.7 
          29750         45932.4 
          29850         42868.5 
          29950           45510 
          30050           41941 
          30150         45011.7 
          30250         41347.1 
          30350         43046.3 
          30450         41203.8 
          30550         42169.7 
          30650           41550 
          30750         40893.8 
          30850         40415.3 
          30950           39486 
          31050         40787.4 
          31150           39167 
          31250         40035.5 
          31350         38730.2 
          31450         39025.2 
          31550         38448.7 
          31650         38868.1 
          31750         37868.9 
          31850         38414.8 
          31950         37635.9 
          32100         37877.3 
          32300         37319.7 
          32500         37032.8 
          32700         36602.3 
          32900         36343.2 
          33100         36293.8 
          33300         35872.9 
          33500         35402.2 
          33700         35328.1 
          33900         34830.5 
          34100         34494.4 
          34300         34692.3 
          34500         33493.4 
          34700         33953.3 
          34900         33125.9 
          35100         32899.5 
          35300         32291.8 
          35500         32299.6 
          35700           31590 
          35900         31312.1 
          36100         31107.7 
          36300           30500 
          36500         30146.8 
          36700         29740.9 
          36900         29430.4 
          37100         28927.9 
          37300         28564.3 
          37500         28458.7 
          37700         27696.4 
          37900         27685.4 
          38100         27050.4 
          38300         26563.1 
          38500         26277.7 
          38700         25946.4 
          38900         25316.8 
          39100         24977.2 
          39300         24567.5 
          39500         24174.5 
          39700           23621 
          39900         22811.2 
          40100         22664.1 
          40300         22172.3 
          40500         21495.6 
          40700         20905.8 
          40900         20462.6 
          41100         20185.9 
          41300         19798.3 
          41500           19518 
          41700         18924.4 
          41900         18749.9 
          42100         18309.1 
          42300         18250.9 
          42500         17555.8 
          42700         17380.1 
          42900         16909.6 
          43100         16104.4 
          43300         15996.2 
          43500         15374.6 
          43700         14855.9 
          43900         14628.9 
          44100         14189.9 
          44300         13701.1 
          44500         13590.8 
          44700         13199.9 
          44900         13023.1 
          45100         12716.7 
          45300           12465 
          45500         12304.1 
          45700         12112.1 
          45900         11868.3 
          46100         11718.3 
          46300         11458.9 
          46500         11445.9 
          46700         11219.9 
          46900         11070.1 
          47100         10933.3 
          47300         10809.1 
          47500         10592.7 
          47700         10288.6 
          47900         10252.3 
          48100         9920.88 
          48300         9997.48 
          48500         9684.71 
          48700         9463.82 
          48900         9303.37 
          49100         9403.23 
          49300         8960.05 
          49500         8953.12 
          49700         8747.76 
          49900         8661.87 
          50100         8429.56 
          50300         8247.56 
          50500            8154 
          50700         8077.79 
          50900         7869.31 
          51100         7872.61 
          51300         7638.26 
          51500         7640.84 
          51700          7355.5 
          51900          7336.4 
          52100         7297.67 
          52300         7108.92 
          52500         6952.22 
          52700         6967.24 
          52900         6736.28 
          53100          6817.1 
          53300         6614.98 
          53500         6534.31 
          53700         6378.05 
          53900         6454.77 
          54100         6222.82 
          54300         5993.33 
          54500         6125.09 
          54700         6030.54 
          54900          5990.3 
          55100         5868.83 
          55300         5773.37 
          55500         5624.95 
          55700         5601.74 
          55900         5648.27 
          56100         5510.99 
          56300         5431.88 
          56500         5379.45 
          56700          5280.6 
          56900         5162.58 
          57100         5201.82 
          57300         4999.76 
          57500         5209.22 
          57700         4999.94 
          57900         4884.88 
          58100         4965.46 
          58300         4779.62 
          58500         4766.37 
          58700         4747.72 
          58900         4733.21 
          59100          4629.1 
          59300         4636.59 
          59500         4570.37 
          59700         4491.49 
          59900         4493.44 
          60100         4542.76 
          60300         4335.09 
          60500         4246.05 
          60700         4363.42 
          60900         4332.15 
          61100          4156.2 
          61300         4337.58 
          61500         4133.21 
          61700         4134.05 
          61900          4089.2 
          62100         4056.94 
          62300         4074.24 
          62500         3937.38 
          62700         3884.41 
          62900         3897.09 
          63100         3812.25 
          63300         3803.62 
          63500         3650.27 
          63700         3703.34 
          63900         3599.64 
          64200         3469.38 
          64600         3225.41 
          65000         3088.46 
          65400         2981.93 
          65800         2830.15 
          66200         2752.47 
          66600          2716.7 
          67000         2630.73 
          67400         2602.59 
          67800          2499.6 
          68200         2441.61 
          68600         2441.32 
          69000          2371.4 
          69400         2308.94 
          69800         2317.89 
          70200         2226.11 
          70600         2188.42 
          71000         2139.91 
          71400         2109.72 
          71800         2096.58 
          72200         2006.86 
          72600         1979.87 
          73000         1966.86 
          73400         1913.25 
          73800         1892.42 
          74200         1830.47 
          74600          1822.6 
          75000         1782.12 
          75400         1750.21 
          75800         1694.41 
          76200         1652.01 
          76600         1630.44 
          77000         1617.23 
          77400         1553.33 
          77800         1546.17 
          78200         1509.76 
          78600         1483.88 
          79000         1429.11 
          79400          1432.5 
          79800         1376.41 
          80200         1379.58 
          80600         1333.21 
          81000         1302.22 
          81400         1290.25 
          81800         1272.48 
          82200         1235.26 
          82600         1234.26 
          83000         1200.24 
          83400         1168.94 
          83800         1139.94 
          84200         1154.64 
          84600         1122.95 
          85000            1094 
          85400         1089.41 
          85800         1067.05 
          86200         1055.34 
          86600         1037.28 
          87000         1035.23 
          87400         992.826 
          87800         987.124 
          88200         970.491 
          88600         957.042 
          89000          948.84 
          89400         933.392 
          89800         913.276 
          90200         910.704 
          90600         893.319 
          91000         881.069 
          91400         867.423 
          91800         854.382 
          92200         842.774 
          92600         821.054 
          93000         818.188 
          93400         805.797 
          93800          791.83 
          94200         774.208 
          94600         761.908 
          95000           752.5 
          95400         755.972 
          95800         727.959 
          96200         715.527 
          96600         705.574 
          97000         695.845 
          97400         690.221 
          97800         679.938 
          98200         669.371 
          98600         660.503 
          99000         628.308 
          99400         635.539 
          99800         622.813 
         100200         613.534 
         200000         43.6198 
         400000         2.87657 
         600000        0.575664 
         800000        0.182755 
         1.0e+6       0.0748414 
         1.2e+6         0.03603 
         1.4e+6       0.0194016 
         1.6e+6       0.0113421 
