# Kurucz ODFNEW /NOVER models
# teff = 6500 K (value for the effective temperature for the model. Temperatures are given in K)
# logg = 1.00 log(cm/s2) (value for Log(G) for the model.)
# meta = -0.5  (value for the Metallicity for the model.)
# lh = 1.25  (l/Hp where l is the  mixing length of the convective element and Hp is the pressure scale height)
# vtur = 2.0 km/s (Microturbulence velocity)
#
# column 1: WAVELENGTH (ANGSTROM), Wavelength in Angstrom
# column 2: FLUX (ERG/CM2/S/A), Flux in erg/cm2/s/A
              0               0 
           90.9               0 
           93.5               0 
           96.1               0 
           97.7               0 
           99.6               0 
            102               0 
          103.8               0 
          105.6               0 
          107.7               0 
          110.4               0 
            114               0 
          117.8               0 
          121.3               0 
          124.8               0 
          127.1               0 
          128.4               0 
          130.5               0 
          132.4               0 
          133.9               0 
          136.6               0 
          139.8               0 
          143.3               0 
          147.2               0 
            151               0 
          155.2               0 
          158.8               0 
            162               0 
            166               0 
          170.3               0 
          173.4               0 
          176.8               0 
          180.2               0 
          181.7               0 
          186.1               0 
            191               0 
          193.9               0 
          198.4               0 
          201.8               0 
            205               0 
          210.5               0 
          216.2               0 
          219.8               0 
            223               0 
          226.8               0 
            230               0 
            234               0 
            240               0 
          246.5               0 
          252.4               0 
          256.8               0 
            260               0 
            264               0 
          268.5               0 
          273.5               0 
          278.5               0 
            284               0 
            290               0 
            296               0 
            301               0 
            308               0 
            318               0 
            328               0 
            338               0 
            348               0 
            357               0 
            366               0 
            375               0 
            385               0 
            395               0 
            405               0 
            414               0 
            422               0 
            430     1.36299e-24 
            441     8.68966e-24 
            451       4.307e-23 
            460     1.70837e-22 
            470     7.39852e-22 
            480     3.00206e-21 
            490     1.14696e-20 
            500     4.13546e-20 
            506     1.15527e-19 
            512     2.68165e-19 
            520     6.83758e-19 
            530     2.12546e-18 
            540     6.21722e-18 
            550     1.76658e-17 
            560     4.79347e-17 
            570      1.2524e-16 
            580     3.12237e-16 
            590     7.69219e-16 
            600      1.8149e-15 
            610     4.15455e-15 
            620     9.23547e-15 
            630     1.99727e-14 
            640     4.20915e-14 
            650     8.65366e-14 
            658     1.51383e-13 
            665     2.43873e-13 
            675     4.73309e-13 
            685     8.99224e-13 
            695     1.67422e-12 
            705     3.05282e-12 
            716     5.80113e-12 
            726      1.0196e-11 
            735     1.66962e-11 
            745     2.84381e-11 
            755     4.76913e-11 
            765     7.87933e-11 
            775     1.28319e-10 
            785     2.06135e-10 
            795     3.25287e-10 
            805     5.10478e-10 
            815     7.89845e-10 
            825      1.20659e-9 
            835      1.82253e-9 
            845      2.72276e-9 
            855      4.02483e-9 
            865      5.88942e-9 
            875      8.52388e-9 
            885      1.22467e-8 
            895      1.74184e-8 
            905      2.45157e-8 
            915      4.57444e-5 
            925     0.000154439 
            935     0.000217111 
            945     0.000315493 
            955     0.000457639 
            965     0.000638183 
            975     0.000862185 
            985      0.00119415 
            995      0.00160517 
           1005      0.00222086 
           1015       0.0029745 
           1025      0.00388123 
           1035       0.0052506 
           1045      0.00695623 
           1055      0.00912763 
           1065       0.0117896 
           1075       0.0153629 
           1085       0.0198698 
           1095       0.0252863 
           1105       0.0634412 
           1115        0.215137 
           1125        0.322637 
           1135        0.459045 
           1145        0.589569 
           1155         0.64122 
           1165        0.845742 
           1175        0.917959 
           1185          1.1438 
           1195        0.460274 
           1205        0.395043 
           1215        0.249717 
           1225        0.533253 
           1235         1.15784 
           1245         2.45867 
           1255         5.42771 
           1265         6.84351 
           1275          12.121 
           1285         20.1248 
           1295         28.8867 
           1305         26.4769 
           1315         46.9271 
           1325         62.1329 
           1335          76.421 
           1345         102.593 
           1355         114.817 
           1365         137.889 
           1375         159.171 
           1385         186.854 
           1395         228.145 
           1405         267.639 
           1415         290.644 
           1425         339.101 
           1435         359.712 
           1442         434.603 
           1447         465.143 
           1455         534.518 
           1465         563.193 
           1475         648.223 
           1485         744.909 
           1495         881.456 
           1505         998.849 
           1512         1026.12 
           1517          1134.5 
           1525         1260.37 
           1535         2008.02 
           1545         2967.09 
           1555            3128 
           1565         2904.51 
           1575         4260.38 
           1585         4932.76 
           1595         6360.07 
           1605         6310.45 
           1615         6313.45 
           1625         6273.49 
           1635         7624.74 
           1645          9250.7 
           1655         5652.14 
           1665         9921.51 
           1672         5778.47 
           1677         12001.2 
           1685         20253.5 
           1695         33610.3 
           1705         36988.4 
           1715         75099.5 
           1725          107888 
           1735          150318 
           1745          115317 
           1755          180890 
           1765          145155 
           1775          203824 
           1785          169375 
           1795          314758 
           1805          195047 
           1815          268393 
           1825          212400 
           1835          238509 
           1845          230807 
           1855          301195 
           1865          380712 
           1875          351180 
           1885          396269 
           1895          467014 
           1905          422902 
           1915          446151 
           1925          380479 
           1935          211365 
           1945          557395 
           1955          613124 
           1967          722050 
           1976          703670 
           1984          694340 
           1995          714714 
           2005          681989 
           2015          623817 
           2025          567813 
           2035          771231 
           2045          881807 
           2055          741504 
           2065          689352 
           2074          991950 
           2078      1.22876e+6 
           2085      1.18733e+6 
           2095      1.14941e+6 
           2105      1.10953e+6 
           2115      1.18791e+6 
           2125      1.14113e+6 
           2135          891529 
           2145      1.16924e+6 
           2155      1.24724e+6 
           2165      1.05499e+6 
           2175      1.13084e+6 
           2185      1.23801e+6 
           2195      1.45492e+6 
           2205      1.34489e+6 
           2215      1.03201e+6 
           2225      1.02876e+6 
           2235      1.48536e+6 
           2245      1.34307e+6 
           2255          986755 
           2265          957939 
           2275      1.30562e+6 
           2285      1.40158e+6 
           2295      1.29198e+6 
           2305      1.44203e+6 
           2315      1.30609e+6 
           2325      1.21181e+6 
           2335          637278 
           2345          432774 
           2355          924773 
           2365          431590 
           2375          664889 
           2385          313679 
           2395          447929 
           2405          427870 
           2415          720554 
           2425      1.47608e+6 
           2435      1.47427e+6 
           2445      1.66194e+6 
           2455      1.68518e+6 
           2465      1.58443e+6 
           2475      1.44582e+6 
           2485       1.4012e+6 
           2495      1.39822e+6 
           2505       2.0009e+6 
           2513      1.39956e+6 
           2518      1.52122e+6 
           2525       1.1614e+6 
           2535      1.19094e+6 
           2545      1.30608e+6 
           2555       1.6475e+6 
           2565      1.27113e+6 
           2575      1.51985e+6 
           2585      1.23834e+6 
           2595      1.03726e+6 
           2605          821021 
           2615          770239 
           2625      1.08957e+6 
           2635       1.7512e+6 
           2645      2.90096e+6 
           2655      3.12264e+6 
           2665       2.3691e+6 
           2675      2.68005e+6 
           2685      2.71343e+6 
           2695      2.44202e+6 
           2705      2.71289e+6 
           2715      2.14225e+6 
           2725      2.15269e+6 
           2735      2.27018e+6 
           2745      1.08244e+6 
           2755      1.45222e+6 
           2765       1.8524e+6 
           2775      2.24161e+6 
           2785      1.47511e+6 
           2795          484366 
           2805          627436 
           2815      2.00007e+6 
           2825      2.97499e+6 
           2835      2.96426e+6 
           2845      2.93531e+6 
           2855      2.45815e+6 
           2865      3.19959e+6 
           2875      3.20472e+6 
           2885       3.2967e+6 
           2895      3.16173e+6 
           2910      3.96209e+6 
           2930      3.73215e+6 
           2950      3.66017e+6 
           2970      4.08782e+6 
           2990      4.12688e+6 
           3010      4.41885e+6 
           3030      4.40665e+6 
           3050      4.50132e+6 
           3070      4.49842e+6 
           3090      4.83256e+6 
           3110      4.66312e+6 
           3130      4.63179e+6 
           3150      4.93764e+6 
           3170      4.92016e+6 
           3190      4.50621e+6 
           3210      4.89591e+6 
           3230      4.46208e+6 
           3250      4.98657e+6 
           3270       5.2809e+6 
           3290      5.32201e+6 
           3310      5.54673e+6 
           3330      5.40046e+6 
           3350       5.3355e+6 
           3370      5.20964e+6 
           3390      5.43455e+6 
           3410      5.61074e+6 
           3430       5.8116e+6 
           3450      5.79978e+6 
           3470      5.69935e+6 
           3490      5.68802e+6 
           3510       5.9674e+6 
           3530      5.95984e+6 
           3550      6.36936e+6 
           3570       5.9021e+6 
           3590      5.96602e+6 
           3610      6.06141e+6 
           3630      6.22639e+6 
           3640      6.10491e+6 
           3650      6.49341e+6 
           3670      6.46368e+6 
           3690      7.13365e+6 
           3710      9.19377e+6 
           3730      1.17285e+7 
           3750       1.5369e+7 
           3770      1.62552e+7 
           3790       1.8918e+7 
           3810      2.12193e+7 
           3830       1.7457e+7 
           3850      2.16769e+7 
           3870      2.32381e+7 
           3890      1.71955e+7 
           3910      2.13309e+7 
           3930      1.15683e+7 
           3950      1.90131e+7 
           3970      1.14067e+7 
           3990       2.2031e+7 
           4010      2.34705e+7 
           4030      2.31913e+7 
           4050      2.29226e+7 
           4070      2.24473e+7 
           4090      2.22089e+7 
           4110      1.87371e+7 
           4130      2.26079e+7 
           4150       2.3399e+7 
           4170      2.26681e+7 
           4190      2.27075e+7 
           4210      2.24944e+7 
           4230      2.20548e+7 
           4250      2.24401e+7 
           4270      2.19597e+7 
           4290      2.18373e+7 
           4310      2.04913e+7 
           4330       1.9957e+7 
           4350      1.78133e+7 
           4370      2.20137e+7 
           4390      2.14382e+7 
           4410      2.09207e+7 
           4430      2.09684e+7 
           4450      2.10733e+7 
           4470      2.11057e+7 
           4490      2.11387e+7 
           4510      2.18499e+7 
           4530      2.06201e+7 
           4550      2.04356e+7 
           4570       2.1325e+7 
           4590      2.03921e+7 
           4610      2.11126e+7 
           4630      2.05492e+7 
           4650      2.07474e+7 
           4670      2.07929e+7 
           4690      2.02854e+7 
           4710      1.96312e+7 
           4730      2.03496e+7 
           4750      2.04774e+7 
           4770      2.00875e+7 
           4790      1.99907e+7 
           4810      1.98574e+7 
           4830      1.96061e+7 
           4850      1.77214e+7 
           4870       1.4869e+7 
           4890      1.88711e+7 
           4910      1.89505e+7 
           4930      1.84483e+7 
           4950      1.88976e+7 
           4970      1.90234e+7 
           4990      1.80633e+7 
           5010      1.74031e+7 
           5030      1.81003e+7 
           5050      1.79129e+7 
           5070      1.81793e+7 
           5090      1.78389e+7 
           5110      1.77933e+7 
           5130      1.72884e+7 
           5150      1.70351e+7 
           5170      1.67781e+7 
           5190      1.66043e+7 
           5210      1.66117e+7 
           5230       1.6635e+7 
           5250      1.68611e+7 
           5270      1.58178e+7 
           5290      1.65923e+7 
           5310      1.63793e+7 
           5330        1.588e+7 
           5350      1.63841e+7 
           5370      1.62453e+7 
           5390      1.60277e+7 
           5410      1.57447e+7 
           5430      1.57515e+7 
           5450      1.59545e+7 
           5470      1.57461e+7 
           5490      1.56754e+7 
           5510      1.55332e+7 
           5530      1.54827e+7 
           5550      1.55572e+7 
           5570      1.53097e+7 
           5590      1.51473e+7 
           5610        1.514e+7 
           5630      1.51574e+7 
           5650      1.49406e+7 
           5670        1.471e+7 
           5690       1.4815e+7 
           5710      1.46629e+7 
           5730      1.48132e+7 
           5750      1.46123e+7 
           5770      1.45632e+7 
           5790      1.43909e+7 
           5810      1.43467e+7 
           5830      1.42916e+7 
           5850      1.41126e+7 
           5870      1.40723e+7 
           5890      1.37272e+7 
           5910      1.38739e+7 
           5930      1.37729e+7 
           5950      1.37007e+7 
           5970      1.36334e+7 
           5990      1.34722e+7 
           6010      1.33347e+7 
           6030      1.32868e+7 
           6050      1.32444e+7 
           6070      1.32032e+7 
           6090      1.30415e+7 
           6110      1.28896e+7 
           6130      1.26753e+7 
           6150      1.25273e+7 
           6170      1.24828e+7 
           6190      1.26186e+7 
           6210      1.25726e+7 
           6230      1.23571e+7 
           6250      1.19802e+7 
           6270      1.23169e+7 
           6290      1.22367e+7 
           6310      1.19862e+7 
           6330      1.20036e+7 
           6350      1.19253e+7 
           6370      1.18385e+7 
           6390      1.18014e+7 
           6410      1.16114e+7 
           6430      1.16022e+7 
           6450      1.14516e+7 
           6470      1.14808e+7 
           6490      1.12303e+7 
           6510      1.12877e+7 
           6530       1.1246e+7 
           6550      1.05751e+7 
           6570      8.68781e+6 
           6590      1.08886e+7 
           6610      1.09504e+7 
           6630      1.09727e+7 
           6650      1.08966e+7 
           6670      1.07941e+7 
           6690      1.07793e+7 
           6710      1.06851e+7 
           6730      1.06441e+7 
           6750      1.05141e+7 
           6770      1.05154e+7 
           6790      1.04233e+7 
           6810       1.0376e+7 
           6830      1.02822e+7 
           6850       1.0211e+7 
           6870      1.01828e+7 
           6890      1.01277e+7 
           6910      1.00589e+7 
           6930      9.99073e+6 
           6950      9.92862e+6 
           6970      9.86707e+6 
           6990      9.81146e+6 
           7010      9.66741e+6 
           7030      9.66126e+6 
           7050      9.62622e+6 
           7070      9.56356e+6 
           7090      9.50816e+6 
           7110      9.30868e+6 
           7130      9.33287e+6 
           7150      9.29105e+6 
           7170      9.23562e+6 
           7190      9.13039e+6 
           7210      9.09286e+6 
           7230      9.03685e+6 
           7250      9.01215e+6 
           7270      8.97902e+6 
           7290      8.86318e+6 
           7310      8.80419e+6 
           7330      8.77232e+6 
           7350      8.74138e+6 
           7370      8.72315e+6 
           7390      8.61735e+6 
           7410      8.51258e+6 
           7430      8.47432e+6 
           7450      8.44314e+6 
           7470      8.37503e+6 
           7490      8.33507e+6 
           7510      8.30407e+6 
           7530      8.27598e+6 
           7550      8.26522e+6 
           7570      8.18481e+6 
           7590      8.15154e+6 
           7610       8.1042e+6 
           7630      8.06175e+6 
           7650      7.99004e+6 
           7670      7.90106e+6 
           7690      7.89887e+6 
           7710       7.8104e+6 
           7730      7.80282e+6 
           7750      7.74754e+6 
           7770      7.59914e+6 
           7790      7.69178e+6 
           7810      7.64318e+6 
           7830      7.56301e+6 
           7850      7.49763e+6 
           7870      7.48147e+6 
           7890      7.42301e+6 
           7910      7.38191e+6 
           7930      7.31416e+6 
           7950       7.2756e+6 
           7970      7.29668e+6 
           7990      7.22359e+6 
           8010      7.18758e+6 
           8030      7.14013e+6 
           8050      7.10529e+6 
           8070      7.06953e+6 
           8090      7.01388e+6 
           8110      7.00225e+6 
           8130      6.96727e+6 
           8150      6.92347e+6 
           8170      6.88341e+6 
           8190      6.74707e+6 
           8210      6.75558e+6 
           8230      6.70834e+6 
           8250      6.66921e+6 
           8270      6.69703e+6 
           8290      6.64886e+6 
           8310      6.57871e+6 
           8330      6.45702e+6 
           8350      6.52013e+6 
           8370      6.40351e+6 
           8390      6.38051e+6 
           8410      6.36777e+6 
           8430      6.44152e+6 
           8450      6.33033e+6 
           8470      6.20121e+6 
           8490      6.45897e+6 
           8510      5.90846e+6 
           8530      6.47777e+6 
           8550      5.32042e+6 
           8570      6.62415e+6 
           8590       6.3651e+6 
           8610      6.18871e+6 
           8630      6.65881e+6 
           8650      6.52483e+6 
           8670      5.29194e+6 
           8690      6.44794e+6 
           8710      6.61204e+6 
           8730      6.52097e+6 
           8750      5.72703e+6 
           8770      6.40285e+6 
           8790      6.48052e+6 
           8810      6.41862e+6 
           8830      6.32049e+6 
           8850      6.14715e+6 
           8870      5.55351e+6 
           8890       6.2507e+6 
           8910      6.24926e+6 
           8930      6.20286e+6 
           8950      6.21374e+6 
           8970      6.16733e+6 
           8990      6.09424e+6 
           9010       5.4138e+6 
           9030      5.80197e+6 
           9050       6.0344e+6 
           9070      5.88876e+6 
           9090      5.77853e+6 
           9110      5.88208e+6 
           9130      5.91194e+6 
           9150      5.89827e+6 
           9170      5.85153e+6 
           9190      5.79975e+6 
           9210      5.65202e+6 
           9230      4.95362e+6 
           9250      5.50548e+6 
           9270      5.58345e+6 
           9290      5.66422e+6 
           9310      5.64122e+6 
           9330      5.60147e+6 
           9350      5.57539e+6 
           9370      5.54988e+6 
           9390      5.50404e+6 
           9410      5.32581e+6 
           9430       5.4079e+6 
           9450      5.39261e+6 
           9470      5.39507e+6 
           9490      5.37234e+6 
           9510      5.31811e+6 
           9530      5.19918e+6 
           9550      4.59666e+6 
           9570      5.16405e+6 
           9590      5.20928e+6 
           9610      5.15049e+6 
           9630      5.09096e+6 
           9650       5.1099e+6 
           9670      5.03561e+6 
           9690      5.03292e+6 
           9710      5.05816e+6 
           9730      5.02782e+6 
           9750      4.95926e+6 
           9770       4.9753e+6 
           9790      4.94517e+6 
           9810      4.92226e+6 
           9830      4.89642e+6 
           9850      4.84279e+6 
           9870      4.82354e+6 
           9890      4.77941e+6 
           9910       4.7682e+6 
           9930      4.75054e+6 
           9950      4.72995e+6 
           9970      4.71628e+6 
           9990        4.691e+6 
          10025      4.53499e+6 
          10075      4.36909e+6 
          10125      4.49179e+6 
          10175      4.45102e+6 
          10225      4.40542e+6 
          10275      4.35946e+6 
          10325      4.27174e+6 
          10375      4.23661e+6 
          10425      4.18705e+6 
          10475      4.08572e+6 
          10525      4.06198e+6 
          10575      4.01455e+6 
          10625      3.95849e+6 
          10675      3.85041e+6 
          10725      3.84277e+6 
          10775      3.80137e+6 
          10825      3.74672e+6 
          10875      3.70531e+6 
          10925      3.44234e+6 
          10975      3.57619e+6 
          11025      3.59652e+6 
          11075      3.56013e+6 
          11125      3.50382e+6 
          11175      3.46077e+6 
          11225      3.42942e+6 
          11275      3.34101e+6 
          11325      3.30215e+6 
          11375      3.28863e+6 
          11425      3.22787e+6 
          11475       3.2267e+6 
          11525      3.19108e+6 
          11575      3.14644e+6 
          11625      3.07176e+6 
          11675      3.02257e+6 
          11725      3.04068e+6 
          11775      2.95133e+6 
          11825      2.93936e+6 
          11875      2.88527e+6 
          11925      2.90431e+6 
          11975      2.83282e+6 
          12025      2.82234e+6 
          12075      2.78351e+6 
          12125      2.75522e+6 
          12175      2.73492e+6 
          12225      2.69999e+6 
          12275      2.66354e+6 
          12325      2.63652e+6 
          12375      2.60861e+6 
          12425      2.58376e+6 
          12475      2.55219e+6 
          12525      2.51793e+6 
          12575      2.47769e+6 
          12625      2.45693e+6 
          12675      2.43875e+6 
          12725      2.41474e+6 
          12775      2.37648e+6 
          12825      2.18447e+6 
          12875      2.32585e+6 
          12925      2.30383e+6 
          12975      2.28007e+6 
          13025      2.25638e+6 
          13075      2.23364e+6 
          13125      2.20375e+6 
          13175      2.17447e+6 
          13225      2.15978e+6 
          13275      2.13339e+6 
          13325      2.11234e+6 
          13375      2.08921e+6 
          13425      2.06744e+6 
          13475      2.04503e+6 
          13525      2.01826e+6 
          13575      1.99314e+6 
          13625      1.97864e+6 
          13675      1.95543e+6 
          13725      1.91507e+6 
          13775       1.9083e+6 
          13825      1.88942e+6 
          13875      1.87673e+6 
          13925      1.84989e+6 
          13975      1.83388e+6 
          14025      1.81339e+6 
          14075      1.79795e+6 
          14125      1.77482e+6 
          14175      1.75883e+6 
          14225      1.73597e+6 
          14275      1.71568e+6 
          14325      1.70337e+6 
          14375      1.68832e+6 
          14425       1.6359e+6 
          14475      1.65067e+6 
          14525      1.61629e+6 
          14570      1.61537e+6 
          14620      1.59465e+6 
          14675      1.58355e+6 
          14725      1.56154e+6 
          14775      1.54167e+6 
          14825      1.52927e+6 
          14875      1.50578e+6 
          14925      1.50502e+6 
          14975      1.48644e+6 
          15025      1.45767e+6 
          15075      1.44402e+6 
          15125      1.43648e+6 
          15175      1.42288e+6 
          15225      1.42372e+6 
          15275      1.38325e+6 
          15325       1.3715e+6 
          15375      1.38722e+6 
          15425        1.327e+6 
          15475      1.36378e+6 
          15525      1.35935e+6 
          15575      1.28425e+6 
          15625      1.34772e+6 
          15675      1.31192e+6 
          15725      1.25088e+6 
          15775      1.30386e+6 
          15825       1.3007e+6 
          15875       1.1874e+6 
          15925      1.27221e+6 
          15975      1.27218e+6 
          16050      1.24511e+6 
          16150      1.17936e+6 
          16250      1.21076e+6 
          16350      1.17195e+6 
          16450      1.10685e+6 
          16550      1.13517e+6 
          16650      1.11197e+6 
          16750      1.07762e+6 
          16850      1.01799e+6 
          16950       1.0447e+6 
          17050      1.01836e+6 
          17150      1.00087e+6 
          17250          974634 
          17350          908527 
          17450          931338 
          17550          917698 
          17650          897932 
          17750          882736 
          17850          864455 
          17950          851285 
          18050          830962 
          18150          780468 
          18250          795002 
          18350          784995 
          18450          769534 
          18550          753708 
          18650          739885 
          18750          687262 
          18850          709645 
          18950          692943 
          19050          687328 
          19150          674098 
          19250          661267 
          19350          647869 
          19450          607266 
          19550          624755 
          19650          614050 
          19750          600904 
          19850          591853 
          19950          581223 
          20050          571353 
          20150          561511 
          20250          550752 
          20350          540229 
          20450          532213 
          20550          522655 
          20650          512489 
          20750          504053 
          20850          495581 
          20950          486485 
          21050          478295 
          21150          469133 
          21250          461192 
          21350          453550 
          21450          447104 
          21550          439436 
          21650          413249 
          21750          423673 
          21850          417350 
          21950          411234 
          22050          403251 
          22150          396341 
          22250          391172 
          22350          384784 
          22450          378590 
          22550          370684 
          22650          365927 
          22750          360330 
          22850          354642 
          22950          348719 
          23050          343919 
          23150          338334 
          23250          333288 
          23350          327898 
          23450          322894 
          23550          317888 
          23650          312890 
          23750          308016 
          23850          303141 
          23950          298467 
          24050          293521 
          24150          288680 
          24250          286317 
          24350          279598 
          24450          275161 
          24550          273430 
          24650          268004 
          24750          264090 
          24850          262103 
          24950          252672 
          25050          255449 
          25150          251742 
          25250          241296 
          25350          244585 
          25450          241358 
          25550          237441 
          25650          226443 
          25750          231051 
          25850          227451 
          25950          225131 
          26050          221235 
          26150          210770 
          26250          206138 
          26350          212303 
          26450          209910 
          26550          206760 
          26650          203153 
          26750          193445 
          26850          198377 
          26950          196026 
          27050          193096 
          27150          190670 
          27250          188060 
          27350          185489 
          27450          183030 
          27550          174050 
          27650          176795 
          27750          175669 
          27850          173361 
          27950          171105 
          28050          168815 
          28150          166562 
          28250          164365 
          28350          162237 
          28450          159926 
          28550          157999 
          28650          155443 
          28750          148097 
          28850          151783 
          28950          149900 
          29050          148040 
          29150          145918 
          29250          144169 
          29350          142436 
          29450          140584 
          29550          138853 
          29650          137108 
          29750          135371 
          29850          133687 
          29950          131960 
          30050          130312 
          30150          128690 
          30250          127128 
          30350          121814 
          30450          122799 
          30550          122464 
          30650          120949 
          30750          119518 
          30850          117873 
          30950          116523 
          31050          115094 
          31150          113432 
          31250          112329 
          31350          110985 
          31450          109640 
          31550          108405 
          31650          107214 
          31750          105818 
          31850          104691 
          31950          103457 
          32100          101615 
          32300         99298.5 
          32500         96995.8 
          32700           94756 
          32900           90534 
          33100         90055.6 
          33300         88158.2 
          33500         86276.1 
          33700         84216.8 
          33900         82367.4 
          34100         80571.3 
          34300         78894.6 
          34500         77267.3 
          34700         75578.3 
          34900           73963 
          35100         72391.5 
          35300         70826.9 
          35500         69289.5 
          35700         67749.8 
          35900         66576.1 
          36100         64915.6 
          36300         63881.9 
          36500         62162.9 
          36700         61269.2 
          36900         59450.3 
          37100         58747.9 
          37300         57201.9 
          37500         55114.4 
          37700         55315.9 
          37900         54256.1 
          38100         52722.7 
          38300         51978.3 
          38500         51215.9 
          38700         50147.2 
          38900         49179.8 
          39100         47522.2 
          39300         47354.3 
          39500         46436.7 
          39700         45566.1 
          39900         44601.6 
          40100         43600.3 
          40300         42491.1 
          40500         41436.4 
          40700         41409.7 
          40900         40614.1 
          41100         39918.6 
          41300         39181.7 
          41500         38435.5 
          41700         37112.2 
          41900         37039.7 
          42100         36337.8 
          42300         35752.9 
          42500         35100.3 
          42700         34485.1 
          42900         33871.5 
          43100         33270.1 
          43300         32674.1 
          43500         32105.4 
          43700         31040.8 
          43900         30960.2 
          44100         30439.7 
          44300         29927.4 
          44500         29413.6 
          44700         28943.6 
          44900         28417.2 
          45100         27943.5 
          45300         27471.5 
          45500         27010.3 
          45700         26552.5 
          45900         26105.3 
          46100         25684.3 
          46300         25255.5 
          46500         24406.2 
          46700         24023.2 
          46900         24024.2 
          47100         23645.7 
          47300         23267.7 
          47500         22881.8 
          47700         22516.5 
          47900         22159.7 
          48100           21813 
          48300         21490.6 
          48500         21118.4 
          48700         20819.8 
          48900         20465.5 
          49100         20167.8 
          49300         19823.2 
          49500         19558.8 
          49700         19198.8 
          49900         18963.5 
          50100         18668.3 
          50300         18317.7 
          50500         18109.4 
          50700         17836.3 
          50900         17481.2 
          51100         17289.8 
          51300           16753 
          51500         16783.7 
          51700         16438.4 
          51900         16292.4 
          52100         16049.6 
          52300         15814.1 
          52500         15573.6 
          52700         15252.1 
          52900         15134.3 
          53100         14913.6 
          53300         14698.5 
          53500         14486.1 
          53700         14199.5 
          53900         14019.1 
          54100         13874.4 
          54300           13674 
          54500         13482.5 
          54700         13284.6 
          54900         13105.5 
          55100         12917.5 
          55300         12608.6 
          55500         12564.4 
          55700         12389.3 
          55900           12208 
          56100         12051.7 
          56300         11886.6 
          56500         11725.5 
          56700         11564.9 
          56900           11408 
          57100         11111.3 
          57300         11102.1 
          57500           10954 
          57700         10806.3 
          57900         10660.3 
          58100         10520.4 
          58300         10381.1 
          58500         10255.8 
          58700         10119.1 
          58900         9975.95 
          59100         9694.45 
          59300         9723.35 
          59500         9453.15 
          59700         9455.87 
          59900         9353.22 
          60100         9231.96 
          60300         9115.91 
          60500         8999.32 
          60700         8882.85 
          60900         8768.84 
          61100         8653.81 
          61300         8550.23 
          61500         8442.82 
          61700          8336.9 
          61900         8231.01 
          62100         8129.89 
          62300         8023.83 
          62500         7928.28 
          62700         7828.54 
          62900         7615.63 
          63100         7632.15 
          63300         7544.58 
          63500         7452.39 
          63700         7362.69 
          63900         7272.01 
          64200         7142.23 
          64600         6969.64 
          65000         6801.93 
          65400         6644.81 
          65800         6484.57 
          66200         6332.85 
          66600         6188.98 
          67000         6046.81 
          67400         5902.28 
          67800         5729.99 
          68200         5634.87 
          68600         5514.68 
          69000         5389.76 
          69400         5260.85 
          69800         5152.92 
          70200         5038.88 
          70600         4928.35 
          71000          4811.7 
          71400         4716.93 
          71800         4614.74 
          72200         4513.62 
          72600         4406.26 
          73000          4325.8 
          73400         4233.94 
          73800         4145.23 
          74200         4057.87 
          74600         3939.15 
          75000         3823.76 
          75400          3811.2 
          75800         3733.59 
          76200         3657.68 
          76600         3583.63 
          77000         3511.35 
          77400         3441.02 
          77800         3356.12 
          78200         3305.48 
          78600          3240.1 
          79000         3176.39 
          79400         3114.18 
          79800         3053.36 
          80200         2993.97 
          80600          2936.2 
          81000         2880.11 
          81400         2809.01 
          81800         2769.89 
          82200         2718.75 
          82600         2667.52 
          83000         2617.37 
          83400         2567.84 
          83800         2519.89 
          84200         2473.85 
          84600         2428.61 
          85000         2384.12 
          85400         2340.61 
          85800          2297.7 
          86200         2256.44 
          86600         2201.79 
          87000         2175.97 
          87400         2129.56 
          87800         2092.02 
          88200         2062.19 
          88600         2024.56 
          89000         1990.38 
          89400         1955.78 
          89800         1921.58 
          90200         1888.46 
          90600         1854.47 
          91000         1824.01 
          91400         1792.88 
          91800         1762.58 
          92200         1732.74 
          92600         1701.11 
          93000         1674.92 
          93400         1646.83 
          93800         1608.62 
          94200         1592.32 
          94600         1566.21 
          95000         1539.69 
          95400         1512.85 
          95800         1490.56 
          96200         1466.22 
          96600          1442.6 
          97000         1419.36 
          97400         1396.36 
          97800         1374.13 
          98200         1352.14 
          98600         1327.55 
          99000         1309.85 
          99400         1289.15 
          99800         1268.89 
         100200          1249.1 
         200000         80.9386 
         400000         5.08022 
         600000        0.998651 
         800000        0.314188 
         1.0e+6        0.128002 
         1.2e+6       0.0614281 
         1.4e+6       0.0330119 
         1.6e+6       0.0192736 
