# Kurucz ODFNEW /NOVER models
# teff = 4250 K (value for the effective temperature for the model. Temperatures are given in K)
# logg = 5.00 log(cm/s2) (value for Log(G) for the model.)
# meta = -0.5  (value for the Metallicity for the model.)
# lh = 1.25  (l/Hp where l is the  mixing length of the convective element and Hp is the pressure scale height)
# vtur = 2.0 km/s (Microturbulence velocity)
#
# column 1: WAVELENGTH (ANGSTROM), Wavelength in Angstrom
# column 2: FLUX (ERG/CM2/S/A), Flux in erg/cm2/s/A
              0               0 
           90.9               0 
           93.5               0 
           96.1               0 
           97.7               0 
           99.6               0 
            102               0 
          103.8               0 
          105.6               0 
          107.7               0 
          110.4               0 
            114               0 
          117.8               0 
          121.3               0 
          124.8               0 
          127.1               0 
          128.4               0 
          130.5               0 
          132.4               0 
          133.9               0 
          136.6               0 
          139.8               0 
          143.3               0 
          147.2               0 
            151               0 
          155.2               0 
          158.8               0 
            162               0 
            166               0 
          170.3               0 
          173.4               0 
          176.8               0 
          180.2               0 
          181.7               0 
          186.1               0 
            191               0 
          193.9               0 
          198.4               0 
          201.8               0 
            205               0 
          210.5               0 
          216.2               0 
          219.8               0 
            223               0 
          226.8               0 
            230               0 
            234               0 
            240               0 
          246.5               0 
          252.4               0 
          256.8               0 
            260               0 
            264               0 
          268.5               0 
          273.5               0 
          278.5               0 
            284               0 
            290               0 
            296               0 
            301               0 
            308               0 
            318               0 
            328               0 
            338               0 
            348               0 
            357               0 
            366               0 
            375               0 
            385               0 
            395               0 
            405               0 
            414               0 
            422               0 
            430               0 
            441               0 
            451               0 
            460               0 
            470               0 
            480               0 
            490               0 
            500               0 
            506               0 
            512               0 
            520               0 
            530               0 
            540               0 
            550               0 
            560               0 
            570               0 
            580               0 
            590               0 
            600               0 
            610               0 
            620               0 
            630               0 
            640               0 
            650     4.97356e-25 
            658     1.20268e-24 
            665      2.5562e-24 
            675     7.29467e-24 
            685      2.0153e-23 
            695     5.39656e-23 
            705     1.40187e-22 
            716     3.88234e-22 
            726     9.51982e-22 
            735      2.0874e-21 
            745     4.87807e-21 
            755     1.11296e-20 
            765      2.4816e-20 
            775     5.41086e-20 
            785     1.15521e-19 
            795     2.41116e-19 
            805     4.95125e-19 
            815     9.96864e-19 
            825     1.97004e-18 
            835      3.8258e-18 
            845      7.3001e-18 
            855     1.36752e-17 
            865     2.52071e-17 
            875     4.57321e-17 
            885     8.17216e-17 
            895     1.44268e-16 
            905     2.50028e-16 
            915     3.51435e-12 
            925     2.36894e-11 
            935     3.70136e-11 
            945     5.56601e-11 
            955     5.20428e-11 
            965      1.2847e-10 
            975     8.29847e-11 
            985     2.08229e-10 
            995     3.42501e-10 
           1005     3.42963e-10 
           1015     4.72272e-10 
           1025     5.99792e-10 
           1035      1.41295e-9 
           1045      1.86639e-9 
           1055       2.1662e-9 
           1065       5.4409e-9 
           1075      6.87397e-9 
           1085      1.51169e-8 
           1095      2.15948e-8 
           1105      2.61586e-8 
           1115      3.61481e-8 
           1125      8.38636e-8 
           1135      1.38284e-7 
           1145      2.19048e-7 
           1155      3.07506e-7 
           1165      3.51132e-7 
           1175      5.69968e-7 
           1185      6.43879e-7 
           1195      6.04921e-7 
           1205      4.26071e-7 
           1215      1.30327e-7 
           1225      6.88653e-7 
           1235      2.38592e-6 
           1245      4.30901e-6 
           1255      6.42584e-6 
           1265      9.24908e-6 
           1275      1.23467e-5 
           1285      1.49668e-5 
           1295      1.77804e-5 
           1305      2.58376e-5 
           1315      3.08447e-5 
           1325      3.65051e-5 
           1335      4.15704e-5 
           1345      5.41659e-5 
           1355      7.17152e-5 
           1365      8.15079e-5 
           1375       9.2918e-5 
           1385     0.000110131 
           1395     0.000128679 
           1405     0.000174151 
           1415     0.000224282 
           1425     0.000255356 
           1435     0.000336478 
           1442     0.000476346 
           1447     0.000412137 
           1455     0.000502575 
           1465      0.00066997 
           1475     0.000676119 
           1485     0.000849564 
           1495      0.00124244 
           1505      0.00169219 
           1512      0.00117961 
           1517      0.00173117 
           1525      0.00264013 
           1535      0.00711929 
           1545      0.00562201 
           1555      0.00962133 
           1565      0.00891487 
           1575       0.0163533 
           1585       0.0172948 
           1595       0.0174606 
           1605       0.0184341 
           1615        0.019872 
           1625       0.0199392 
           1635       0.0262618 
           1645       0.0359868 
           1655       0.0290887 
           1665       0.0466405 
           1672       0.0378281 
           1677       0.0598332 
           1685       0.0803902 
           1695        0.109202 
           1705        0.117464 
           1715        0.127342 
           1725        0.174829 
           1735        0.196974 
           1745        0.276959 
           1755        0.283267 
           1765        0.341596 
           1775        0.322478 
           1785        0.584943 
           1795        0.488869 
           1805        0.809512 
           1815         0.60761 
           1825        0.924944 
           1835        0.855212 
           1845         1.15807 
           1855        0.962085 
           1865         1.55145 
           1875         1.47525 
           1885         1.83052 
           1895         2.27516 
           1905          2.3431 
           1915         3.25362 
           1925         2.85179 
           1935         2.09594 
           1945         3.83857 
           1955         5.21555 
           1967         5.68802 
           1976         6.38591 
           1984         7.90001 
           1995         7.21774 
           2005         8.36646 
           2015         9.49104 
           2025         8.68067 
           2035         10.9829 
           2045         11.6144 
           2055         13.4696 
           2065         12.9852 
           2074         12.0845 
           2078         15.7581 
           2085         18.2263 
           2095          23.959 
           2105         25.8336 
           2115         26.6772 
           2125         29.6629 
           2135         36.5951 
           2145         29.7362 
           2155         35.0679 
           2165         34.2882 
           2175         36.8304 
           2185         35.2202 
           2195         54.2846 
           2205         46.6858 
           2215         53.6919 
           2225         49.4589 
           2235         77.6429 
           2245         86.9464 
           2255         101.002 
           2265         60.1561 
           2275         102.589 
           2285         105.712 
           2295         155.226 
           2305         71.6657 
           2315         197.271 
           2325         160.181 
           2335         242.025 
           2345         156.405 
           2355         140.278 
           2365         179.662 
           2375         175.187 
           2385         284.994 
           2395         270.219 
           2405         469.049 
           2415         287.995 
           2425         356.273 
           2435         507.839 
           2445         699.134 
           2455         811.715 
           2465          512.84 
           2475         814.824 
           2485         358.879 
           2495         391.034 
           2505          709.09 
           2513         524.712 
           2518         535.327 
           2525         626.935 
           2535         1292.54 
           2545         1557.75 
           2555         2042.69 
           2565         1157.12 
           2575         1821.94 
           2585         1444.24 
           2595         1738.13 
           2605         2363.13 
           2615         2000.44 
           2625          3278.5 
           2635         6110.07 
           2645         4997.75 
           2655         7914.58 
           2665         6003.52 
           2675         4624.45 
           2685         6830.98 
           2695         3881.62 
           2705         7054.72 
           2715         5463.99 
           2725         4244.04 
           2735         4803.93 
           2745         6155.16 
           2755         6298.19 
           2765         9041.74 
           2775         10715.9 
           2785         6615.43 
           2795         6770.69 
           2805         7027.05 
           2815         7625.19 
           2825          7429.7 
           2835         6004.93 
           2845         4426.35 
           2855         2497.06 
           2865         6246.54 
           2875         7694.92 
           2885         11173.1 
           2895         14312.7 
           2910         19491.2 
           2930         23525.2 
           2950         21093.9 
           2970         20765.5 
           2990           22974 
           3010         22521.2 
           3030         28678.4 
           3050         32799.4 
           3070         38914.3 
           3090         31460.2 
           3110         56462.3 
           3130         55000.8 
           3150         73709.7 
           3170          103153 
           3190         85300.2 
           3210           94836 
           3230         91394.1 
           3250          146088 
           3270          201558 
           3290          216559 
           3310          171869 
           3330          168852 
           3350          147899 
           3370         86193.9 
           3390          119269 
           3410          134903 
           3430          163835 
           3450          140266 
           3470          144245 
           3490          198023 
           3510          252034 
           3530          243055 
           3550          343892 
           3570          163197 
           3590          150437 
           3610          214783 
           3630          260794 
           3640          291356 
           3650          333423 
           3670          424506 
           3690          334865 
           3710          266591 
           3730          122627 
           3750          156358 
           3770          340127 
           3790          375520 
           3810          339383 
           3830          155429 
           3850          256220 
           3870          248100 
           3890          266886 
           3910          360096 
           3930          143998 
           3950          287332 
           3970          205036 
           3990          560786 
           4010          700132 
           4030          568751 
           4050          615009 
           4070          557560 
           4090          751316 
           4110          535408 
           4130          610872 
           4150          555521 
           4170          587989 
           4190          606528 
           4210          550086 
           4230          369131 
           4250          580827 
           4270          561185 
           4290          551480 
           4310          586853 
           4330          810711 
           4350          865249 
           4370          905067 
           4390          780159 
           4410          814572 
           4430          888954 
           4450          910641 
           4470       1.0281e+6 
           4490      1.07078e+6 
           4510      1.21775e+6 
           4530      1.00879e+6 
           4550      1.13768e+6 
           4570      1.20655e+6 
           4590      1.17035e+6 
           4610       1.2045e+6 
           4630      1.23733e+6 
           4650      1.17808e+6 
           4670      1.28274e+6 
           4690      1.24788e+6 
           4710      1.18703e+6 
           4730       1.1948e+6 
           4750      1.17116e+6 
           4770      1.07085e+6 
           4790      1.11825e+6 
           4810      1.28079e+6 
           4830      1.25882e+6 
           4850      1.31231e+6 
           4870       1.2453e+6 
           4890      1.26943e+6 
           4910      1.29075e+6 
           4930      1.19999e+6 
           4950      1.19716e+6 
           4970      1.17709e+6 
           4990      1.05369e+6 
           5010          944673 
           5030      1.00363e+6 
           5050          928541 
           5070          896754 
           5090          863111 
           5110          851348 
           5130          818182 
           5150          756400 
           5170          709870 
           5190          807011 
           5210          922476 
           5230      1.33725e+6 
           5250      1.43831e+6 
           5270       1.1925e+6 
           5290      1.44356e+6 
           5310      1.55015e+6 
           5330      1.36177e+6 
           5350      1.46691e+6 
           5370      1.46057e+6 
           5390      1.44392e+6 
           5410      1.41293e+6 
           5430      1.41493e+6 
           5450      1.42714e+6 
           5470      1.49983e+6 
           5490      1.52242e+6 
           5510      1.46771e+6 
           5530      1.56552e+6 
           5550      1.59486e+6 
           5570      1.54238e+6 
           5590      1.44299e+6 
           5610      1.53842e+6 
           5630      1.61808e+6 
           5650      1.65798e+6 
           5670       1.6224e+6 
           5690      1.63242e+6 
           5710      1.58923e+6 
           5730      1.67925e+6 
           5750       1.6857e+6 
           5770      1.69203e+6 
           5790      1.64597e+6 
           5810      1.68957e+6 
           5830      1.71579e+6 
           5850      1.66368e+6 
           5870      1.64263e+6 
           5890       1.0019e+6 
           5910      1.56978e+6 
           5930      1.67009e+6 
           5950      1.68229e+6 
           5970      1.70243e+6 
           5990      1.70421e+6 
           6010      1.69111e+6 
           6030      1.71151e+6 
           6050      1.72986e+6 
           6070       1.7152e+6 
           6090      1.69725e+6 
           6110      1.68566e+6 
           6130      1.59086e+6 
           6150      1.68631e+6 
           6170      1.50766e+6 
           6190      1.69241e+6 
           6210      1.68338e+6 
           6230      1.65735e+6 
           6250      1.61609e+6 
           6270      1.66454e+6 
           6290      1.69425e+6 
           6310      1.67369e+6 
           6330      1.69143e+6 
           6350      1.71555e+6 
           6370      1.71287e+6 
           6390      1.71545e+6 
           6410      1.68697e+6 
           6430      1.68078e+6 
           6450      1.63334e+6 
           6470      1.63909e+6 
           6490      1.63679e+6 
           6510      1.69768e+6 
           6530      1.73262e+6 
           6550      1.70458e+6 
           6570      1.69117e+6 
           6590      1.71024e+6 
           6610      1.71974e+6 
           6630      1.72532e+6 
           6650      1.71904e+6 
           6670      1.69876e+6 
           6690      1.71303e+6 
           6710      1.68375e+6 
           6730      1.71152e+6 
           6750      1.68974e+6 
           6770      1.70829e+6 
           6790      1.70143e+6 
           6810      1.70177e+6 
           6830      1.71483e+6 
           6850      1.70178e+6 
           6870      1.69939e+6 
           6890      1.70612e+6 
           6910      1.70746e+6 
           6930      1.70061e+6 
           6950      1.69707e+6 
           6970      1.70983e+6 
           6990      1.69197e+6 
           7010      1.69475e+6 
           7030      1.69952e+6 
           7050      1.69975e+6 
           7070      1.67673e+6 
           7090      1.66713e+6 
           7110      1.67126e+6 
           7130      1.64848e+6 
           7150      1.60655e+6 
           7170      1.65791e+6 
           7190      1.63828e+6 
           7210      1.62348e+6 
           7230      1.66943e+6 
           7250      1.65321e+6 
           7270      1.67185e+6 
           7290      1.66602e+6 
           7310      1.66672e+6 
           7330      1.64003e+6 
           7350      1.64486e+6 
           7370      1.66251e+6 
           7390      1.65318e+6 
           7410      1.63891e+6 
           7430      1.65187e+6 
           7450      1.64424e+6 
           7470        1.648e+6 
           7490      1.64418e+6 
           7510      1.64552e+6 
           7530      1.65314e+6 
           7550      1.65186e+6 
           7570      1.64814e+6 
           7590       1.6394e+6 
           7610      1.63866e+6 
           7630      1.64011e+6 
           7650      1.63522e+6 
           7670      1.56484e+6 
           7690      1.62335e+6 
           7710      1.58559e+6 
           7730      1.61989e+6 
           7750      1.60314e+6 
           7770      1.62298e+6 
           7790      1.61633e+6 
           7810       1.6172e+6 
           7830      1.60035e+6 
           7850       1.6026e+6 
           7870      1.61265e+6 
           7890      1.60739e+6 
           7910      1.59584e+6 
           7930       1.5857e+6 
           7950      1.57243e+6 
           7970      1.59687e+6 
           7990      1.58871e+6 
           8010      1.58049e+6 
           8030      1.58203e+6 
           8050      1.56982e+6 
           8070      1.57304e+6 
           8090      1.56568e+6 
           8110      1.56954e+6 
           8130      1.57259e+6 
           8150      1.56959e+6 
           8170      1.56395e+6 
           8190      1.47696e+6 
           8210      1.53824e+6 
           8230      1.53934e+6 
           8250      1.54478e+6 
           8270      1.55093e+6 
           8290      1.54498e+6 
           8310      1.53177e+6 
           8330      1.49484e+6 
           8350      1.52437e+6 
           8370      1.51629e+6 
           8390      1.44271e+6 
           8410      1.50946e+6 
           8430      1.46149e+6 
           8450      1.50908e+6 
           8470      1.49057e+6 
           8490      1.48507e+6 
           8510      1.42691e+6 
           8530      1.47242e+6 
           8550      1.30728e+6 
           8570      1.49482e+6 
           8590       1.4872e+6 
           8610      1.48081e+6 
           8630      1.48285e+6 
           8650      1.47203e+6 
           8670      1.30266e+6 
           8690      1.40997e+6 
           8710      1.47084e+6 
           8730      1.46648e+6 
           8750      1.46195e+6 
           8770      1.45583e+6 
           8790      1.45935e+6 
           8810      1.41176e+6 
           8830       1.4218e+6 
           8850      1.44516e+6 
           8870       1.4352e+6 
           8890      1.44649e+6 
           8910      1.44399e+6 
           8930      1.43379e+6 
           8950      1.42335e+6 
           8970      1.42642e+6 
           8990      1.42712e+6 
           9010      1.38325e+6 
           9030      1.41335e+6 
           9050      1.42238e+6 
           9070      1.41854e+6 
           9090      1.38928e+6 
           9110      1.39635e+6 
           9130      1.40231e+6 
           9150      1.39812e+6 
           9170      1.39274e+6 
           9190      1.39271e+6 
           9210      1.38089e+6 
           9230      1.38367e+6 
           9250      1.36827e+6 
           9270      1.37298e+6 
           9290      1.36507e+6 
           9310      1.37303e+6 
           9330      1.36957e+6 
           9350      1.36359e+6 
           9370      1.35289e+6 
           9390      1.35837e+6 
           9410      1.34001e+6 
           9430      1.34983e+6 
           9450      1.33438e+6 
           9470      1.34509e+6 
           9490      1.34315e+6 
           9510      1.33959e+6 
           9530      1.33406e+6 
           9550      1.31852e+6 
           9570       1.3212e+6 
           9590      1.32766e+6 
           9610      1.31063e+6 
           9630      1.31706e+6 
           9650       1.2773e+6 
           9670      1.28378e+6 
           9690      1.29955e+6 
           9710      1.28829e+6 
           9730      1.27858e+6 
           9750      1.28099e+6 
           9770      1.28554e+6 
           9790      1.25895e+6 
           9810      1.29038e+6 
           9830      1.28222e+6 
           9850      1.28544e+6 
           9870      1.27946e+6 
           9890       1.2766e+6 
           9910      1.27383e+6 
           9930      1.27169e+6 
           9950      1.26848e+6 
           9970      1.26575e+6 
           9990      1.26314e+6 
          10025      1.25516e+6 
          10075       1.2463e+6 
          10125      1.23964e+6 
          10175      1.22993e+6 
          10225      1.22203e+6 
          10275       1.2173e+6 
          10325      1.19929e+6 
          10375      1.19416e+6 
          10425      1.19341e+6 
          10475      1.18016e+6 
          10525      1.17802e+6 
          10575      1.16478e+6 
          10625      1.16002e+6 
          10675      1.14703e+6 
          10725      1.14278e+6 
          10775      1.13349e+6 
          10825      1.11552e+6 
          10875      1.11743e+6 
          10925      1.11445e+6 
          10975      1.09735e+6 
          11025      1.09327e+6 
          11075      1.08975e+6 
          11125      1.08104e+6 
          11175      1.07371e+6 
          11225      1.07006e+6 
          11275      1.05131e+6 
          11325      1.05389e+6 
          11375      1.03783e+6 
          11425      1.02423e+6 
          11475      1.03644e+6 
          11525      1.03289e+6 
          11575      1.02168e+6 
          11625      1.00223e+6 
          11675       1.0045e+6 
          11725      1.00839e+6 
          11775          989900 
          11825          977614 
          11875          969799 
          11925          983673 
          11975          948205 
          12025          964645 
          12075          952201 
          12125          957666 
          12175          954644 
          12225          948690 
          12275          941129 
          12325          936953 
          12375          931809 
          12425          923960 
          12475          921190 
          12525          913204 
          12575          910362 
          12625          903994 
          12675          896314 
          12725          894611 
          12775          890393 
          12825          873337 
          12875          877001 
          12925          866688 
          12975          869440 
          13025          864134 
          13075          861085 
          13125          838115 
          13175          839839 
          13225          846488 
          13275          836103 
          13325          829076 
          13375          825901 
          13425          822124 
          13475          819893 
          13525          814623 
          13575          807857 
          13625          800479 
          13675          803801 
          13725          801996 
          13775          797097 
          13825          794318 
          13875          784650 
          13925          772478 
          13975          774175 
          14025          768953 
          14075          770554 
          14125          762012 
          14175          762327 
          14225          754557 
          14275          738650 
          14325          751457 
          14375          749886 
          14425          739537 
          14475          745350 
          14525          735637 
          14570          732165 
          14620          727255 
          14675          724490 
          14725          721852 
          14775          719376 
          14825          719142 
          14875          693441 
          14925          719703 
          14975          716516 
          15025          664127 
          15075          691243 
          15125          708470 
          15175          707456 
          15225          704197 
          15275          698756 
          15325          701502 
          15375          697761 
          15425          693258 
          15475          700978 
          15525          690251 
          15575          689181 
          15625          691828 
          15675          685811 
          15725          675393 
          15775          646245 
          15825          676632 
          15875          662107 
          15925          673939 
          15975          673373 
          16050          669026 
          16150          658224 
          16250          653272 
          16350          648859 
          16450          638348 
          16550          633078 
          16650          620277 
          16750          597411 
          16850          596032 
          16950          588406 
          17050          572400 
          17150          551552 
          17250          549292 
          17350          537144 
          17450          527988 
          17550          517511 
          17650          507794 
          17750          496252 
          17850          486605 
          17950          478661 
          18050          465440 
          18150          459366 
          18250          448283 
          18350          441405 
          18450          425058 
          18550          421649 
          18650          414367 
          18750          404675 
          18850          401632 
          18950          389275 
          19050          389757 
          19150          382727 
          19250          377217 
          19350          364964 
          19450          356651 
          19550          355044 
          19650          351303 
          19750          335825 
          19850          332824 
          19950          329163 
          20050          328935 
          20150          323275 
          20250          316305 
          20350          311574 
          20450          307860 
          20550          302623 
          20650          294707 
          20750          293116 
          20850          287980 
          20950          282156 
          21050          279320 
          21150          274276 
          21250          271509 
          21350          267707 
          21450          264095 
          21550          260327 
          21650          256497 
          21750          251564 
          21850          248367 
          21950          245272 
          22050          237079 
          22150          238797 
          22250          233216 
          22350          230636 
          22450          227607 
          22550          224637 
          22650          219596 
          22750          218084 
          22850          213279 
          22950          202870 
          23050          204063 
          23150          201706 
          23250          190260 
          23350          190645 
          23450          191639 
          23550          180641 
          23650          183690 
          23750          182233 
          23850          172463 
          23950          174533 
          24050          172296 
          24150          165065 
          24250          164629 
          24350          162434 
          24450          157220 
          24550          153767 
          24650          152826 
          24750          149170 
          24850          143793 
          24950          144694 
          25050          142671 
          25150          138286 
          25250          135574 
          25350          134841 
          25450          133376 
          25550          132444 
          25650          129123 
          25750          129786 
          25850          127493 
          25950          126826 
          26050          125793 
          26150          126122 
          26250          123107 
          26350          122299 
          26450          120638 
          26550          118572 
          26650          117116 
          26750          115468 
          26850          114139 
          26950          111260 
          27050          110295 
          27150          107992 
          27250          105973 
          27350          105169 
          27450          104764 
          27550          101846 
          27650          101037 
          27750          100398 
          27850         97973.4 
          27950         98030.6 
          28050         93325.1 
          28150         94027.8 
          28250         92999.8 
          28350           91112 
          28450         91906.2 
          28550         88416.6 
          28650         89301.3 
          28750         87295.4 
          28850           85958 
          28950         85688.8 
          29050         82689.4 
          29150           84659 
          29250         79290.3 
          29350         82323.9 
          29450         77487.4 
          29550         79927.7 
          29650         76128.4 
          29750         77932.8 
          29850         74574.6 
          29950         76580.5 
          30050         72525.5 
          30150         74979.6 
          30250         71685.2 
          30350         72673.6 
          30450         69742.8 
          30550         70760.3 
          30650         69890.3 
          30750         68591.9 
          30850         67874.8 
          30950         66453.8 
          31050         67472.2 
          31150         65261.5 
          31250         65951.6 
          31350         63580.3 
          31450         64060.3 
          31550         63227.1 
          31650         63272.1 
          31750         61850.2 
          31850         61477.2 
          31950           60809 
          32100         60494.2 
          32300         58624.4 
          32500         58115.4 
          32700         56871.2 
          32900         55318.6 
          33100         54872.2 
          33300         53321.7 
          33500         52569.5 
          33700         51894.1 
          33900           50110 
          34100         49686.1 
          34300         49111.4 
          34500         47299.8 
          34700         47053.3 
          34900         46184.5 
          35100         44919.7 
          35300         44037.4 
          35500         43581.4 
          35700         42302.2 
          35900         41542.8 
          36100           41136 
          36300         40003.4 
          36500         39331.6 
          36700         38540.4 
          36900         37835.9 
          37100         36950.3 
          37300         36330.3 
          37500         35874.1 
          37700         34890.1 
          37900         34536.1 
          38100         33668.2 
          38300         33119.9 
          38500           32469 
          38700         31940.8 
          38900         31219.8 
          39100         30716.4 
          39300         30121.6 
          39500         29660.4 
          39700         29082.6 
          39900         28242.8 
          40100         27992.2 
          40300         27441.3 
          40500         26826.4 
          40700         26251.9 
          40900         25937.2 
          41100         25402.2 
          41300         24993.3 
          41500           24543 
          41700         24002.6 
          41900         23636.7 
          42100         23066.2 
          42300         22890.7 
          42500           22390 
          42700         22017.5 
          42900           21172 
          43100         20181.8 
          43300           20076 
          43500         19189.6 
          43700         18583.1 
          43900         18267.2 
          44100         17576.9 
          44300           17221 
          44500         16928.9 
          44700         16375.9 
          44900         16225.7 
          45100         15787.8 
          45300         15461.8 
          45500         15314.3 
          45700         15171.2 
          45900           14726 
          46100         14658.2 
          46300         14396.4 
          46500           14361 
          46700         14213.3 
          46900         13949.7 
          47100         13770.4 
          47300         13740.2 
          47500           13392 
          47700         13191.8 
          47900         13090.6 
          48100         12721.3 
          48300           12761 
          48500         12508.6 
          48700         12225.8 
          48900           12040 
          49100         11992.1 
          49300         11675.8 
          49500         11534.5 
          49700         11382.5 
          49900         11258.6 
          50100         10957.1 
          50300         10892.5 
          50500         10671.8 
          50700         10587.3 
          50900         10424.3 
          51100         10278.7 
          51300         10160.3 
          51500         10017.9 
          51700         9872.62 
          51900         9727.46 
          52100         9631.55 
          52300         9464.63 
          52500         9329.24 
          52700         9297.37 
          52900         9037.63 
          53100         9017.52 
          53300         8820.67 
          53500         8778.28 
          53700         8620.38 
          53900         8590.37 
          54100         8440.36 
          54300         8209.64 
          54500         8233.98 
          54700         8120.48 
          54900         8032.79 
          55100         7916.53 
          55300         7882.89 
          55500         7675.14 
          55700         7633.35 
          55900          7575.1 
          56100         7440.73 
          56300         7335.08 
          56500          7293.5 
          56700         7191.15 
          56900         7060.53 
          57100         7036.01 
          57300         6894.03 
          57500         6905.63 
          57700         6760.41 
          57900         6690.53 
          58100         6639.53 
          58300         6510.35 
          58500         6466.04 
          58700         6386.18 
          58900         6317.17 
          59100         6236.19 
          59300          6179.5 
          59500         6101.53 
          59700         6019.71 
          59900         5976.42 
          60100         5927.86 
          60300         5807.37 
          60500         5723.64 
          60700         5696.84 
          60900         5636.52 
          61100         5534.98 
          61300          5528.8 
          61500         5426.87 
          61700         5379.57 
          61900         5317.42 
          62100         5251.97 
          62300         5207.25 
          62500         5120.07 
          62700         5057.92 
          62900         5016.97 
          63100         4944.33 
          63300         4900.74 
          63500         4810.77 
          63700         4779.59 
          63900          4704.7 
          64200         4602.41 
          64600         4421.01 
          65000         4290.63 
          65400         4183.69 
          65800          4031.1 
          66200         3920.45 
          66600         3860.01 
          67000         3751.18 
          67400          3687.9 
          67800         3574.04 
          68200         3478.19 
          68600         3448.81 
          69000         3363.91 
          69400         3276.52 
          69800          3243.3 
          70200         3139.64 
          70600         3082.71 
          71000          3019.3 
          71400         2965.17 
          71800         2913.88 
          72200         2825.02 
          72600         2773.25 
          73000         2739.62 
          73400         2661.94 
          73800         2623.55 
          74200         2554.21 
          74600         2514.17 
          75000          2468.4 
          75400         2415.18 
          75800         2344.65 
          76200         2297.19 
          76600         2250.86 
          77000         2214.89 
          77400         2144.01 
          77800         2115.17 
          78200         2065.56 
          78600         2023.92 
          79000         1970.03 
          79400         1950.05 
          79800         1894.47 
          80200         1872.69 
          80600         1831.01 
          81000         1791.72 
          81400         1765.63 
          81800         1736.63 
          82200         1697.25 
          82600          1681.9 
          83000         1642.38 
          83400         1606.89 
          83800         1572.28 
          84200         1565.08 
          84600            1529 
          85000         1493.21 
          85400         1477.08 
          85800         1450.09 
          86200         1428.35 
          86600         1401.97 
          87000         1384.23 
          87400         1350.04 
          87800         1330.14 
          88200          1307.3 
          88600         1286.55 
          89000         1268.74 
          89400         1247.32 
          89800         1223.25 
          90200         1208.86 
          90600         1188.84 
          91000            1167 
          91400         1147.11 
          91800         1129.76 
          92200         1112.13 
          92600         1091.47 
          93000         1077.97 
          93400         1058.52 
          93800         1040.99 
          94200         1023.25 
          94600         1003.25 
          95000         990.727 
          95400         981.775 
          95800         956.353 
          96200         943.816 
          96600         926.086 
          97000         914.178 
          97400         901.365 
          97800         884.436 
          98200         872.126 
          98600         859.445 
          99000         832.335 
          99400          828.89 
          99800         815.603 
         100200         803.063 
         200000         53.3403 
         400000         3.37575 
         600000        0.666897 
         800000        0.210551 
         1.0e+6       0.0859736 
         1.2e+6       0.0413174 
         1.4e+6       0.0222309 
         1.6e+6       0.0129897 
