# Kurucz ODFNEW /NOVER models
# teff = 6500 K (value for the effective temperature for the model. Temperatures are given in K)
# logg = 0.50 log(cm/s2) (value for Log(G) for the model.)
# meta = -0.5  (value for the Metallicity for the model.)
# lh = 1.25  (l/Hp where l is the  mixing length of the convective element and Hp is the pressure scale height)
# vtur = 2.0 km/s (Microturbulence velocity)
#
# column 1: WAVELENGTH (ANGSTROM), Wavelength in Angstrom
# column 2: FLUX (ERG/CM2/S/A), Flux in erg/cm2/s/A
              0               0 
           90.9               0 
           93.5               0 
           96.1               0 
           97.7               0 
           99.6               0 
            102               0 
          103.8               0 
          105.6               0 
          107.7               0 
          110.4               0 
            114               0 
          117.8               0 
          121.3               0 
          124.8               0 
          127.1               0 
          128.4               0 
          130.5               0 
          132.4               0 
          133.9               0 
          136.6               0 
          139.8               0 
          143.3               0 
          147.2               0 
            151               0 
          155.2               0 
          158.8               0 
            162               0 
            166               0 
          170.3               0 
          173.4               0 
          176.8               0 
          180.2               0 
          181.7               0 
          186.1               0 
            191               0 
          193.9               0 
          198.4               0 
          201.8               0 
            205               0 
          210.5               0 
          216.2               0 
          219.8               0 
            223               0 
          226.8               0 
            230               0 
            234               0 
            240               0 
          246.5               0 
          252.4               0 
          256.8               0 
            260               0 
            264               0 
          268.5               0 
          273.5               0 
          278.5               0 
            284               0 
            290               0 
            296               0 
            301               0 
            308               0 
            318               0 
            328               0 
            338               0 
            348               0 
            357               0 
            366               0 
            375               0 
            385               0 
            395               0 
            405               0 
            414               0 
            422               0 
            430     1.23589e-24 
            441     8.00566e-24 
            451     4.02324e-23 
            460      1.6149e-22 
            470     7.08302e-22 
            480     2.90936e-21 
            490     1.12456e-20 
            500     4.10032e-20 
            506     1.15344e-19 
            512     2.69459e-19 
            520     6.92772e-19 
            530     2.17495e-18 
            540     6.42224e-18 
            550     1.84193e-17 
            560     5.04284e-17 
            570     1.32894e-16 
            580     3.34086e-16 
            590     8.29652e-16 
            600     1.97271e-15 
            610     4.54992e-15 
            620     1.01876e-14 
            630     2.21871e-14 
            640     4.70767e-14 
            650     9.74239e-14 
            658     1.71309e-13 
            665     2.77191e-13 
            675     5.41275e-13 
            685     1.03443e-12 
            695     1.93714e-12 
            705       3.552e-12 
            716     6.79033e-12 
            726     1.19979e-11 
            735     1.97373e-11 
            745     3.37875e-11 
            755     5.69381e-11 
            765     9.45198e-11 
            775     1.54644e-10 
            785     2.49548e-10 
            795     3.95528e-10 
            805     6.23382e-10 
            815      9.6856e-10 
            825      1.48561e-9 
            835       2.2529e-9 
            845       3.3789e-9 
            855      5.01373e-9 
            865      7.36368e-9 
            875      1.06963e-8 
            885      1.54227e-8 
            895      2.20115e-8 
            905      3.10759e-8 
            915      4.93488e-5 
            925     0.000148588 
            935     0.000212044 
            945     0.000302649 
            955     0.000441118 
            965     0.000615894 
            975      0.00083151 
            985      0.00115175 
            995      0.00154349 
           1005      0.00215257 
           1015      0.00288158 
           1025      0.00375106 
           1035      0.00507968 
           1045      0.00674821 
           1055      0.00885992 
           1065       0.0114132 
           1075       0.0148876 
           1085       0.0192653 
           1095       0.0244662 
           1105       0.0571749 
           1115         0.18021 
           1125        0.267037 
           1135        0.375787 
           1145         0.47908 
           1155         0.52038 
           1165         0.67903 
           1175        0.730552 
           1185         0.93969 
           1195        0.390258 
           1205        0.349429 
           1215        0.222862 
           1225        0.476391 
           1235        0.979947 
           1245         1.89337 
           1255         4.03943 
           1265         5.17415 
           1275         9.26215 
           1285         15.5805 
           1295         22.6686 
           1305         20.5469 
           1315         37.5853 
           1325         50.5969 
           1335         62.1824 
           1345         86.0281 
           1355         97.1154 
           1365         117.146 
           1375         136.875 
           1385         163.678 
           1395         201.895 
           1405         238.727 
           1415         259.128 
           1425         307.209 
           1435         326.324 
           1442         395.723 
           1447         428.709 
           1455         495.938 
           1465          522.91 
           1475         608.189 
           1485         704.389 
           1495          839.35 
           1505         953.709 
           1512         984.036 
           1517         1088.98 
           1525            1186 
           1535         1764.52 
           1545         2650.18 
           1555         2743.34 
           1565         2527.66 
           1575         3754.66 
           1585         4391.09 
           1595         5786.98 
           1605          5708.8 
           1615         5656.66 
           1625         5576.29 
           1635          6664.6 
           1645         8098.65 
           1655         4888.66 
           1665         8557.01 
           1672         4837.45 
           1677         10428.8 
           1685         16738.6 
           1695         24949.5 
           1705         24679.7 
           1715         46266.1 
           1725         68693.5 
           1735         97599.5 
           1745         72012.5 
           1755          115856 
           1765         97985.1 
           1775          136804 
           1785          111504 
           1795          211351 
           1805          132699 
           1815          182657 
           1825          144318 
           1835          161322 
           1845          161515 
           1855          211508 
           1865          264236 
           1875          246326 
           1885          280574 
           1895          330275 
           1905          297884 
           1915          316992 
           1925          274362 
           1935          162687 
           1945          407379 
           1955          449914 
           1967          529913 
           1976          520602 
           1984          518659 
           1995          533742 
           2005          507702 
           2015          459483 
           2025          422782 
           2035          579175 
           2045          664877 
           2055          547481 
           2065          511395 
           2074          762879 
           2078          917815 
           2085          889910 
           2095          857952 
           2105          829271 
           2115          879246 
           2125          859394 
           2135          663552 
           2145          875049 
           2155          941010 
           2165          783484 
           2175          849084 
           2185          929944 
           2195      1.11259e+6 
           2205      1.02209e+6 
           2215          781529 
           2225          777716 
           2235      1.14869e+6 
           2245      1.03047e+6 
           2255          753975 
           2265          717907 
           2275      1.00879e+6 
           2285      1.08072e+6 
           2295       1.0146e+6 
           2305      1.12217e+6 
           2315      1.01732e+6 
           2325          937709 
           2335          481575 
           2345          335303 
           2355          701017 
           2365          335489 
           2375          508457 
           2385          251713 
           2395          355002 
           2405          340169 
           2415          575685 
           2425      1.20554e+6 
           2435      1.20468e+6 
           2445      1.35624e+6 
           2455      1.37371e+6 
           2465      1.29191e+6 
           2475      1.19078e+6 
           2485      1.17572e+6 
           2495       1.1789e+6 
           2505      1.66565e+6 
           2513      1.18051e+6 
           2518      1.31148e+6 
           2525      1.00942e+6 
           2535       1.0265e+6 
           2545      1.10221e+6 
           2555      1.37516e+6 
           2565      1.05445e+6 
           2575      1.25804e+6 
           2585      1.00624e+6 
           2595          836367 
           2605          663300 
           2615          627936 
           2625          874219 
           2635      1.42456e+6 
           2645      2.43792e+6 
           2655      2.60279e+6 
           2665      1.99705e+6 
           2675      2.24402e+6 
           2685      2.27421e+6 
           2695      2.08059e+6 
           2705      2.29116e+6 
           2715      1.79594e+6 
           2725      1.80932e+6 
           2735      1.88355e+6 
           2745          901449 
           2755      1.20305e+6 
           2765      1.53925e+6 
           2775      1.84285e+6 
           2785      1.22895e+6 
           2795          419871 
           2805          538568 
           2815      1.63562e+6 
           2825      2.45498e+6 
           2835      2.48573e+6 
           2845      2.49063e+6 
           2855      2.12486e+6 
           2865      2.71855e+6 
           2875      2.72474e+6 
           2885      2.83158e+6 
           2895      2.71797e+6 
           2910      3.40121e+6 
           2930      3.21623e+6 
           2950      3.15942e+6 
           2970      3.53791e+6 
           2990      3.58582e+6 
           3010      3.85497e+6 
           3030      3.85704e+6 
           3050      3.93747e+6 
           3070      3.91799e+6 
           3090      4.23403e+6 
           3110      4.08704e+6 
           3130      4.06612e+6 
           3150      4.35673e+6 
           3170      4.33344e+6 
           3190      3.97792e+6 
           3210      4.33836e+6 
           3230      3.96631e+6 
           3250      4.42766e+6 
           3270      4.68372e+6 
           3290      4.73483e+6 
           3310      4.94223e+6 
           3330      4.80966e+6 
           3350      4.74904e+6 
           3370       4.6547e+6 
           3390      4.86218e+6 
           3410      5.05867e+6 
           3430       5.2461e+6 
           3450      5.23135e+6 
           3470      5.14054e+6 
           3490      5.12138e+6 
           3510      5.39252e+6 
           3530      5.42411e+6 
           3550      5.77148e+6 
           3570      5.37594e+6 
           3590      5.45331e+6 
           3610      5.53672e+6 
           3630      5.70232e+6 
           3640      5.58345e+6 
           3650      5.91146e+6 
           3670      5.96608e+6 
           3690      6.71889e+6 
           3710      8.86393e+6 
           3730      1.22454e+7 
           3750      1.66102e+7 
           3770      1.74546e+7 
           3790      2.05891e+7 
           3810      2.30277e+7 
           3830      1.88513e+7 
           3850      2.32756e+7 
           3870      2.49063e+7 
           3890      1.83758e+7 
           3910      2.23863e+7 
           3930      1.11868e+7 
           3950      1.93398e+7 
           3970      1.12936e+7 
           3990       2.3133e+7 
           4010      2.47052e+7 
           4030      2.43794e+7 
           4050      2.40795e+7 
           4070      2.35432e+7 
           4090      2.35973e+7 
           4110      1.98179e+7 
           4130      2.37123e+7 
           4150      2.45145e+7 
           4170      2.36365e+7 
           4190      2.36796e+7 
           4210      2.34148e+7 
           4230      2.29707e+7 
           4250       2.3362e+7 
           4270      2.28378e+7 
           4290       2.2781e+7 
           4310      2.13634e+7 
           4330      2.08751e+7 
           4350       1.8586e+7 
           4370      2.28442e+7 
           4390      2.21928e+7 
           4410      2.15852e+7 
           4430      2.16671e+7 
           4450      2.17829e+7 
           4470       2.1794e+7 
           4490      2.18301e+7 
           4510      2.25055e+7 
           4530      2.12535e+7 
           4550      2.09943e+7 
           4570      2.18968e+7 
           4590      2.09321e+7 
           4610      2.17312e+7 
           4630      2.11168e+7 
           4650      2.13415e+7 
           4670      2.13319e+7 
           4690      2.08146e+7 
           4710      2.01372e+7 
           4730       2.0853e+7 
           4750          2.1e+7 
           4770      2.05627e+7 
           4790       2.0462e+7 
           4810      2.03231e+7 
           4830       2.0055e+7 
           4850      1.82083e+7 
           4870      1.52248e+7 
           4890      1.93201e+7 
           4910      1.93756e+7 
           4930      1.88079e+7 
           4950      1.92789e+7 
           4970      1.94032e+7 
           4990      1.84098e+7 
           5010      1.77078e+7 
           5030      1.84055e+7 
           5050      1.82305e+7 
           5070      1.84724e+7 
           5090      1.81399e+7 
           5110      1.80646e+7 
           5130       1.7516e+7 
           5150      1.72836e+7 
           5170      1.69966e+7 
           5190      1.68127e+7 
           5210      1.68254e+7 
           5230      1.68278e+7 
           5250      1.70415e+7 
           5270      1.60117e+7 
           5290      1.67767e+7 
           5310      1.64996e+7 
           5330      1.60485e+7 
           5350      1.65473e+7 
           5370      1.64151e+7 
           5390      1.61729e+7 
           5410       1.5894e+7 
           5430      1.58704e+7 
           5450      1.60852e+7 
           5470      1.58733e+7 
           5490      1.57991e+7 
           5510        1.564e+7 
           5530      1.55874e+7 
           5550      1.56661e+7 
           5570      1.54287e+7 
           5590      1.52679e+7 
           5610       1.5249e+7 
           5630      1.52525e+7 
           5650      1.50208e+7 
           5670      1.47885e+7 
           5690      1.48988e+7 
           5710      1.47553e+7 
           5730      1.48717e+7 
           5750      1.46818e+7 
           5770      1.46232e+7 
           5790      1.44471e+7 
           5810      1.43913e+7 
           5830       1.4326e+7 
           5850      1.41599e+7 
           5870      1.41161e+7 
           5890       1.3763e+7 
           5910      1.39062e+7 
           5930      1.38008e+7 
           5950       1.3721e+7 
           5970      1.36567e+7 
           5990      1.34848e+7 
           6010      1.33534e+7 
           6030      1.33034e+7 
           6050      1.32485e+7 
           6070      1.32063e+7 
           6090      1.30415e+7 
           6110      1.28836e+7 
           6130      1.26834e+7 
           6150      1.25134e+7 
           6170      1.24957e+7 
           6190      1.26107e+7 
           6210      1.25638e+7 
           6230      1.23396e+7 
           6250      1.19531e+7 
           6270      1.22987e+7 
           6290      1.22139e+7 
           6310      1.19559e+7 
           6330       1.1982e+7 
           6350      1.18992e+7 
           6370      1.18097e+7 
           6390        1.177e+7 
           6410      1.15839e+7 
           6430      1.15703e+7 
           6450      1.14117e+7 
           6470      1.14555e+7 
           6490      1.11901e+7 
           6510      1.12432e+7 
           6530      1.12115e+7 
           6550      1.05285e+7 
           6570      8.56564e+6 
           6590      1.08513e+7 
           6610      1.08927e+7 
           6630      1.09265e+7 
           6650      1.08489e+7 
           6670      1.07492e+7 
           6690      1.07263e+7 
           6710      1.06365e+7 
           6730      1.05909e+7 
           6750      1.04662e+7 
           6770      1.04628e+7 
           6790      1.03645e+7 
           6810      1.03232e+7 
           6830      1.02208e+7 
           6850      1.01572e+7 
           6870      1.01261e+7 
           6890       1.0069e+7 
           6910      1.00005e+7 
           6930      9.93033e+6 
           6950      9.86701e+6 
           6970      9.80426e+6 
           6990      9.74823e+6 
           7010      9.60376e+6 
           7030      9.59798e+6 
           7050      9.56029e+6 
           7070      9.49796e+6 
           7090      9.44298e+6 
           7110      9.23565e+6 
           7130      9.26617e+6 
           7150      9.22692e+6 
           7170      9.17188e+6 
           7190      9.06554e+6 
           7210      9.02399e+6 
           7230      8.96406e+6 
           7250      8.94119e+6 
           7270      8.90632e+6 
           7290      8.79441e+6 
           7310      8.72381e+6 
           7330      8.69659e+6 
           7350      8.66118e+6 
           7370      8.64823e+6 
           7390      8.54699e+6 
           7410      8.44464e+6 
           7430      8.39788e+6 
           7450      8.36712e+6 
           7470      8.29265e+6 
           7490      8.25649e+6 
           7510      8.22259e+6 
           7530       8.1969e+6 
           7550      8.18724e+6 
           7570      8.10459e+6 
           7590      8.07437e+6 
           7610      8.02742e+6 
           7630      7.98347e+6 
           7650      7.90766e+6 
           7670      7.82611e+6 
           7690      7.82051e+6 
           7710      7.72928e+6 
           7730      7.72337e+6 
           7750      7.67166e+6 
           7770      7.51115e+6 
           7790      7.61044e+6 
           7810      7.56104e+6 
           7830      7.48252e+6 
           7850      7.41327e+6 
           7870       7.3963e+6 
           7890      7.33463e+6 
           7910      7.29761e+6 
           7930      7.23747e+6 
           7950      7.19277e+6 
           7970      7.21304e+6 
           7990      7.13449e+6 
           8010      7.10478e+6 
           8030      7.05657e+6 
           8050       7.0233e+6 
           8070      6.98447e+6 
           8090      6.93216e+6 
           8110       6.9169e+6 
           8130      6.88177e+6 
           8150      6.83842e+6 
           8170      6.79761e+6 
           8190      6.66451e+6 
           8210       6.6723e+6 
           8230      6.62712e+6 
           8250      6.58341e+6 
           8270      6.60943e+6 
           8290      6.55949e+6 
           8310      6.48433e+6 
           8330      6.36037e+6 
           8350      6.44449e+6 
           8370      6.30458e+6 
           8390      6.32163e+6 
           8410      6.31933e+6 
           8430      6.42878e+6 
           8450      6.30976e+6 
           8470      6.19701e+6 
           8490      6.45846e+6 
           8510      5.91053e+6 
           8530      6.49329e+6 
           8550       5.2756e+6 
           8570      6.68774e+6 
           8590      6.44578e+6 
           8610      6.27307e+6 
           8630      6.76404e+6 
           8650      6.61849e+6 
           8670      5.29245e+6 
           8690      6.54174e+6 
           8710       6.7069e+6 
           8730      6.61936e+6 
           8750      5.80428e+6 
           8770      6.50523e+6 
           8790      6.56779e+6 
           8810      6.50064e+6 
           8830      6.39391e+6 
           8850      6.23712e+6 
           8870      5.62342e+6 
           8890      6.33461e+6 
           8910      6.32139e+6 
           8930      6.27091e+6 
           8950      6.28146e+6 
           8970      6.23802e+6 
           8990      6.16229e+6 
           9010      5.48111e+6 
           9030      5.88097e+6 
           9050      6.09925e+6 
           9070      5.93913e+6 
           9090      5.82776e+6 
           9110       5.9343e+6 
           9130      5.96209e+6 
           9150      5.95001e+6 
           9170      5.90079e+6 
           9190       5.8497e+6 
           9210      5.71285e+6 
           9230      4.99961e+6 
           9250      5.56097e+6 
           9270      5.62204e+6 
           9290      5.70655e+6 
           9310      5.68164e+6 
           9330         5.64e+6 
           9350      5.61331e+6 
           9370      5.58852e+6 
           9390      5.53738e+6 
           9410      5.35603e+6 
           9430      5.44009e+6 
           9450       5.4272e+6 
           9470      5.42615e+6 
           9490      5.40457e+6 
           9510      5.35354e+6 
           9530      5.24688e+6 
           9550      4.63341e+6 
           9570      5.20641e+6 
           9590      5.24124e+6 
           9610       5.1758e+6 
           9630      5.11125e+6 
           9650       5.1338e+6 
           9670      5.05618e+6 
           9690      5.05258e+6 
           9710      5.07932e+6 
           9730      5.04692e+6 
           9750      4.97709e+6 
           9770      4.99385e+6 
           9790      4.96324e+6 
           9810      4.93716e+6 
           9830      4.91123e+6 
           9850      4.85247e+6 
           9870      4.83631e+6 
           9890       4.7902e+6 
           9910      4.78085e+6 
           9930      4.75894e+6 
           9950      4.73831e+6 
           9970      4.72653e+6 
           9990      4.70081e+6 
          10025      4.55298e+6 
          10075      4.38431e+6 
          10125      4.49287e+6 
          10175      4.45321e+6 
          10225      4.40542e+6 
          10275      4.35802e+6 
          10325      4.26821e+6 
          10375      4.23241e+6 
          10425      4.18118e+6 
          10475      4.07748e+6 
          10525      4.05176e+6 
          10575      4.00511e+6 
          10625      3.94749e+6 
          10675      3.83785e+6 
          10725      3.82934e+6 
          10775       3.7874e+6 
          10825       3.7332e+6 
          10875      3.69161e+6 
          10925      3.43919e+6 
          10975        3.569e+6 
          11025      3.57883e+6 
          11075      3.53983e+6 
          11125      3.48314e+6 
          11175      3.43997e+6 
          11225      3.40639e+6 
          11275      3.31669e+6 
          11325      3.27661e+6 
          11375      3.26357e+6 
          11425      3.20304e+6 
          11475      3.20007e+6 
          11525      3.16329e+6 
          11575      3.11859e+6 
          11625      3.04331e+6 
          11675      2.99271e+6 
          11725      3.01028e+6 
          11775      2.92063e+6 
          11825      2.90784e+6 
          11875      2.85375e+6 
          11925      2.87146e+6 
          11975      2.80156e+6 
          12025      2.78951e+6 
          12075      2.75044e+6 
          12125      2.72114e+6 
          12175       2.6996e+6 
          12225      2.66445e+6 
          12275      2.62779e+6 
          12325      2.60006e+6 
          12375      2.57221e+6 
          12425      2.54691e+6 
          12475      2.51467e+6 
          12525      2.48071e+6 
          12575      2.43958e+6 
          12625      2.41887e+6 
          12675      2.40053e+6 
          12725      2.37635e+6 
          12775      2.34186e+6 
          12825      2.16672e+6 
          12875      2.28971e+6 
          12925      2.26459e+6 
          12975      2.24001e+6 
          13025      2.21674e+6 
          13075      2.19316e+6 
          13125      2.16393e+6 
          13175      2.13445e+6 
          13225      2.11877e+6 
          13275      2.09311e+6 
          13325      2.07135e+6 
          13375      2.04816e+6 
          13425      2.02574e+6 
          13475      2.00333e+6 
          13525      1.97639e+6 
          13575      1.95197e+6 
          13625        1.937e+6 
          13675      1.91361e+6 
          13725      1.87346e+6 
          13775      1.86671e+6 
          13825      1.84775e+6 
          13875      1.83448e+6 
          13925      1.80802e+6 
          13975      1.79188e+6 
          14025      1.77183e+6 
          14075      1.75575e+6 
          14125      1.73348e+6 
          14175      1.71652e+6 
          14225       1.6949e+6 
          14275      1.67525e+6 
          14325      1.66153e+6 
          14375      1.64613e+6 
          14425      1.59619e+6 
          14475      1.60888e+6 
          14525      1.57561e+6 
          14570      1.57432e+6 
          14620      1.55344e+6 
          14675      1.54231e+6 
          14725      1.52096e+6 
          14775      1.50108e+6 
          14825      1.48827e+6 
          14875      1.46513e+6 
          14925      1.46256e+6 
          14975      1.44597e+6 
          15025      1.41515e+6 
          15075      1.40462e+6 
          15125      1.39619e+6 
          15175      1.38334e+6 
          15225      1.38925e+6 
          15275      1.34602e+6 
          15325      1.33613e+6 
          15375      1.35435e+6 
          15425      1.29609e+6 
          15475      1.33208e+6 
          15525      1.32759e+6 
          15575      1.25794e+6 
          15625      1.31386e+6 
          15675      1.28384e+6 
          15725      1.22694e+6 
          15775      1.27251e+6 
          15825       1.2694e+6 
          15875      1.16971e+6 
          15925      1.24384e+6 
          15975      1.24021e+6 
          16050      1.21506e+6 
          16150      1.15546e+6 
          16250       1.1771e+6 
          16350       1.1429e+6 
          16450      1.08399e+6 
          16550      1.10365e+6 
          16650      1.08108e+6 
          16750      1.05132e+6 
          16850          997227 
          16950      1.01604e+6 
          17050          990829 
          17150          973879 
          17250          949023 
          17350          892182 
          17450          907954 
          17550          893456 
          17650          874447 
          17750          859625 
          17850          841943 
          17950          829151 
          18050          809697 
          18150          766207 
          18250          776226 
          18350          765169 
          18450          750422 
          18550          734821 
          18650          721957 
          18750          675004 
          18850          692682 
          18950          676757 
          19050          670552 
          19150          657754 
          19250          645306 
          19350          632898 
          19450          597597 
          19550          610285 
          19650          599582 
          19750          586892 
          19850          578039 
          19950          567732 
          20050          558073 
          20150          548428 
          20250          538100 
          20350          528066 
          20450          519960 
          20550          510738 
          20650          501004 
          20750          492706 
          20850          484465 
          20950          475747 
          21050          467658 
          21150          458775 
          21250          451071 
          21350          443624 
          21450          437304 
          21550          430016 
          21650          407205 
          21750          415018 
          21850          408512 
          21950          402429 
          22050          394845 
          22150          387976 
          22250          382946 
          22350          376728 
          22450          370687 
          22550          363157 
          22650          358444 
          22750          352940 
          22850          347456 
          22950          341688 
          23050          336949 
          23150          331534 
          23250          326570 
          23350          321348 
          23450          316380 
          23550          311550 
          23650          306580 
          23750          301993 
          23850          297213 
          23950          292595 
          24050          287751 
          24150          283015 
          24250          281230 
          24350          274217 
          24450          269905 
          24550          268786 
          24650          263261 
          24750          259514 
          24850          257699 
          24950          248550 
          25050          251145 
          25150          247519 
          25250          237739 
          25350          240592 
          25450          237385 
          25550          233655 
          25650          223568 
          25750          227341 
          25850          223854 
          25950          221797 
          26050          217976 
          26150          208379 
          26250          204061 
          26350          209189 
          26450          206630 
          26550          203505 
          26650          200119 
          26750          191471 
          26850          195409 
          26950          192960 
          27050          190074 
          27150          187720 
          27250          185163 
          27350          182643 
          27450          180240 
          27550          172223 
          27650          174414 
          27750          173037 
          27850          170752 
          27950          168530 
          28050          166286 
          28150          164080 
          28250          161925 
          28350          159842 
          28450          157580 
          28550          155688 
          28650          153341 
          28750          146715 
          28850          149638 
          28950          147734 
          29050          145915 
          29150          143825 
          29250          142134 
          29350          140419 
          29450          138608 
          29550          136899 
          29650          135184 
          29750          133481 
          29850          131831 
          29950          130142 
          30050          128522 
          30150          126920 
          30250          125395 
          30350          120624 
          30450          121409 
          30550          120825 
          30650          119332 
          30750          117916 
          30850          116302 
          30950          114981 
          31050          113574 
          31150          111976 
          31250          110855 
          31350          109536 
          31450          108208 
          31550          107016 
          31650          105830 
          31750          104461 
          31850          103353 
          31950          102132 
          32100          100328 
          32300         98045.3 
          32500         95790.3 
          32700         93582.6 
          32900         89629.3 
          33100         88979.3 
          33300         87081.3 
          33500           85222 
          33700         83198.4 
          33900         81380.5 
          34100         79615.6 
          34300         77962.8 
          34500         76355.6 
          34700         74702.3 
          34900         73106.2 
          35100         71562.9 
          35300         70019.5 
          35500         68494.5 
          35700         66975.4 
          35900         65877.6 
          36100         64181.4 
          36300         63224.4 
          36500         61487.1 
          36700         60656.7 
          36900         58841.5 
          37100         58181.6 
          37300         56698.2 
          37500         54648.3 
          37700           54791 
          37900         53744.7 
          38100         52234.6 
          38300         51508.2 
          38500         50745.9 
          38700         49691.8 
          38900           48749 
          39100         47150.2 
          39300         46937.3 
          39500         46033.4 
          39700         45169.1 
          39900         44225.4 
          40100         43260.4 
          40300         42170.9 
          40500         41146.8 
          40700         41066.5 
          40900         40276.2 
          41100         39586.4 
          41300           38857 
          41500           38127 
          41700         36882.6 
          41900           36748 
          42100           36053 
          42300         35466.6 
          42500         34825.1 
          42700         34212.3 
          42900         33605.5 
          43100         33012.5 
          43300         32422.9 
          43500         31860.4 
          43700         30853.4 
          43900         30735.3 
          44100         30213.1 
          44300         29706.6 
          44500         29196.7 
          44700         28738.1 
          44900         28209.8 
          45100         27741.6 
          45300         27273.2 
          45500         26817.4 
          45700         26364.9 
          45900         25921.1 
          46100         25505.2 
          46300         25081.5 
          46500         24275.6 
          46700         23900.5 
          46900         23863.2 
          47100         23486.1 
          47300         23109.4 
          47500         22728.2 
          47700         22365.8 
          47900           22012 
          48100         21659.9 
          48300         21332.4 
          48500         20974.2 
          48700         20667.3 
          48900         20323.7 
          49100         20039.7 
          49300         19689.9 
          49500           19445 
          49700         19066.1 
          49900         18850.1 
          50100         18558.8 
          50300         18195.6 
          50500         18007.4 
          50700         17736.7 
          50900         17363.4 
          51100         17194.6 
          51300         16682.9 
          51500         16692.7 
          51700         16331.3 
          51900         16207.1 
          52100         15964.9 
          52300         15730.1 
          52500         15491.6 
          52700         15157.2 
          52900         15054.9 
          53100         14836.1 
          53300         14622.9 
          53500         14412.4 
          53700         14121.1 
          53900         13945.1 
          54100         13804.9 
          54300           13605 
          54500         13415.3 
          54700         13220.4 
          54900         13041.8 
          55100         12855.4 
          55300         12543.3 
          55500         12504.5 
          55700         12329.8 
          55900         12151.3 
          56100         11994.2 
          56300         11830.1 
          56500         11670.4 
          56700         11510.8 
          56900         11355.3 
          57100         11064.7 
          57300         11051.2 
          57500           10904 
          57700         10757.5 
          57900         10612.4 
          58100         10473.4 
          58300         10334.7 
          58500         10212.7 
          58700         10077.6 
          58900         9933.71 
          59100         9663.06 
          59300         9682.43 
          59500         9417.17 
          59700         9419.18 
          59900         9316.17 
          60100         9195.98 
          60300         9080.26 
          60500         8964.33 
          60700         8848.49 
          60900         8735.44 
          61100         8620.11 
          61300         8517.22 
          61500         8410.92 
          61700         8304.94 
          61900         8200.22 
          62100         8099.82 
          62300         7993.46 
          62500         7899.26 
          62700         7798.53 
          62900         7592.09 
          63100         7603.01 
          63300         7517.33 
          63500         7422.29 
          63700         7336.58 
          63900         7241.46 
          64200         7117.19 
          64600         6942.56 
          65000         6776.51 
          65400         6622.27 
          65800         6461.16 
          66200         6310.33 
          66600         6167.48 
          67000         6026.67 
          67400         5880.73 
          67800         5713.77 
          68200         5614.78 
          68600         5497.53 
          69000         5372.97 
          69400         5242.23 
          69800         5137.24 
          70200         5023.98 
          70600         4913.78 
          71000         4795.03 
          71400         4703.32 
          71800          4601.6 
          72200         4500.75 
          72600         4391.39 
          73000         4313.83 
          73400          4222.4 
          73800         4133.96 
          74200         4046.99 
          74600         3929.32 
          75000         3813.39 
          75400         3801.34 
          75800         3723.93 
          76200         3648.41 
          76600         3574.58 
          77000         3502.66 
          77400         3432.59 
          77800         3346.67 
          78200         3297.54 
          78600         3232.42 
          79000         3168.93 
          79400         3106.96 
          79800         3046.31 
          80200         2987.17 
          80600         2929.59 
          81000         2873.68 
          81400         2802.64 
          81800         2763.86 
          82200         2712.83 
          82600         2661.83 
          83000         2611.79 
          83400         2562.48 
          83800          2514.1 
          84200         2468.75 
          84600         2423.72 
          85000         2378.64 
          85400         2336.01 
          85800         2292.58 
          86200         2252.14 
          86600         2197.67 
          87000         2171.74 
          87400         2125.57 
          87800         2088.46 
          88200         2058.46 
          88600         2020.34 
          89000         1986.86 
          89400         1952.34 
          89800         1918.26 
          90200         1885.17 
          90600         1850.62 
          91000         1820.92 
          91400         1789.86 
          91800         1759.63 
          92200         1729.86 
          92600         1697.46 
          93000         1672.18 
          93400         1644.15 
          93800         1606.18 
          94200         1589.81 
          94600         1563.77 
          95000         1537.14 
          95400         1509.79 
          95800          1488.3 
          96200         1463.99 
          96600         1440.46 
          97000         1417.23 
          97400          1394.3 
          97800         1372.13 
          98200         1350.19 
          98600         1324.84 
          99000            1308 
          99400         1287.36 
          99800         1267.15 
         100200         1247.37 
         200000         80.9152 
         400000         5.07902 
         600000        0.998378 
         800000        0.314105 
         1.0e+6        0.127968 
         1.2e+6       0.0614122 
         1.4e+6       0.0330042 
         1.6e+6       0.0192692 
