# Kurucz ODFNEW /NOVER models
# teff = 11000 K (value for the effective temperature for the model. Temperatures are given in K)
# logg = 2.50 log(cm/s2) (value for Log(G) for the model.)
# meta = -0.5  (value for the Metallicity for the model.)
# lh = 1.25  (l/Hp where l is the  mixing length of the convective element and Hp is the pressure scale height)
# vtur = 2.0 km/s (Microturbulence velocity)
#
# column 1: WAVELENGTH (ANGSTROM), Wavelength in Angstrom
# column 2: FLUX (ERG/CM2/S/A), Flux in erg/cm2/s/A
              0               0 
           90.9               0 
           93.5               0 
           96.1               0 
           97.7               0 
           99.6               0 
            102               0 
          103.8               0 
          105.6               0 
          107.7               0 
          110.4               0 
            114               0 
          117.8               0 
          121.3               0 
          124.8               0 
          127.1               0 
          128.4               0 
          130.5               0 
          132.4               0 
          133.9               0 
          136.6               0 
          139.8               0 
          143.3               0 
          147.2               0 
            151               0 
          155.2               0 
          158.8               0 
            162               0 
            166               0 
          170.3               0 
          173.4               0 
          176.8               0 
          180.2               0 
          181.7               0 
          186.1               0 
            191               0 
          193.9               0 
          198.4               0 
          201.8               0 
            205               0 
          210.5               0 
          216.2               0 
          219.8               0 
            223               0 
          226.8               0 
            230               0 
            234               0 
            240               0 
          246.5               0 
          252.4     1.40691e-22 
          256.8     5.49639e-22 
            260     1.40544e-21 
            264      4.3788e-21 
          268.5     1.50332e-20 
          273.5     5.65079e-20 
          278.5     2.03854e-19 
            284     7.93482e-19 
            290     3.29901e-18 
            296     1.29269e-17 
            301     3.88861e-17 
            308     1.71158e-16 
            318     1.27141e-15 
            328     8.37893e-15 
            338     4.93881e-14 
            348      2.6336e-13 
            357      1.0981e-12 
            366     4.26464e-12 
            375     1.54839e-11 
            385     6.04675e-11 
            395     2.19963e-10 
            405     7.50887e-10 
            414      2.15273e-9 
            422      5.28042e-9 
            430      1.24995e-8 
            441      3.89397e-8 
            451      1.03963e-7 
            460      2.42311e-7 
            470      5.96476e-7 
            480      1.41225e-6 
            490      3.22568e-6 
            500      7.11222e-6 
            506      4.64211e-5 
            512      9.81793e-5 
            520     0.000165488 
            530     0.000314608 
            540     0.000566854 
            550      0.00104513 
            560      0.00184161 
            570       0.0031873 
            580       0.0052255 
            590      0.00893708 
            600       0.0146203 
            610       0.0236011 
            620       0.0373113 
            630       0.0582227 
            640       0.0890411 
            650        0.135739 
            658        0.187737 
            665         0.24728 
            675        0.362818 
            685        0.527257 
            695        0.759467 
            705         1.07844 
            716         1.56907 
            726         2.18472 
            735         2.91496 
            745         3.98829 
            755         5.40658 
            765          7.2607 
            775         9.69322 
            785         12.8286 
            795         16.8103 
            805         21.9396 
            815          28.404 
            825         36.5138 
            835         46.3677 
            845         59.2405 
            855         74.6891 
            865          93.847 
            875         116.927 
            885         145.338 
            895         179.386 
            905         218.819 
            915         6016.18 
            925         39422.4 
            935         66117.7 
            945          288593 
            955      3.24852e+6 
            965      5.06098e+6 
            975          805713 
            985      1.32275e+7 
            995      1.54178e+7 
           1005       1.7425e+7 
           1015      1.08899e+7 
           1025          405050 
           1035      5.12717e+6 
           1045      2.48885e+7 
           1055      3.26159e+7 
           1065      2.95964e+7 
           1075      3.75319e+7 
           1085      3.62866e+7 
           1095      4.09714e+7 
           1105      5.79955e+7 
           1115      9.97625e+7 
           1125      1.09984e+8 
           1135      1.27373e+8 
           1145      1.19569e+8 
           1155      1.32393e+8 
           1165      1.45121e+8 
           1175      1.34074e+8 
           1185      1.04327e+8 
           1195      6.06399e+6 
           1205      4.06456e+6 
           1215          415668 
           1225       2.8612e+6 
           1235      3.96311e+7 
           1245      1.46735e+8 
           1255      1.85026e+8 
           1265       1.2811e+8 
           1275      2.13829e+8 
           1285      2.51218e+8 
           1295      2.00024e+8 
           1305      1.27179e+8 
           1315      2.28057e+8 
           1325      2.49541e+8 
           1335      2.08469e+8 
           1345      2.76827e+8 
           1355      2.63995e+8 
           1365      2.24515e+8 
           1375      2.54299e+8 
           1385      2.63445e+8 
           1395      2.67328e+8 
           1405      2.70044e+8 
           1415       2.4528e+8 
           1425      2.58287e+8 
           1435      2.42424e+8 
           1442       2.6631e+8 
           1447      2.83581e+8 
           1455      2.79777e+8 
           1465      2.60454e+8 
           1475      2.47618e+8 
           1485      2.61241e+8 
           1495       2.7185e+8 
           1505       2.7111e+8 
           1512       2.5417e+8 
           1517      2.71389e+8 
           1525      2.52981e+8 
           1535      2.36809e+8 
           1545      2.66218e+8 
           1555      2.40479e+8 
           1565      2.28925e+8 
           1575      2.32557e+8 
           1585       2.5466e+8 
           1595      2.63886e+8 
           1605      2.46949e+8 
           1615      2.48522e+8 
           1625      2.28966e+8 
           1635      2.38068e+8 
           1645      2.43299e+8 
           1655      2.16133e+8 
           1665      2.39664e+8 
           1672      1.84512e+8 
           1677      2.28905e+8 
           1685       2.4867e+8 
           1695      2.35936e+8 
           1705      2.22719e+8 
           1715      2.13737e+8 
           1725      2.12178e+8 
           1735      2.22993e+8 
           1745      2.19999e+8 
           1755      2.38671e+8 
           1765      2.10434e+8 
           1775      2.28253e+8 
           1785      2.27477e+8 
           1795      2.42967e+8 
           1805      2.35287e+8 
           1815      2.30632e+8 
           1825      2.24356e+8 
           1835      2.16066e+8 
           1845      2.04433e+8 
           1855      2.02848e+8 
           1865      2.04361e+8 
           1875      2.21937e+8 
           1885       2.1435e+8 
           1895      2.07205e+8 
           1905      2.08731e+8 
           1915      2.07543e+8 
           1925      2.07406e+8 
           1935      2.09725e+8 
           1945      2.14963e+8 
           1955      2.07585e+8 
           1967      2.18195e+8 
           1976      2.19261e+8 
           1984      2.11438e+8 
           1995      2.02193e+8 
           2005      2.06395e+8 
           2015      1.94367e+8 
           2025      2.02843e+8 
           2035      1.97661e+8 
           2045      2.03678e+8 
           2055      1.92949e+8 
           2065      1.92375e+8 
           2074      1.99984e+8 
           2078      2.00157e+8 
           2085      2.01701e+8 
           2095      1.93403e+8 
           2105      1.91612e+8 
           2115       1.9079e+8 
           2125      1.92527e+8 
           2135      1.70677e+8 
           2145      1.84508e+8 
           2155      1.88697e+8 
           2165      1.79828e+8 
           2175      1.76204e+8 
           2185      1.73505e+8 
           2195      1.83766e+8 
           2205      1.76819e+8 
           2215      1.64537e+8 
           2225       1.5778e+8 
           2235      1.73628e+8 
           2245       1.5771e+8 
           2255      1.55137e+8 
           2265      1.58051e+8 
           2275      1.65727e+8 
           2285      1.69424e+8 
           2295      1.60912e+8 
           2305       1.5513e+8 
           2315      1.49273e+8 
           2325       1.4949e+8 
           2335      1.41075e+8 
           2345      1.33352e+8 
           2355      1.46494e+8 
           2365      1.32918e+8 
           2375       1.3878e+8 
           2385      1.24446e+8 
           2395        1.364e+8 
           2405      1.28846e+8 
           2415      1.32251e+8 
           2425      1.39004e+8 
           2435      1.32661e+8 
           2445      1.41869e+8 
           2455      1.36346e+8 
           2465      1.36439e+8 
           2475      1.30775e+8 
           2485      1.39565e+8 
           2495      1.34902e+8 
           2505      1.44622e+8 
           2513      1.32595e+8 
           2518      1.37398e+8 
           2525       1.2794e+8 
           2535      1.27988e+8 
           2545      1.26042e+8 
           2555      1.32242e+8 
           2565      1.30325e+8 
           2575      1.39207e+8 
           2585      1.37184e+8 
           2595      1.36107e+8 
           2605      1.29995e+8 
           2615      1.29157e+8 
           2625      1.33549e+8 
           2635      1.34318e+8 
           2645       1.4465e+8 
           2655      1.41975e+8 
           2665      1.32785e+8 
           2675      1.37827e+8 
           2685       1.3639e+8 
           2695      1.31832e+8 
           2705      1.34715e+8 
           2715      1.28921e+8 
           2725      1.29919e+8 
           2735      1.37407e+8 
           2745      1.20723e+8 
           2755      1.20459e+8 
           2765      1.24113e+8 
           2775      1.30578e+8 
           2785       1.3023e+8 
           2795      1.14514e+8 
           2805      1.22399e+8 
           2815      1.31771e+8 
           2825       1.3152e+8 
           2835      1.26126e+8 
           2845      1.21843e+8 
           2855      1.20964e+8 
           2865      1.25505e+8 
           2875       1.2209e+8 
           2885      1.24712e+8 
           2895      1.21182e+8 
           2910      1.29256e+8 
           2930      1.24592e+8 
           2950      1.23896e+8 
           2970      1.23804e+8 
           2990      1.23329e+8 
           3010      1.25097e+8 
           3030      1.23574e+8 
           3050      1.21631e+8 
           3070      1.19943e+8 
           3090      1.20313e+8 
           3110      1.17466e+8 
           3130      1.16135e+8 
           3150      1.16366e+8 
           3170      1.14756e+8 
           3190      1.11308e+8 
           3210      1.12506e+8 
           3230      1.10857e+8 
           3250      1.10271e+8 
           3270       1.0986e+8 
           3290      1.09252e+8 
           3310       1.0884e+8 
           3330      1.06997e+8 
           3350      1.05229e+8 
           3370      1.04604e+8 
           3390        1.032e+8 
           3410      1.03499e+8 
           3430      1.02501e+8 
           3450      1.01781e+8 
           3470      1.00299e+8 
           3490        9.944e+7 
           3510      9.92547e+7 
           3530      9.87711e+7 
           3550      9.79425e+7 
           3570      9.67919e+7 
           3590      9.59123e+7 
           3610      9.50375e+7 
           3630      9.40362e+7 
           3640       9.3776e+7 
           3650      9.43204e+7 
           3670      9.25876e+7 
           3690      9.09226e+7 
           3710      1.06764e+8 
           3730      1.25297e+8 
           3750      1.65215e+8 
           3770      1.66191e+8 
           3790      1.81547e+8 
           3810      1.96295e+8 
           3830      1.66346e+8 
           3850      1.99992e+8 
           3870      2.04294e+8 
           3890      1.56305e+8 
           3910      1.99643e+8 
           3930      1.96548e+8 
           3950      1.95707e+8 
           3970      1.46802e+8 
           3990      1.89665e+8 
           4010      1.88678e+8 
           4030      1.84655e+8 
           4050      1.84437e+8 
           4070      1.80818e+8 
           4090      1.69512e+8 
           4110      1.41032e+8 
           4130      1.71713e+8 
           4150      1.71884e+8 
           4170      1.69299e+8 
           4190      1.67504e+8 
           4210      1.65555e+8 
           4230      1.62974e+8 
           4250      1.60708e+8 
           4270      1.58342e+8 
           4290      1.56714e+8 
           4310      1.53545e+8 
           4330      1.40108e+8 
           4350       1.2317e+8 
           4370      1.48093e+8 
           4390      1.45382e+8 
           4410       1.4475e+8 
           4430      1.42753e+8 
           4450      1.41216e+8 
           4470      1.38366e+8 
           4490       1.3599e+8 
           4510      1.35182e+8 
           4530      1.33379e+8 
           4550      1.30744e+8 
           4570      1.30621e+8 
           4590      1.28021e+8 
           4610      1.27703e+8 
           4630      1.24871e+8 
           4650      1.24488e+8 
           4670      1.22693e+8 
           4690      1.21319e+8 
           4710      1.18983e+8 
           4730      1.18238e+8 
           4750      1.16732e+8 
           4770      1.15579e+8 
           4790       1.1414e+8 
           4810      1.12555e+8 
           4830      1.10668e+8 
           4850      1.02296e+8 
           4870      8.72582e+7 
           4890      1.06569e+8 
           4910      1.05852e+8 
           4930      1.03924e+8 
           4950      1.03406e+8 
           4970      1.02263e+8 
           4990      1.00904e+8 
           5010      9.86473e+7 
           5030      9.82396e+7 
           5050      9.63743e+7 
           5070      9.61066e+7 
           5090       9.4982e+7 
           5110      9.37148e+7 
           5130       9.2828e+7 
           5150      9.15048e+7 
           5170      9.00792e+7 
           5190      8.93513e+7 
           5210      8.82865e+7 
           5230      8.70313e+7 
           5250       8.6438e+7 
           5270      8.49462e+7 
           5290      8.46011e+7 
           5310      8.31501e+7 
           5330      8.26399e+7 
           5350      8.17798e+7 
           5370      8.08399e+7 
           5390      7.99442e+7 
           5410      7.89641e+7 
           5430      7.80588e+7 
           5450      7.73018e+7 
           5470      7.63889e+7 
           5490       7.5587e+7 
           5510      7.46969e+7 
           5530      7.39456e+7 
           5550      7.31727e+7 
           5570      7.23567e+7 
           5590      7.15781e+7 
           5610      7.08449e+7 
           5630      7.00834e+7 
           5650      6.91762e+7 
           5670      6.84864e+7 
           5690      6.78232e+7 
           5710      6.71061e+7 
           5730      6.63839e+7 
           5750      6.56686e+7 
           5770      6.49731e+7 
           5790      6.42272e+7 
           5810      6.35695e+7 
           5830      6.28992e+7 
           5850      6.22495e+7 
           5870       6.1217e+7 
           5890      6.08651e+7 
           5910      6.02997e+7 
           5930      5.96911e+7 
           5950      5.89137e+7 
           5970      5.84077e+7 
           5990      5.77011e+7 
           6010      5.72427e+7 
           6030      5.66533e+7 
           6050      5.60579e+7 
           6070      5.54805e+7 
           6090      5.49127e+7 
           6110      5.43629e+7 
           6130      5.38053e+7 
           6150      5.30594e+7 
           6170      5.27131e+7 
           6190      5.21912e+7 
           6210      5.16719e+7 
           6230      5.11221e+7 
           6250      5.04263e+7 
           6270      5.01337e+7 
           6290      4.96222e+7 
           6310       4.9079e+7 
           6330      4.86359e+7 
           6350      4.78058e+7 
           6370      4.74272e+7 
           6390      4.71963e+7 
           6410      4.67071e+7 
           6430      4.62847e+7 
           6450      4.57255e+7 
           6470      4.53976e+7 
           6490      4.48981e+7 
           6510      4.44289e+7 
           6530       4.3833e+7 
           6550      4.15803e+7 
           6570      3.50757e+7 
           6590      4.23427e+7 
           6610      4.23067e+7 
           6630       4.1985e+7 
           6650        4.161e+7 
           6670       4.1151e+7 
           6690      4.07724e+7 
           6710      4.04366e+7 
           6730      4.00463e+7 
           6750      3.96769e+7 
           6770      3.93055e+7 
           6790      3.89328e+7 
           6810      3.85674e+7 
           6830      3.81933e+7 
           6850      3.78437e+7 
           6870      3.74959e+7 
           6890      3.71533e+7 
           6910      3.68034e+7 
           6930      3.64485e+7 
           6950      3.61316e+7 
           6970      3.58027e+7 
           6990      3.54816e+7 
           7010      3.51399e+7 
           7030      3.48365e+7 
           7050      3.44716e+7 
           7070      3.41443e+7 
           7090      3.38981e+7 
           7110      3.35699e+7 
           7130      3.32773e+7 
           7150      3.29823e+7 
           7170      3.26894e+7 
           7190      3.23977e+7 
           7210      3.21123e+7 
           7230      3.18008e+7 
           7250       3.1534e+7 
           7270      3.12603e+7 
           7290      3.09692e+7 
           7310       3.0699e+7 
           7330      3.04376e+7 
           7350      3.01774e+7 
           7370      2.99134e+7 
           7390      2.96509e+7 
           7410      2.93882e+7 
           7430      2.91135e+7 
           7450      2.88685e+7 
           7470      2.85966e+7 
           7490      2.83702e+7 
           7510      2.81138e+7 
           7530      2.78949e+7 
           7550      2.76574e+7 
           7570      2.74201e+7 
           7590      2.71822e+7 
           7610      2.69563e+7 
           7630      2.67239e+7 
           7650      2.64878e+7 
           7670      2.62698e+7 
           7690      2.60461e+7 
           7710      2.58167e+7 
           7730      2.56114e+7 
           7750      2.53947e+7 
           7770      2.48885e+7 
           7790      2.49707e+7 
           7810       2.4767e+7 
           7830      2.45589e+7 
           7850      2.43257e+7 
           7870      2.40872e+7 
           7890      2.38515e+7 
           7910      2.37521e+7 
           7930      2.35606e+7 
           7950      2.33343e+7 
           7970      2.31746e+7 
           7990      2.28959e+7 
           8010       2.2797e+7 
           8030      2.26111e+7 
           8050       2.2425e+7 
           8070      2.22423e+7 
           8090      2.20617e+7 
           8110      2.18802e+7 
           8130      2.17083e+7 
           8150      2.15327e+7 
           8170      2.13614e+7 
           8190      2.11741e+7 
           8210      2.10168e+7 
           8230      2.08397e+7 
           8250      2.07421e+7 
           8270      2.06022e+7 
           8290      2.04142e+7 
           8310      2.02669e+7 
           8330      2.00551e+7 
           8350      1.98765e+7 
           8370      1.95875e+7 
           8390      1.94182e+7 
           8410      1.91875e+7 
           8430       1.9297e+7 
           8450      1.90833e+7 
           8470      1.83747e+7 
           8490      1.96079e+7 
           8510      1.80198e+7 
           8530      1.97481e+7 
           8550      1.74238e+7 
           8570      1.98909e+7 
           8590      1.86098e+7 
           8610      1.80818e+7 
           8630      2.00336e+7 
           8650      1.96123e+7 
           8670      1.65184e+7 
           8690      1.97584e+7 
           8710      1.98952e+7 
           8730      1.94972e+7 
           8750      1.60573e+7 
           8770      1.88505e+7 
           8790      1.93114e+7 
           8810      1.91947e+7 
           8830      1.89605e+7 
           8850      1.80298e+7 
           8870      1.55161e+7 
           8890      1.84127e+7 
           8910      1.84455e+7 
           8930      1.83218e+7 
           8950      1.82311e+7 
           8970      1.80511e+7 
           8990      1.77583e+7 
           9010       1.5124e+7 
           9030      1.64047e+7 
           9050      1.74293e+7 
           9070      1.73104e+7 
           9090       1.7176e+7 
           9110      1.71174e+7 
           9130      1.69829e+7 
           9150      1.68871e+7 
           9170       1.6732e+7 
           9190      1.65223e+7 
           9210      1.61264e+7 
           9230      1.33016e+7 
           9250      1.56839e+7 
           9270      1.58482e+7 
           9290      1.59896e+7 
           9310      1.58944e+7 
           9330      1.57701e+7 
           9350      1.56648e+7 
           9370      1.55486e+7 
           9390      1.54175e+7 
           9410      1.52248e+7 
           9430      1.52014e+7 
           9450      1.50962e+7 
           9470      1.49779e+7 
           9490      1.48642e+7 
           9510      1.46897e+7 
           9530      1.42125e+7 
           9550       1.1939e+7 
           9570      1.41437e+7 
           9590       1.4288e+7 
           9610      1.42224e+7 
           9630      1.40464e+7 
           9650      1.40311e+7 
           9670      1.39115e+7 
           9690      1.38285e+7 
           9710       1.3732e+7 
           9730      1.36334e+7 
           9750      1.35348e+7 
           9770      1.34399e+7 
           9790       1.3343e+7 
           9810      1.32456e+7 
           9830      1.31477e+7 
           9850      1.30552e+7 
           9870      1.29644e+7 
           9890      1.28623e+7 
           9910      1.27832e+7 
           9930      1.26924e+7 
           9950      1.26026e+7 
           9970      1.25154e+7 
           9990      1.24215e+7 
          10025      1.18506e+7 
          10075      1.13091e+7 
          10125      1.18217e+7 
          10175      1.16461e+7 
          10225      1.14528e+7 
          10275      1.12574e+7 
          10325      1.10635e+7 
          10375      1.08784e+7 
          10425      1.06966e+7 
          10475      1.05141e+7 
          10525      1.03348e+7 
          10575      1.01683e+7 
          10625      1.00017e+7 
          10675      9.80675e+6 
          10725      9.66801e+6 
          10775       9.5149e+6 
          10825      9.34234e+6 
          10875       9.1961e+6 
          10925      8.31262e+6 
          10975      8.76374e+6 
          11025      8.76968e+6 
          11075      8.63354e+6 
          11125      8.49615e+6 
          11175      8.36175e+6 
          11225      8.23032e+6 
          11275      8.07272e+6 
          11325      7.95637e+6 
          11375      7.84962e+6 
          11425      7.72766e+6 
          11475      7.60924e+6 
          11525      7.49232e+6 
          11575      7.37738e+6 
          11625      7.25887e+6 
          11675      7.14762e+6 
          11725      7.04488e+6 
          11775      6.92431e+6 
          11825      6.83221e+6 
          11875      6.72857e+6 
          11925      6.63225e+6 
          11975       6.5305e+6 
          12025      6.43618e+6 
          12075      6.34112e+6 
          12125      6.24767e+6 
          12175      6.15657e+6 
          12225      6.06648e+6 
          12275      5.97765e+6 
          12325      5.89131e+6 
          12375      5.80641e+6 
          12425       5.7234e+6 
          12475      5.63694e+6 
          12525      5.56034e+6 
          12575       5.4788e+6 
          12625      5.40265e+6 
          12675      5.32728e+6 
          12725      5.25221e+6 
          12775      5.14702e+6 
          12825      4.68645e+6 
          12875       5.0167e+6 
          12925       4.9651e+6 
          12975      4.89624e+6 
          13025      4.82897e+6 
          13075      4.76259e+6 
          13125      4.69751e+6 
          13175      4.62999e+6 
          13225      4.57028e+6 
          13275      4.50834e+6 
          13325      4.44742e+6 
          13375       4.3877e+6 
          13425      4.32831e+6 
          13475      4.27033e+6 
          13525      4.21307e+6 
          13575      4.15755e+6 
          13625      4.10254e+6 
          13675      4.04762e+6 
          13725      3.99437e+6 
          13775       3.9432e+6 
          13825      3.89167e+6 
          13875      3.84115e+6 
          13925      3.79109e+6 
          13975      3.74222e+6 
          14025      3.69392e+6 
          14075      3.64644e+6 
          14125       3.5997e+6 
          14175      3.55392e+6 
          14225      3.50868e+6 
          14275      3.46419e+6 
          14325      3.42021e+6 
          14375      3.37713e+6 
          14425      3.33204e+6 
          14475      3.29289e+6 
          14525       3.2508e+6 
          14570      3.21548e+6 
          14620      3.17873e+6 
          14675      3.13673e+6 
          14725      3.09862e+6 
          14775      3.06043e+6 
          14825       3.0244e+6 
          14875      2.98707e+6 
          14925      2.95068e+6 
          14975      2.91337e+6 
          15025      2.87482e+6 
          15075      2.83805e+6 
          15125      2.80104e+6 
          15175      2.76723e+6 
          15225      2.74941e+6 
          15275      2.68736e+6 
          15325      2.65718e+6 
          15375      2.65698e+6 
          15425      2.57391e+6 
          15475      2.60387e+6 
          15525      2.58228e+6 
          15575      2.45982e+6 
          15625      2.54934e+6 
          15675       2.4759e+6 
          15725      2.38112e+6 
          15775      2.47399e+6 
          15825      2.44649e+6 
          15875      2.25411e+6 
          15925      2.37858e+6 
          15975      2.37862e+6 
          16050      2.32573e+6 
          16150      2.19894e+6 
          16250      2.24372e+6 
          16350      2.17197e+6 
          16450      2.05613e+6 
          16550      2.09641e+6 
          16650      2.04997e+6 
          16750      1.98407e+6 
          16850      1.88085e+6 
          16950      1.91773e+6 
          17050      1.87638e+6 
          17150      1.83611e+6 
          17250       1.7959e+6 
          17350      1.67401e+6 
          17450        1.716e+6 
          17550      1.68451e+6 
          17650      1.64927e+6 
          17750      1.61472e+6 
          17850      1.58142e+6 
          17950      1.54888e+6 
          18050      1.51524e+6 
          18150      1.42025e+6 
          18250      1.44692e+6 
          18350      1.42627e+6 
          18450      1.39768e+6 
          18550      1.36929e+6 
          18650      1.34089e+6 
          18750      1.25612e+6 
          18850      1.28799e+6 
          18950      1.26436e+6 
          19050       1.2397e+6 
          19150      1.21559e+6 
          19250      1.19202e+6 
          19350      1.16775e+6 
          19450      1.09383e+6 
          19550      1.12348e+6 
          19650      1.10359e+6 
          19750      1.08269e+6 
          19850      1.06234e+6 
          19950      1.04244e+6 
          20050      1.02307e+6 
          20150      1.00412e+6 
          20250          985598 
          20350          967475 
          20450          949749 
          20550          932409 
          20650          915626 
          20750          899036 
          20850          882892 
          20950          867102 
          21050          851740 
          21150          836523 
          21250          821791 
          21350          807302 
          21450          793242 
          21550          778735 
          21650          731691 
          21750          750851 
          21850          739846 
          21950          727192 
          22050          714816 
          22150          702672 
          22250          690836 
          22350          679216 
          22450          667848 
          22550          656707 
          22650          645804 
          22750          635122 
          22850          624986 
          22950          614802 
          23050          604843 
          23150          595082 
          23250          585507 
          23350          576114 
          23450          566881 
          23550          557812 
          23650          548860 
          23750          540133 
          23850          531502 
          23950          523027 
          24050          514420 
          24150          505861 
          24250          499568 
          24350          490251 
          24450          481976 
          24550          476910 
          24650          467715 
          24750          460727 
          24850          457300 
          24950          441561 
          25050          443867 
          25150          437505 
          25250          419745 
          25350          424326 
          25450          418984 
          25550          412077 
          25650          393037 
          25750          400625 
          25850          395411 
          25950          389697 
          26050          381981 
          26150          363585 
          26250          355386 
          26350          366745 
          26450          363309 
          26550          358105 
          26650          352070 
          26750          331909 
          26850          342099 
          26950          338190 
          27050          333429 
          27150          328752 
          27250          324160 
          27350          319642 
          27450          314977 
          27550          298276 
          27650          303069 
          27750          302338 
          27850          298204 
          27950          294135 
          28050          290136 
          28150          286200 
          28250          282332 
          28350          278534 
          28450          274792 
          28550          271119 
          28650          265797 
          28750          252215 
          28850          260101 
          28950          256973 
          29050          253648 
          29150          250311 
          29250          247052 
          29350          243832 
          29450          240667 
          29550          237557 
          29650          234492 
          29750          231479 
          29850          228514 
          29950          225597 
          30050          222721 
          30150          219895 
          30250          216978 
          30350          207056 
          30450          208152 
          30550          208979 
          30650          206419 
          30750          203847 
          30850          201273 
          30950          198830 
          31050          196375 
          31150          193959 
          31250          191582 
          31350          189242 
          31450          186933 
          31550          184663 
          31650          182426 
          31750          180225 
          31850          178055 
          31950          175916 
          32100          172774 
          32300          168687 
          32500          164720 
          32700          160869 
          32900          152946 
          33100          152658 
          33300          149698 
          33500          146315 
          33700          143004 
          33900          139794 
          34100          136669 
          34300          133626 
          34500          130673 
          34700          127794 
          34900          124985 
          35100          122268 
          35300          119623 
          35500          116993 
          35700          114424 
          35900          112226 
          36100          109520 
          36300          107574 
          36500          104843 
          36700          103188 
          36900          100316 
          37100         98941.7 
          37300         96001.6 
          37500         92598.7 
          37700         93055.3 
          37900         91226.2 
          38100         88620.2 
          38300         87091.2 
          38500         85893.8 
          38700         84316.6 
          38900         82455.8 
          39100         79460.9 
          39300         79407.8 
          39500         77915.2 
          39700         76412.6 
          39900         74929.2 
          40100         72824.7 
          40300         70923.1 
          40500         69089.6 
          40700         69324.3 
          40900         68062.5 
          41100         66783.9 
          41300         65533.4 
          41500         64284.2 
          41700         61537.2 
          41900         61908.3 
          42100         60821.9 
          42300         59711.2 
          42500           58625 
          42700         57562.6 
          42900         56525.6 
          43100         55511.4 
          43300         54519.7 
          43500         53549.5 
          43700         51397.6 
          43900         51458.2 
          44100         50767.8 
          44300         49880.4 
          44500         49012.5 
          44700         48226.1 
          44900         47332.1 
          45100         46520.6 
          45300         45725.2 
          45500         44949.4 
          45700           44187 
          45900         43441.4 
          46100         42707.2 
          46300         41963.1 
          46500           40242 
          46700         39512.9 
          46900         39858.3 
          47100         39277.6 
          47300         38641.4 
          47500         38011.3 
          47700         37394.9 
          47900         36789.6 
          48100         36194.2 
          48300         35617.4 
          48500         35039.1 
          48700         34489.9 
          48900         33932.6 
          49100         33406.8 
          49300         32862.1 
          49500           32374 
          49700         31822.7 
          49900         31374.5 
          50100         30881.3 
          50300         30350.4 
          50500         29977.4 
          50700         29508.3 
          50900         28939.5 
          51100         28541.8 
          51300         27426.4 
          51500         27702.4 
          51700         27191.1 
          51900         26938.6 
          52100         26560.1 
          52300         26164.5 
          52500         25708.6 
          52700         25203.2 
          52900           25021 
          53100         24653.9 
          53300         24294.1 
          53500         23940.4 
          53700         23431.9 
          53900         23106.6 
          54100         22916.8 
          54300         22587.3 
          54500         22264.5 
          54700         21947.1 
          54900         21635.1 
          55100           21276 
          55300           20738 
          55500         20729.5 
          55700         20442.5 
          55900         20157.8 
          56100         19877.9 
          56300         19601.4 
          56500         19330.7 
          56700         19065.7 
          56900         18789.9 
          57100         18198.6 
          57300         18265.7 
          57500         18045.5 
          57700         17801.8 
          57900           17561 
          58100         17325.3 
          58300         17085.9 
          58500         16859.2 
          58700         16631.9 
          58900           16379 
          59100         15761.4 
          59300         15956.3 
          59500         15466.1 
          59700           15480 
          59900         15363.2 
          60100         15196.4 
          60300         14999.4 
          60500         14805.7 
          60700         14614.3 
          60900           14427 
          61100         14241.9 
          61300         14060.9 
          61500         13881.9 
          61700           13706 
          61900           13533 
          62100           13362 
          62300         13193.8 
          62500         13028.5 
          62700         12826.7 
          62900         12366.3 
          63100         12496.2 
          63300         12389.1 
          63500         12240.2 
          63700         12090.1 
          63900         11941.6 
          64200         11724.3 
          64600         11440.5 
          65000         11166.4 
          65400         10899.9 
          65800         10637.2 
          66200         10384.4 
          66600         10143.7 
          67000         9907.12 
          67400         9661.32 
          67800         9309.99 
          68200         9225.39 
          68600         9031.67 
          69000         8826.76 
          69400         8608.78 
          69800         8435.38 
          70200          8247.8 
          70600         8064.66 
          71000         7864.19 
          71400         7714.23 
          71800         7546.68 
          72200         7383.08 
          72600         7195.44 
          73000         7065.84 
          73400         6918.61 
          73800          6771.8 
          74200         6621.88 
          74600         6377.22 
          75000         6168.32 
          75400         6206.75 
          75800         6094.69 
          76200         5969.56 
          76600          5847.6 
          77000         5728.79 
          77400         5610.89 
          77800         5449.96 
          78200         5387.87 
          78600         5282.55 
          79000         5177.84 
          79400          5075.7 
          79800         4976.08 
          80200         4878.88 
          80600         4784.03 
          81000         4691.48 
          81400         4555.71 
          81800         4500.78 
          82200         4426.92 
          82600         4342.91 
          83000         4260.83 
          83400         4180.76 
          83800         4102.48 
          84200         4026.06 
          84600         3951.38 
          85000         3878.48 
          85400         3807.24 
          85800         3737.54 
          86200         3669.22 
          86600         3550.02 
          87000         3534.25 
          87400         3441.23 
          87800         3381.12 
          88200         3351.59 
          88600         3290.82 
          89000         3234.04 
          89400         3177.26 
          89800         3121.65 
          90200         3067.21 
          90600         3011.18 
          91000         2962.02 
          91400         2911.08 
          91800         2861.23 
          92200         2812.43 
          92600         2757.83 
          93000         2717.91 
          93400         2672.14 
          93800         2586.03 
          94200         2576.55 
          94600         2540.54 
          95000         2494.64 
          95400         2452.28 
          95800         2416.91 
          96200         2377.39 
          96600         2338.65 
          97000          2300.7 
          97400          2263.5 
          97800         2227.06 
          98200         2188.99 
          98600         2148.02 
          99000         2122.04 
          99400         2088.45 
          99800         2055.48 
         100200         2023.19 
         200000         129.134 
         400000         8.00977 
         600000         1.56594 
         800000        0.490979 
         1.0e+6        0.199562 
         1.2e+6       0.0956083 
         1.4e+6       0.0513122 
         1.6e+6        0.029928 
