# Kurucz ODFNEW /NOVER models
# teff = 11500 K (value for the effective temperature for the model. Temperatures are given in K)
# logg = 4.00 log(cm/s2) (value for Log(G) for the model.)
# meta = -0.5  (value for the Metallicity for the model.)
# lh = 1.25  (l/Hp where l is the  mixing length of the convective element and Hp is the pressure scale height)
# vtur = 2.0 km/s (Microturbulence velocity)
#
# column 1: WAVELENGTH (ANGSTROM), Wavelength in Angstrom
# column 2: FLUX (ERG/CM2/S/A), Flux in erg/cm2/s/A
              0               0 
           90.9               0 
           93.5               0 
           96.1               0 
           97.7               0 
           99.6               0 
            102               0 
          103.8               0 
          105.6               0 
          107.7               0 
          110.4               0 
            114               0 
          117.8               0 
          121.3               0 
          124.8               0 
          127.1               0 
          128.4               0 
          130.5               0 
          132.4               0 
          133.9               0 
          136.6               0 
          139.8               0 
          143.3               0 
          147.2               0 
            151               0 
          155.2               0 
          158.8               0 
            162               0 
            166               0 
          170.3               0 
          173.4               0 
          176.8               0 
          180.2               0 
          181.7               0 
          186.1               0 
            191               0 
          193.9               0 
          198.4               0 
          201.8               0 
            205               0 
          210.5               0 
          216.2               0 
          219.8               0 
            223               0 
          226.8     4.94058e-23 
            230     1.60634e-22 
            234     6.00706e-22 
            240     3.83977e-21 
          246.5     2.58903e-20 
          252.4     1.35682e-19 
          256.8     4.45429e-19 
            260     1.03328e-18 
            264     2.88077e-18 
          268.5     8.78905e-18 
          273.5     2.91383e-17 
          278.5     9.32085e-17 
            284     3.19582e-16 
            290     1.16415e-15 
            296     4.02109e-15 
            301     1.09384e-14 
            308     4.20756e-14 
            318     2.60773e-13 
            328      1.4515e-12 
            338     7.30516e-12 
            348     3.35872e-11 
            357     1.23481e-10 
            366     4.25759e-10 
            375      1.38112e-9 
            385      4.78891e-9 
            395      1.55664e-8 
            405      4.77524e-8 
            414       1.2497e-7 
            422      2.83641e-7 
            430      6.23083e-7 
            441      1.75924e-6 
            451       4.3144e-6 
            460      9.34579e-6 
            470      2.12804e-5 
            480      4.67676e-5 
            490      9.94124e-5 
            500     0.000204685 
            506     0.000672282 
            512      0.00124563 
            520      0.00203997 
            530      0.00373149 
            540      0.00654564 
            550        0.011542 
            560       0.0196642 
            570       0.0328935 
            580       0.0530693 
            590       0.0869338 
            600        0.137936 
            610        0.215742 
            620        0.331795 
            630        0.503456 
            640        0.751969 
            650         1.11343 
            658         1.50835 
            665         1.95374 
            675         2.79969 
            685         3.97039 
            695         5.57587 
            705          7.7404 
            716         10.9869 
            726         14.9613 
            735         19.5937 
            745         26.2349 
            755         34.8347 
            765         45.8727 
            775         59.9852 
            785         77.8435 
            795         100.145 
            805         128.258 
            815         163.074 
            825         205.971 
            835         257.801 
            845         322.817 
            855         400.511 
            865         494.496 
            875         606.705 
            885         741.507 
            895         901.161 
            905         1086.32 
            915         8459.54 
            925           48829 
            935         78920.7 
            945          152835 
            955          517948 
            965          844707 
            975          265519 
            985       8.0959e+6 
            995      2.23677e+7 
           1005      2.19957e+7 
           1015      4.38009e+6 
           1025          327011 
           1035      2.92814e+6 
           1045      2.83221e+7 
           1055      5.85965e+7 
           1065      6.13477e+7 
           1075      7.82036e+7 
           1085      8.36298e+7 
           1095      8.73718e+7 
           1105      1.15926e+8 
           1115      2.13067e+8 
           1125      2.38562e+8 
           1135      2.62709e+8 
           1145       2.3956e+8 
           1155       2.5306e+8 
           1165      2.65535e+8 
           1175       2.3055e+8 
           1185      1.64246e+8 
           1195      1.51544e+7 
           1205        4.214e+6 
           1215          808034 
           1225       3.0726e+6 
           1235      3.83986e+7 
           1245      1.65977e+8 
           1255       2.6641e+8 
           1265      2.29022e+8 
           1275      3.35612e+8 
           1285      4.01365e+8 
           1295      3.55047e+8 
           1305      2.45745e+8 
           1315      3.78011e+8 
           1325      4.02175e+8 
           1335      3.77022e+8 
           1345      4.34201e+8 
           1355      4.05943e+8 
           1365      3.62836e+8 
           1375      3.96473e+8 
           1385      4.01806e+8 
           1395      4.06462e+8 
           1405      4.10716e+8 
           1415      3.84421e+8 
           1425      3.96706e+8 
           1435      3.68952e+8 
           1442      4.03659e+8 
           1447      4.21403e+8 
           1455      4.17353e+8 
           1465       3.9328e+8 
           1475      3.74854e+8 
           1485      3.82484e+8 
           1495      3.97729e+8 
           1505      3.96137e+8 
           1512      3.77744e+8 
           1517      3.98766e+8 
           1525      3.74735e+8 
           1535      3.60339e+8 
           1545      3.87743e+8 
           1555      3.53171e+8 
           1565       3.2669e+8 
           1575      3.40052e+8 
           1585      3.62977e+8 
           1595      3.73395e+8 
           1605      3.51558e+8 
           1615      3.53009e+8 
           1625      3.26207e+8 
           1635      3.34547e+8 
           1645      3.40085e+8 
           1655      3.02509e+8 
           1665      3.34763e+8 
           1672      2.89031e+8 
           1677      3.18416e+8 
           1685      3.39269e+8 
           1695      3.20682e+8 
           1705      3.08495e+8 
           1715      3.00914e+8 
           1725      2.96282e+8 
           1735       3.0762e+8 
           1745      3.01492e+8 
           1755      3.18347e+8 
           1765      2.86391e+8 
           1775      3.09599e+8 
           1785      3.06424e+8 
           1795      3.19153e+8 
           1805      3.08771e+8 
           1815      3.04577e+8 
           1825      2.95559e+8 
           1835      2.87323e+8 
           1845        2.744e+8 
           1855      2.77657e+8 
           1865      2.77265e+8 
           1875      2.89457e+8 
           1885      2.84274e+8 
           1895      2.77757e+8 
           1905      2.75461e+8 
           1915      2.74173e+8 
           1925      2.73864e+8 
           1935      2.72157e+8 
           1945      2.78458e+8 
           1955       2.7191e+8 
           1967      2.77941e+8 
           1976      2.76022e+8 
           1984      2.69896e+8 
           1995      2.60936e+8 
           2005      2.61545e+8 
           2015       2.4822e+8 
           2025      2.54897e+8 
           2035      2.53144e+8 
           2045        2.559e+8 
           2055      2.45341e+8 
           2065      2.44005e+8 
           2074      2.48084e+8 
           2078      2.50715e+8 
           2085      2.51886e+8 
           2095      2.43144e+8 
           2105      2.41698e+8 
           2115      2.39796e+8 
           2125      2.39581e+8 
           2135      2.19696e+8 
           2145      2.33766e+8 
           2155      2.33719e+8 
           2165      2.24219e+8 
           2175      2.20888e+8 
           2185      2.18634e+8 
           2195      2.27663e+8 
           2205       2.1935e+8 
           2215      2.07561e+8 
           2225      2.01811e+8 
           2235      2.16653e+8 
           2245      2.01221e+8 
           2255      1.98136e+8 
           2265      1.99034e+8 
           2275      2.07005e+8 
           2285       2.0944e+8 
           2295      2.00302e+8 
           2305      1.95561e+8 
           2315      1.90438e+8 
           2325      1.90922e+8 
           2335       1.8408e+8 
           2345      1.74142e+8 
           2355      1.84839e+8 
           2365      1.73082e+8 
           2375      1.78272e+8 
           2385      1.64051e+8 
           2395      1.75432e+8 
           2405      1.67945e+8 
           2415      1.70478e+8 
           2425      1.74828e+8 
           2435      1.67124e+8 
           2445      1.75698e+8 
           2455       1.6995e+8 
           2465      1.69169e+8 
           2475      1.63414e+8 
           2485      1.71899e+8 
           2495      1.66596e+8 
           2505      1.75132e+8 
           2513      1.65995e+8 
           2518      1.68248e+8 
           2525      1.58784e+8 
           2535      1.58191e+8 
           2545      1.56828e+8 
           2555      1.62834e+8 
           2565      1.61017e+8 
           2575      1.68064e+8 
           2585      1.67442e+8 
           2595      1.66451e+8 
           2605      1.60501e+8 
           2615      1.59629e+8 
           2625      1.61679e+8 
           2635      1.62331e+8 
           2645      1.70993e+8 
           2655      1.68435e+8 
           2665      1.60739e+8 
           2675      1.64336e+8 
           2685       1.6372e+8 
           2695      1.59038e+8 
           2705      1.60217e+8 
           2715      1.55211e+8 
           2725      1.55301e+8 
           2735      1.61314e+8 
           2745      1.47472e+8 
           2755      1.46607e+8 
           2765      1.50082e+8 
           2775       1.5499e+8 
           2785      1.53869e+8 
           2795      1.38534e+8 
           2805      1.46272e+8 
           2815      1.54691e+8 
           2825      1.53598e+8 
           2835      1.49089e+8 
           2845       1.4486e+8 
           2855      1.43509e+8 
           2865      1.47099e+8 
           2875      1.44213e+8 
           2885      1.46347e+8 
           2895      1.44061e+8 
           2910      1.49569e+8 
           2930      1.44519e+8 
           2950      1.43549e+8 
           2970      1.42887e+8 
           2990      1.41808e+8 
           3010      1.42553e+8 
           3030      1.41141e+8 
           3050      1.38972e+8 
           3070      1.37091e+8 
           3090      1.36747e+8 
           3110      1.34219e+8 
           3130      1.32601e+8 
           3150      1.32043e+8 
           3170      1.30554e+8 
           3190      1.27141e+8 
           3210      1.27632e+8 
           3230      1.25796e+8 
           3250      1.25083e+8 
           3270      1.24456e+8 
           3290      1.23526e+8 
           3310      1.22701e+8 
           3330      1.20807e+8 
           3350      1.18869e+8 
           3370      1.18006e+8 
           3390      1.16611e+8 
           3410      1.16375e+8 
           3430      1.15156e+8 
           3450      1.14293e+8 
           3470       1.1286e+8 
           3490      1.11812e+8 
           3510      1.11162e+8 
           3530      1.10305e+8 
           3550      1.09284e+8 
           3570      1.08063e+8 
           3590      1.07017e+8 
           3610      1.06008e+8 
           3630      1.04929e+8 
           3640      1.04492e+8 
           3650      1.05962e+8 
           3670      1.05079e+8 
           3690      1.01306e+8 
           3710      1.02456e+8 
           3730      1.04358e+8 
           3750       1.3143e+8 
           3770        1.391e+8 
           3790      1.65814e+8 
           3810      1.88351e+8 
           3830      1.52499e+8 
           3850      2.01568e+8 
           3870      2.20813e+8 
           3890      1.33824e+8 
           3910      2.17003e+8 
           3930      2.22659e+8 
           3950      2.13144e+8 
           3970      1.26917e+8 
           3990      2.03258e+8 
           4010      2.14351e+8 
           4030      2.10524e+8 
           4050      2.09832e+8 
           4070      2.03392e+8 
           4090      1.67661e+8 
           4110      1.31304e+8 
           4130      1.91052e+8 
           4150       1.9478e+8 
           4170      1.92758e+8 
           4190      1.90617e+8 
           4210      1.88192e+8 
           4230       1.8521e+8 
           4250       1.8243e+8 
           4270      1.79337e+8 
           4290       1.7653e+8 
           4310      1.70475e+8 
           4330      1.35665e+8 
           4350      1.16608e+8 
           4370      1.62748e+8 
           4390      1.63128e+8 
           4410      1.62812e+8 
           4430      1.60742e+8 
           4450      1.59061e+8 
           4470      1.55708e+8 
           4490      1.53001e+8 
           4510      1.52292e+8 
           4530      1.50203e+8 
           4550      1.47448e+8 
           4570      1.46582e+8 
           4590      1.44027e+8 
           4610      1.42952e+8 
           4630      1.40289e+8 
           4650      1.39181e+8 
           4670      1.37212e+8 
           4690      1.35352e+8 
           4710      1.32694e+8 
           4730      1.31928e+8 
           4750      1.30163e+8 
           4770      1.28469e+8 
           4790      1.26535e+8 
           4810      1.24261e+8 
           4830      1.20324e+8 
           4850      9.90814e+7 
           4870      8.17684e+7 
           4890      1.14254e+8 
           4910      1.16308e+8 
           4930       1.1494e+8 
           4950      1.14367e+8 
           4970      1.13184e+8 
           4990      1.11705e+8 
           5010      1.09531e+8 
           5030       1.0877e+8 
           5050      1.06805e+8 
           5070      1.06237e+8 
           5090      1.04941e+8 
           5110       1.0357e+8 
           5130      1.02446e+8 
           5150       1.0104e+8 
           5170      9.94112e+7 
           5190        9.848e+7 
           5210      9.73966e+7 
           5230      9.60622e+7 
           5250      9.51799e+7 
           5270      9.37019e+7 
           5290       9.3007e+7 
           5310      9.16262e+7 
           5330      9.07583e+7 
           5350      8.97782e+7 
           5370      8.87083e+7 
           5390      8.76725e+7 
           5410      8.65765e+7 
           5430      8.56087e+7 
           5450      8.46773e+7 
           5470      8.36652e+7 
           5490      8.27217e+7 
           5510      8.17585e+7 
           5530      8.08603e+7 
           5550      7.99582e+7 
           5570      7.90487e+7 
           5590      7.81586e+7 
           5610      7.73114e+7 
           5630      7.64399e+7 
           5650      7.55207e+7 
           5670      7.46912e+7 
           5690       7.3897e+7 
           5710      7.30858e+7 
           5730      7.22758e+7 
           5750      7.14696e+7 
           5770      7.06887e+7 
           5790       6.9881e+7 
           5810      6.91318e+7 
           5830        6.838e+7 
           5850      6.76404e+7 
           5870      6.66226e+7 
           5890      6.61045e+7 
           5910      6.54594e+7 
           5930      6.47681e+7 
           5950      6.39916e+7 
           5970      6.33575e+7 
           5990      6.26266e+7 
           6010       6.2031e+7 
           6030      6.13798e+7 
           6050      6.07206e+7 
           6070      6.00808e+7 
           6090      5.94521e+7 
           6110      5.88313e+7 
           6130      5.82116e+7 
           6150       5.7442e+7 
           6170      5.69989e+7 
           6190      5.64179e+7 
           6210      5.58354e+7 
           6230      5.52455e+7 
           6250      5.45868e+7 
           6270      5.41287e+7 
           6290      5.35729e+7 
           6310      5.30057e+7 
           6330      5.24841e+7 
           6350      5.16569e+7 
           6370      5.12402e+7 
           6390      5.08988e+7 
           6410      5.03744e+7 
           6430      4.98822e+7 
           6450      4.92979e+7 
           6470      4.88488e+7 
           6490       4.8227e+7 
           6510      4.75828e+7 
           6530      4.64903e+7 
           6550      4.15758e+7 
           6570      3.42441e+7 
           6590       4.4238e+7 
           6610      4.51407e+7 
           6630      4.49656e+7 
           6650      4.46319e+7 
           6670      4.42425e+7 
           6690      4.38237e+7 
           6710      4.34372e+7 
           6730      4.30046e+7 
           6750      4.26005e+7 
           6770      4.21955e+7 
           6790      4.17896e+7 
           6810      4.13893e+7 
           6830      4.09882e+7 
           6850      4.06006e+7 
           6870      4.02178e+7 
           6890      3.98394e+7 
           6910      3.94608e+7 
           6930      3.90803e+7 
           6950      3.87224e+7 
           6970      3.83626e+7 
           6990      3.80068e+7 
           7010      3.76329e+7 
           7030      3.73005e+7 
           7050      3.69329e+7 
           7070      3.65864e+7 
           7090      3.62767e+7 
           7110      3.59172e+7 
           7130      3.56049e+7 
           7150      3.52784e+7 
           7170      3.49633e+7 
           7190      3.46443e+7 
           7210      3.43298e+7 
           7230      3.40106e+7 
           7250      3.37027e+7 
           7270      3.34065e+7 
           7290      3.30977e+7 
           7310      3.28042e+7 
           7330      3.25131e+7 
           7350      3.22256e+7 
           7370      3.19378e+7 
           7390      3.16536e+7 
           7410      3.13697e+7 
           7430      3.10714e+7 
           7450      3.08064e+7 
           7470      3.05195e+7 
           7490      3.02658e+7 
           7510      3.00002e+7 
           7530      2.97479e+7 
           7550      2.94888e+7 
           7570      2.92312e+7 
           7590      2.89767e+7 
           7610      2.87276e+7 
           7630       2.8477e+7 
           7650      2.82285e+7 
           7670       2.7986e+7 
           7690      2.77457e+7 
           7710      2.75044e+7 
           7730      2.72733e+7 
           7750      2.70399e+7 
           7770      2.65021e+7 
           7790       2.6581e+7 
           7810       2.6358e+7 
           7830      2.61332e+7 
           7850      2.58993e+7 
           7870      2.56377e+7 
           7890      2.53862e+7 
           7910      2.52604e+7 
           7930      2.50547e+7 
           7950      2.48102e+7 
           7970      2.46384e+7 
           7990      2.43411e+7 
           8010      2.42297e+7 
           8030      2.40303e+7 
           8050      2.38313e+7 
           8070      2.36335e+7 
           8090      2.34391e+7 
           8110      2.32458e+7 
           8130       2.3058e+7 
           8150       2.2869e+7 
           8170      2.26832e+7 
           8190      2.24827e+7 
           8210      2.24074e+7 
           8230      2.22174e+7 
           8250      2.20965e+7 
           8270      2.19501e+7 
           8290      2.17698e+7 
           8310      2.16193e+7 
           8330      2.14396e+7 
           8350      2.12814e+7 
           8370      2.11024e+7 
           8390      2.09157e+7 
           8410      2.06965e+7 
           8430      2.04993e+7 
           8450       2.0224e+7 
           8470      1.98771e+7 
           8490       2.0106e+7 
           8510      1.92828e+7 
           8530      2.00199e+7 
           8550      1.83303e+7 
           8570      2.01233e+7 
           8590       1.8693e+7 
           8610       1.8248e+7 
           8630      2.02116e+7 
           8650      1.93197e+7 
           8670      1.63379e+7 
           8690      1.97434e+7 
           8710      2.03714e+7 
           8730      1.95288e+7 
           8750      1.55435e+7 
           8770      1.85013e+7 
           8790      2.00725e+7 
           8810      2.01621e+7 
           8830      1.96809e+7 
           8850      1.75112e+7 
           8870      1.49319e+7 
           8890      1.86415e+7 
           8910      1.93808e+7 
           8930      1.93947e+7 
           8950      1.92916e+7 
           8970       1.8988e+7 
           8990      1.81243e+7 
           9010      1.45536e+7 
           9030      1.57838e+7 
           9050      1.80213e+7 
           9070      1.82795e+7 
           9090      1.82196e+7 
           9110      1.81942e+7 
           9130      1.80676e+7 
           9150       1.7927e+7 
           9170      1.77055e+7 
           9190      1.73109e+7 
           9210      1.61251e+7 
           9230      1.27237e+7 
           9250      1.54804e+7 
           9270      1.65396e+7 
           9290      1.69006e+7 
           9310      1.68676e+7 
           9330      1.67676e+7 
           9350       1.6665e+7 
           9370      1.65669e+7 
           9390       1.6422e+7 
           9410      1.62272e+7 
           9430       1.6161e+7 
           9450      1.60294e+7 
           9470      1.58731e+7 
           9490       1.5672e+7 
           9510      1.52891e+7 
           9530      1.40014e+7 
           9550       1.1421e+7 
           9570      1.40964e+7 
           9590      1.49106e+7 
           9610      1.50061e+7 
           9630      1.48934e+7 
           9650       1.4888e+7 
           9670      1.47866e+7 
           9690      1.47039e+7 
           9710      1.46031e+7 
           9730      1.44965e+7 
           9750      1.43896e+7 
           9770      1.42873e+7 
           9790      1.41826e+7 
           9810      1.40783e+7 
           9830      1.39711e+7 
           9850      1.38733e+7 
           9870      1.37723e+7 
           9890      1.36585e+7 
           9910      1.35746e+7 
           9930      1.34661e+7 
           9950      1.33462e+7 
           9970       1.3226e+7 
           9990      1.30697e+7 
          10025      1.19376e+7 
          10075      1.13588e+7 
          10125      1.24651e+7 
          10175      1.23418e+7 
          10225      1.21443e+7 
          10275       1.1934e+7 
          10325      1.17268e+7 
          10375      1.15269e+7 
          10425       1.1331e+7 
          10475      1.11348e+7 
          10525      1.09443e+7 
          10575      1.07632e+7 
          10625      1.05844e+7 
          10675       1.0372e+7 
          10725      1.02248e+7 
          10775      1.00617e+7 
          10825      9.86218e+6 
          10875      9.62073e+6 
          10925        8.252e+6 
          10975      8.89074e+6 
          11025      9.21133e+6 
          11075      9.10991e+6 
          11125      8.97252e+6 
          11175      8.82904e+6 
          11225      8.68868e+6 
          11275      8.52022e+6 
          11325      8.39521e+6 
          11375      8.28168e+6 
          11425      8.15106e+6 
          11475      8.02523e+6 
          11525      7.90046e+6 
          11575      7.77779e+6 
          11625       7.6522e+6 
          11675      7.53154e+6 
          11725      7.42385e+6 
          11775      7.29329e+6 
          11825      7.19592e+6 
          11875      7.08574e+6 
          11925      6.98382e+6 
          11975      6.87595e+6 
          12025      6.77513e+6 
          12075      6.67341e+6 
          12125      6.57439e+6 
          12175      6.47756e+6 
          12225      6.38207e+6 
          12275      6.28719e+6 
          12325       6.1956e+6 
          12375      6.10554e+6 
          12425      6.01746e+6 
          12475      5.92576e+6 
          12525      5.84442e+6 
          12575       5.7573e+6 
          12625      5.67657e+6 
          12675      5.59224e+6 
          12725       5.4907e+6 
          12775      5.28714e+6 
          12825      4.62025e+6 
          12875      5.18032e+6 
          12925      5.19241e+6 
          12975      5.13838e+6 
          13025      5.06901e+6 
          13075      4.99859e+6 
          13125      4.92952e+6 
          13175      4.85832e+6 
          13225      4.79515e+6 
          13275      4.72962e+6 
          13325       4.6651e+6 
          13375      4.60166e+6 
          13425      4.53922e+6 
          13475      4.47779e+6 
          13525      4.41696e+6 
          13575      4.35829e+6 
          13625      4.30019e+6 
          13675      4.24242e+6 
          13725      4.18597e+6 
          13775       4.1318e+6 
          13825      4.07733e+6 
          13875      4.02393e+6 
          13925      3.97099e+6 
          13975      3.91949e+6 
          14025      3.86861e+6 
          14075      3.81855e+6 
          14125      3.76926e+6 
          14175      3.72078e+6 
          14225      3.67309e+6 
          14275      3.62614e+6 
          14325      3.57994e+6 
          14375      3.53449e+6 
          14425      3.48632e+6 
          14475      3.44572e+6 
          14525      3.40115e+6 
          14570      3.36385e+6 
          14620      3.32923e+6 
          14675      3.28492e+6 
          14725      3.24492e+6 
          14775      3.20436e+6 
          14825      3.16668e+6 
          14875       3.1277e+6 
          14925      3.09107e+6 
          14975      3.05315e+6 
          15025      3.01633e+6 
          15075      2.97912e+6 
          15125      2.94283e+6 
          15175      2.90678e+6 
          15225      2.87195e+6 
          15275      2.83268e+6 
          15325      2.79561e+6 
          15375      2.76838e+6 
          15425      2.71705e+6 
          15475      2.70204e+6 
          15525      2.66778e+6 
          15575      2.59741e+6 
          15625      2.63266e+6 
          15675      2.55226e+6 
          15725      2.48883e+6 
          15775      2.55361e+6 
          15825       2.5175e+6 
          15875      2.33573e+6 
          15925      2.42715e+6 
          15975      2.45686e+6 
          16050       2.3797e+6 
          16150      2.24892e+6 
          16250       2.3279e+6 
          16350      2.21777e+6 
          16450      2.09177e+6 
          16550      2.18182e+6 
          16650      2.13531e+6 
          16750      2.02395e+6 
          16850      1.90818e+6 
          16950      1.99614e+6 
          17050      1.95906e+6 
          17150       1.9163e+6 
          17250      1.86401e+6 
          17350      1.67839e+6 
          17450      1.76808e+6 
          17550      1.75594e+6 
          17650       1.7205e+6 
          17750      1.68443e+6 
          17850      1.64929e+6 
          17950      1.61518e+6 
          18050      1.57282e+6 
          18150       1.4294e+6 
          18250      1.48108e+6 
          18350      1.48411e+6 
          18450      1.45644e+6 
          18550        1.426e+6 
          18650      1.38876e+6 
          18750      1.26244e+6 
          18850      1.33114e+6 
          18950      1.31598e+6 
          19050      1.29109e+6 
          19150      1.26583e+6 
          19250       1.2401e+6 
          19350      1.20548e+6 
          19450      1.09383e+6 
          19550      1.15926e+6 
          19650      1.14769e+6 
          19750      1.12663e+6 
          19850      1.10536e+6 
          19950      1.08456e+6 
          20050       1.0643e+6 
          20150      1.04439e+6 
          20250       1.0251e+6 
          20350      1.00614e+6 
          20450          987672 
          20550          969610 
          20650          951937 
          20750          934645 
          20850          917815 
          20950          901350 
          21050          885239 
          21150          869308 
          21250          853971 
          21350          838882 
          21450          823545 
          21550          803225 
          21650          733742 
          21750          770946 
          21850          767439 
          21950          755255 
          22050          742337 
          22150          729653 
          22250          717325 
          22350          705220 
          22450          693360 
          22550          681740 
          22650          670390 
          22750          659253 
          22850          648949 
          22950          638336 
          23050          627960 
          23150          617773 
          23250          607799 
          23350          598023 
          23450          588442 
          23550          579046 
          23650          569828 
          23750          560792 
          23850          551921 
          23950          543188 
          24050          534539 
          24150          526073 
          24250          517981 
          24350          509752 
          24450          501532 
          24550          494178 
          24650          485901 
          24750          478520 
          24850          472362 
          24950          461587 
          25050          458320 
          25150          451565 
          25250          438665 
          25350          437538 
          25450          432774 
          25550          424356 
          25650          409355 
          25750          412670 
          25850          408341 
          25950          402073 
          26050          391325 
          26150          374519 
          26250          356318 
          26350          374357 
          26450          374090 
          26550          369134 
          26650          360878 
          26750          339587 
          26850          350565 
          26950          349177 
          27050          345313 
          27150          340513 
          27250          335738 
          27350          330560 
          27450          323896 
          27550          303591 
          27650          308205 
          27750          311727 
          27850          308753 
          27950          304550 
          28050          300398 
          28150          296312 
          28250          292297 
          28350          288350 
          28450          284446 
          28550          279601 
          28650          270630 
          28750          255310 
          28850          266918 
          28950          265553 
          29050          262510 
          29150          259045 
          29250          255669 
          29350          252329 
          29450          249046 
          29550          245815 
          29650          242638 
          29750          239507 
          29850          236429 
          29950          233400 
          30050          230418 
          30150          227226 
          30250          223042 
          30350          209759 
          30450          210854 
          30550          215062 
          30650          213381 
          30750          210840 
          30850          208176 
          30950          205634 
          31050          203092 
          31150          200587 
          31250          198121 
          31350          195694 
          31450          193301 
          31550          190950 
          31650          188632 
          31750          186346 
          31850          184098 
          31950          181884 
          32100          178624 
          32300          174389 
          32500          170277 
          32700          166027 
          32900          155417 
          33100          156357 
          33300          154617 
          33500          151202 
          33700          147791 
          33900          144475 
          34100          141244 
          34300          138096 
          34500          135041 
          34700          132065 
          34900          129167 
          35100          126351 
          35300          123608 
          35500          120933 
          35700          118320 
          35900          115825 
          36100          113301 
          36300          110973 
          36500          108516 
          36700          106399 
          36900          103888 
          37100          101892 
          37300           97813 
          37500         94819.6 
          37700         95793.6 
          37900         94019.4 
          38100         91628.3 
          38300         89867.3 
          38500         88539.5 
          38700         86804.3 
          38900         84858.4 
          39100         82225.6 
          39300         81695.8 
          39500         80228.4 
          39700         78690.4 
          39900         77113.2 
          40100         74785.6 
          40300         72987.5 
          40500         70141.5 
          40700         71202.8 
          40900         70204.2 
          41100         68909.1 
          41300           67614 
          41500         66036.5 
          41700         63025.7 
          41900         63558.4 
          42100         62745.7 
          42300           61602 
          42500         60479.2 
          42700         59382.9 
          42900         58310.5 
          43100         57263.7 
          43300         56237.5 
          43500         55100.4 
          43700         52517.9 
          43900           52592 
          44100         52325.2 
          44300         51446.8 
          44500         50549.8 
          44700         49736.5 
          44900           48814 
          45100         47976.4 
          45300         47153.5 
          45500         46348.5 
          45700         45557.7 
          45900         44779.1 
          46100         43997.8 
          46300         43119.4 
          46500         40776.9 
          46700         40131.4 
          46900         40819.1 
          47100         40444.4 
          47300         39823.5 
          47500         39183.2 
          47700         38552.4 
          47900         37930.6 
          48100         37319.7 
          48300         36720.4 
          48500         36133.1 
          48700         35557.5 
          48900         34991.5 
          49100         34438.1 
          49300         33894.2 
          49500         33364.2 
          49700         32835.4 
          49900           32329 
          50100         31823.9 
          50300         31321.1 
          50500         30848.9 
          50700         30365.7 
          50900         29855.6 
          51100         29235.7 
          51300         27828.7 
          51500         28412.6 
          51700           28079 
          51900         27709.2 
          52100         27317.8 
          52300         26916.5 
          52500         26475.3 
          52700         26057.8 
          52900         25741.3 
          53100         25403.4 
          53300         25031.5 
          53500         24639.3 
          53700         24192.2 
          53900         23844.5 
          54100         23586.1 
          54300         23272.1 
          54500           22938 
          54700         22610.7 
          54900         22276.3 
          55100         21876.6 
          55300         21480.9 
          55500         21314.1 
          55700         21059.3 
          55900         20765.4 
          56100         20476.4 
          56300         20192.1 
          56500         19913.7 
          56700         19638.7 
          56900         19299.6 
          57100         18844.5 
          57300           18758 
          57500         18584.4 
          57700         18335.8 
          57900         18089.1 
          58100         17845.4 
          58300         17595.7 
          58500         17352.3 
          58700         17103.1 
          58900           16758 
          59100         15976.1 
          59300         16334.5 
          59500         15952.4 
          59700         15875.3 
          59900         15795.8 
          60100         15610.5 
          60300         15413.9 
          60500         15231.8 
          60700         15049.8 
          60900         14856.7 
          61100         14666.7 
          61300           14479 
          61500         14295.3 
          61700         14113.7 
          61900         13935.1 
          62100         13759.5 
          62300         13569.4 
          62500         13378.6 
          62700         13153.5 
          62900         12691.9 
          63100           12797 
          63300           12721 
          63500         12590.5 
          63700         12448.5 
          63900         12295.9 
          64200         12071.6 
          64600         11779.9 
          65000         11497.2 
          65400         11222.2 
          65800         10955.7 
          66200         10697.3 
          66600         10446.9 
          67000         10197.5 
          67400         9913.42 
          67800         9517.33 
          68200         9489.45 
          68600         9296.65 
          69000          9087.1 
          69400         8878.62 
          69800         8682.83 
          70200         8489.37 
          70600         8301.22 
          71000          8109.3 
          71400         7940.36 
          71800         7767.38 
          72200         7599.17 
          72600         7420.58 
          73000         7271.62 
          73400         7120.55 
          73800         6964.03 
          74200         6796.44 
          74600         6488.17 
          75000         6287.07 
          75400         6356.59 
          75800         6259.07 
          76200         6143.56 
          76600         6018.06 
          77000         5895.66 
          77400         5767.95 
          77800         5624.35 
          78200         5538.55 
          78600         5436.23 
          79000         5328.48 
          79400         5223.31 
          79800         5120.73 
          80200         5020.68 
          80600         4923.04 
          81000          4824.8 
          81400         4697.27 
          81800         4622.74 
          82200         4555.32 
          82600         4468.86 
          83000         4384.43 
          83400          4301.9 
          83800         4221.35 
          84200         4142.71 
          84600         4065.82 
          85000         3990.78 
          85400         3917.39 
          85800         3845.68 
          86200         3768.18 
          86600         3653.45 
          87000         3624.61 
          87400         3515.55 
          87800         3453.04 
          88200         3446.05 
          88600         3387.18 
          89000         3327.43 
          89400         3268.94 
          89800         3211.74 
          90200         3155.74 
          90600         3100.99 
          91000         3047.42 
          91400         2995.01 
          91800         2943.71 
          92200         2893.49 
          92600         2842.67 
          93000         2796.23 
          93400         2743.01 
          93800         2652.65 
          94200         2638.49 
          94600         2611.47 
          95000         2568.15 
          95400         2525.76 
          95800         2486.44 
          96200         2445.78 
          96600         2405.91 
          97000         2366.85 
          97400         2328.58 
          97800          2291.1 
          98200         2252.39 
          98600         2214.24 
          99000         2183.04 
          99400         2148.43 
          99800         2114.52 
         100200         2081.28 
         200000         132.863 
         400000         8.25652 
         600000         1.61638 
         800000         0.50715 
         1.0e+6        0.206203 
         1.2e+6       0.0988029 
         1.4e+6       0.0530306 
         1.6e+6       0.0309287 
