# Kurucz ODFNEW /NOVER models
# teff = 6750 K (value for the effective temperature for the model. Temperatures are given in K)
# logg = 0.50 log(cm/s2) (value for Log(G) for the model.)
# meta = -0.5  (value for the Metallicity for the model.)
# lh = 1.25  (l/Hp where l is the  mixing length of the convective element and Hp is the pressure scale height)
# vtur = 2.0 km/s (Microturbulence velocity)
#
# column 1: WAVELENGTH (ANGSTROM), Wavelength in Angstrom
# column 2: FLUX (ERG/CM2/S/A), Flux in erg/cm2/s/A
              0               0 
           90.9               0 
           93.5               0 
           96.1               0 
           97.7               0 
           99.6               0 
            102               0 
          103.8               0 
          105.6               0 
          107.7               0 
          110.4               0 
            114               0 
          117.8               0 
          121.3               0 
          124.8               0 
          127.1               0 
          128.4               0 
          130.5               0 
          132.4               0 
          133.9               0 
          136.6               0 
          139.8               0 
          143.3               0 
          147.2               0 
            151               0 
          155.2               0 
          158.8               0 
            162               0 
            166               0 
          170.3               0 
          173.4               0 
          176.8               0 
          180.2               0 
          181.7               0 
          186.1               0 
            191               0 
          193.9               0 
          198.4               0 
          201.8               0 
            205               0 
          210.5               0 
          216.2               0 
          219.8               0 
            223               0 
          226.8               0 
            230               0 
            234               0 
            240               0 
          246.5               0 
          252.4               0 
          256.8               0 
            260               0 
            264               0 
          268.5               0 
          273.5               0 
          278.5               0 
            284               0 
            290               0 
            296               0 
            301               0 
            308               0 
            318               0 
            328               0 
            338               0 
            348               0 
            357               0 
            366               0 
            375               0 
            385               0 
            395               0 
            405               0 
            414               0 
            422     1.56718e-24 
            430     6.36591e-24 
            441     4.00769e-23 
            451     1.96477e-22 
            460     7.72014e-22 
            470     3.30992e-21 
            480      1.3302e-20 
            490     5.03525e-20 
            500     1.79941e-19 
            506     5.00423e-19 
            512     1.15619e-18 
            520     2.92886e-18 
            530     9.03281e-18 
            540     2.62148e-17 
            550     7.39576e-17 
            560     1.99273e-16 
            570     5.17115e-16 
            580      1.2807e-15 
            590     3.13517e-15 
            600     7.35178e-15 
            610     1.67296e-14 
            620     3.69761e-14 
            630     7.95197e-14 
            640     1.66677e-13 
            650     3.40894e-13 
            658     5.93916e-13 
            665     9.53445e-13 
            675     1.84154e-12 
            685     3.48215e-12 
            695     6.45375e-12 
            705     1.17152e-11 
            716     2.21575e-11 
            726     3.87812e-11 
            735     6.32721e-11 
            745     1.07339e-10 
            755     1.79316e-10 
            765     2.95153e-10 
            775     4.78891e-10 
            785     7.66575e-10 
            795      1.20543e-9 
            805      1.88527e-9 
            815      2.90733e-9 
            825      4.42701e-9 
            835       6.6655e-9 
            845       9.9276e-9 
            855      1.46312e-8 
            865      2.13468e-8 
            875      3.08061e-8 
            885      4.41369e-8 
            895       6.2603e-8 
            905      8.78368e-8 
            915     0.000122173 
            925     0.000376051 
            935     0.000524787 
            945     0.000743779 
            955      0.00108336 
            965      0.00149871 
            975      0.00200099 
            985      0.00273684 
            995      0.00360764 
           1005      0.00503984 
           1015      0.00667545 
           1025      0.00859331 
           1035       0.0115359 
           1045       0.0152224 
           1055       0.0198275 
           1065        0.025219 
           1075       0.0327074 
           1085       0.0420243 
           1095       0.0527413 
           1105        0.163465 
           1115        0.593478 
           1125        0.884655 
           1135         1.23779 
           1145         1.55614 
           1155         1.66165 
           1165         2.14093 
           1175         2.25816 
           1185         2.87037 
           1195        0.947428 
           1205        0.737957 
           1215        0.362227 
           1225        0.959959 
           1235         2.37167 
           1245         5.41413 
           1255         11.6653 
           1265         14.7344 
           1275         26.5232 
           1285         44.5354 
           1295         64.3376 
           1305         57.5263 
           1315          105.43 
           1325         142.135 
           1335         171.002 
           1345         239.634 
           1355         268.755 
           1365         320.436 
           1375         374.453 
           1385         448.409 
           1395         550.839 
           1405         648.832 
           1415         696.967 
           1425         830.629 
           1435         873.757 
           1442         1053.16 
           1447         1155.84 
           1455         1336.65 
           1465         1397.49 
           1475         1620.38 
           1485         1873.72 
           1495         2220.91 
           1505         2512.67 
           1512         2588.99 
           1517         2860.07 
           1525          3074.1 
           1535         4358.83 
           1545         6613.45 
           1555          6725.3 
           1565         6173.72 
           1575         9146.61 
           1585         10732.2 
           1595         14351.6 
           1605           13919 
           1615         13833.7 
           1625         13596.5 
           1635         16277.1 
           1645           20784 
           1655         12020.7 
           1665           20887 
           1672         10927.6 
           1677         30034.4 
           1685         66642.4 
           1695          101998 
           1705         92512.7 
           1715          167818 
           1725          230257 
           1735          313838 
           1745          242578 
           1755          367848 
           1765          299416 
           1775          413162 
           1785          335060 
           1795          594369 
           1805          410713 
           1815          545994 
           1825          431881 
           1835          438632 
           1845          430514 
           1855          540667 
           1865          651416 
           1875          607784 
           1885          677816 
           1895          783481 
           1905          702672 
           1915          753888 
           1925          692823 
           1935          435709 
           1945          932079 
           1955      1.00195e+6 
           1967      1.14886e+6 
           1976      1.13388e+6 
           1984       1.1171e+6 
           1995      1.12015e+6 
           2005      1.05728e+6 
           2015          956899 
           2025          891898 
           2035      1.16443e+6 
           2045       1.3253e+6 
           2055      1.11386e+6 
           2065       1.0447e+6 
           2074      1.50474e+6 
           2078      1.69351e+6 
           2085      1.62739e+6 
           2095      1.54357e+6 
           2105      1.45973e+6 
           2115      1.52402e+6 
           2125      1.53299e+6 
           2135      1.16501e+6 
           2145      1.50568e+6 
           2155      1.59704e+6 
           2165      1.35992e+6 
           2175      1.44015e+6 
           2185       1.5523e+6 
           2195      1.82609e+6 
           2205       1.6976e+6 
           2215      1.34199e+6 
           2225       1.3155e+6 
           2235      1.86524e+6 
           2245      1.66583e+6 
           2255       1.2888e+6 
           2265      1.25446e+6 
           2275      1.65647e+6 
           2285      1.76452e+6 
           2295      1.62751e+6 
           2305      1.78281e+6 
           2315      1.64302e+6 
           2325      1.52772e+6 
           2335          862533 
           2345          615591 
           2355      1.22624e+6 
           2365          611352 
           2375          922153 
           2385          455667 
           2395          644458 
           2405          614886 
           2415          973375 
           2425      1.86468e+6 
           2435      1.83955e+6 
           2445      2.03451e+6 
           2455      2.04616e+6 
           2465      1.94837e+6 
           2475      1.81095e+6 
           2485      1.83167e+6 
           2495      1.80618e+6 
           2505      2.46264e+6 
           2513      1.80426e+6 
           2518       2.0144e+6 
           2525      1.59062e+6 
           2535      1.57323e+6 
           2545       1.6568e+6 
           2555      2.01205e+6 
           2565      1.62889e+6 
           2575      1.91739e+6 
           2585      1.60525e+6 
           2595      1.36683e+6 
           2605      1.11636e+6 
           2615      1.04961e+6 
           2625      1.44112e+6 
           2635      2.12065e+6 
           2645      3.41667e+6 
           2655      3.56099e+6 
           2665       2.8152e+6 
           2675      3.12872e+6 
           2685      3.13133e+6 
           2695      2.91346e+6 
           2705      3.14836e+6 
           2715      2.56788e+6 
           2725      2.59909e+6 
           2735      2.74542e+6 
           2745      1.41172e+6 
           2755        1.829e+6 
           2765      2.25957e+6 
           2775      2.73367e+6 
           2785      1.94441e+6 
           2795          668102 
           2805          862674 
           2815      2.51119e+6 
           2825      3.48806e+6 
           2835      3.43865e+6 
           2845      3.39041e+6 
           2855      2.98046e+6 
           2865      3.67701e+6 
           2875      3.61894e+6 
           2885      3.76584e+6 
           2895      3.58318e+6 
           2910      4.41735e+6 
           2930      4.19416e+6 
           2950      4.13938e+6 
           2970      4.54806e+6 
           2990      4.62817e+6 
           3010      4.91573e+6 
           3030      4.91054e+6 
           3050      4.97272e+6 
           3070      4.97808e+6 
           3090      5.31157e+6 
           3110      5.12312e+6 
           3130      5.10055e+6 
           3150      5.44678e+6 
           3170      5.42927e+6 
           3190      5.01637e+6 
           3210      5.41104e+6 
           3230      5.05609e+6 
           3250      5.51408e+6 
           3270      5.74597e+6 
           3290      5.83642e+6 
           3310      6.06249e+6 
           3330      5.90939e+6 
           3350      5.83633e+6 
           3370      5.75269e+6 
           3390      5.95382e+6 
           3410      6.18094e+6 
           3430      6.38126e+6 
           3450      6.35434e+6 
           3470      6.24812e+6 
           3490      6.21011e+6 
           3510      6.51872e+6 
           3530      6.59019e+6 
           3550      6.91672e+6 
           3570      6.51902e+6 
           3590      6.59447e+6 
           3610      6.68609e+6 
           3630      6.86366e+6 
           3640      6.71682e+6 
           3650      7.07453e+6 
           3670      7.13356e+6 
           3690      8.04862e+6 
           3710      1.07949e+7 
           3730      1.56929e+7 
           3750      2.23932e+7 
           3770      2.33149e+7 
           3790      2.76435e+7 
           3810      3.07122e+7 
           3830      2.49673e+7 
           3850      3.11754e+7 
           3870      3.30146e+7 
           3890      2.42015e+7 
           3910      3.03441e+7 
           3930      1.69992e+7 
           3950      2.75693e+7 
           3970      1.65771e+7 
           3990      3.10162e+7 
           4010      3.23593e+7 
           4030      3.18302e+7 
           4050      3.15004e+7 
           4070      3.08073e+7 
           4090      3.04955e+7 
           4110      2.50832e+7 
           4130      3.06364e+7 
           4150      3.14224e+7 
           4170      3.03072e+7 
           4190       3.0291e+7 
           4210      2.99529e+7 
           4230      2.94429e+7 
           4250      2.97234e+7 
           4270      2.90055e+7 
           4290      2.90488e+7 
           4310      2.72913e+7 
           4330      2.62019e+7 
           4350      2.31065e+7 
           4370      2.86697e+7 
           4390      2.78754e+7 
           4410      2.70943e+7 
           4430      2.72476e+7 
           4450       2.7359e+7 
           4470       2.7241e+7 
           4490      2.72194e+7 
           4510      2.78194e+7 
           4530      2.64893e+7 
           4550      2.60113e+7 
           4570      2.70215e+7 
           4590      2.59014e+7 
           4610      2.68205e+7 
           4630      2.59971e+7 
           4650      2.62583e+7 
           4670        2.616e+7 
           4690      2.55366e+7 
           4710      2.47003e+7 
           4730      2.54988e+7 
           4750      2.56319e+7 
           4770      2.50713e+7 
           4790      2.49133e+7 
           4810      2.47082e+7 
           4830      2.43425e+7 
           4850      2.19864e+7 
           4870       1.8175e+7 
           4890      2.34337e+7 
           4910      2.34869e+7 
           4930      2.28132e+7 
           4950       2.3275e+7 
           4970       2.3393e+7 
           4990      2.23374e+7 
           5010      2.15036e+7 
           5030      2.22054e+7 
           5050       2.1959e+7 
           5070       2.2173e+7 
           5090      2.18174e+7 
           5110      2.16945e+7 
           5130       2.1069e+7 
           5150      2.07736e+7 
           5170      2.03806e+7 
           5190      2.01651e+7 
           5210      2.01563e+7 
           5230      2.00727e+7 
           5250      2.03246e+7 
           5270      1.91981e+7 
           5290      1.99754e+7 
           5310      1.95807e+7 
           5330      1.91184e+7 
           5350      1.96378e+7 
           5370      1.94264e+7 
           5390       1.9149e+7 
           5410      1.88223e+7 
           5430      1.87414e+7 
           5450      1.89516e+7 
           5470      1.87163e+7 
           5490      1.86277e+7 
           5510       1.8417e+7 
           5530      1.83062e+7 
           5550      1.83812e+7 
           5570       1.8105e+7 
           5590      1.79238e+7 
           5610      1.78621e+7 
           5630      1.78352e+7 
           5650      1.75475e+7 
           5670      1.73079e+7 
           5690      1.73924e+7 
           5710      1.72408e+7 
           5730       1.7279e+7 
           5750      1.70769e+7 
           5770      1.69802e+7 
           5790       1.6789e+7 
           5810      1.66937e+7 
           5830      1.65849e+7 
           5850      1.64122e+7 
           5870      1.63334e+7 
           5890      1.59436e+7 
           5910      1.60699e+7 
           5930      1.59381e+7 
           5950      1.58237e+7 
           5970      1.57379e+7 
           5990      1.55364e+7 
           6010      1.53946e+7 
           6030      1.53206e+7 
           6050      1.52277e+7 
           6070      1.51633e+7 
           6090      1.49846e+7 
           6110        1.481e+7 
           6130      1.45942e+7 
           6150       1.4364e+7 
           6170        1.437e+7 
           6190      1.44435e+7 
           6210      1.43701e+7 
           6230      1.41382e+7 
           6250      1.37161e+7 
           6270      1.40494e+7 
           6290      1.39421e+7 
           6310      1.36732e+7 
           6330      1.36781e+7 
           6350       1.3551e+7 
           6370      1.34456e+7 
           6390      1.33985e+7 
           6410      1.31949e+7 
           6430      1.31612e+7 
           6450      1.29647e+7 
           6470      1.30188e+7 
           6490      1.27204e+7 
           6510      1.27464e+7 
           6530       1.2687e+7 
           6550      1.18255e+7 
           6570      9.49835e+6 
           6590      1.22584e+7 
           6610      1.23136e+7 
           6630      1.23346e+7 
           6650      1.22511e+7 
           6670      1.21414e+7 
           6690      1.20941e+7 
           6710       1.1997e+7 
           6730       1.1925e+7 
           6750      1.17999e+7 
           6770      1.17746e+7 
           6790      1.16653e+7 
           6810      1.16075e+7 
           6830      1.14863e+7 
           6850      1.14185e+7 
           6870      1.13673e+7 
           6890      1.12951e+7 
           6910      1.12132e+7 
           6930      1.11297e+7 
           6950      1.10549e+7 
           6970       1.0976e+7 
           6990      1.09087e+7 
           7010      1.07583e+7 
           7030      1.07361e+7 
           7050      1.06828e+7 
           7070      1.06119e+7 
           7090      1.05439e+7 
           7110      1.03103e+7 
           7130      1.03466e+7 
           7150      1.02962e+7 
           7170      1.02322e+7 
           7190      1.01208e+7 
           7210      1.00632e+7 
           7230        9.986e+6 
           7250      9.95248e+6 
           7270      9.90637e+6 
           7290       9.7911e+6 
           7310      9.70236e+6 
           7330      9.66561e+6 
           7350      9.62076e+6 
           7370      9.59567e+6 
           7390      9.49275e+6 
           7410      9.38599e+6 
           7430      9.32325e+6 
           7450      9.28005e+6 
           7470       9.1845e+6 
           7490      9.14694e+6 
           7510      9.10164e+6 
           7530      9.07061e+6 
           7550      9.04906e+6 
           7570      8.96056e+6 
           7590      8.92188e+6 
           7610       8.8666e+6 
           7630      8.81111e+6 
           7650      8.72585e+6 
           7670      8.64646e+6 
           7690      8.62446e+6 
           7710      8.52466e+6 
           7730      8.51653e+6 
           7750      8.45694e+6 
           7770      8.25934e+6 
           7790      8.37341e+6 
           7810      8.31516e+6 
           7830      8.23155e+6 
           7850      8.15421e+6 
           7870      8.12135e+6 
           7890      8.05237e+6 
           7910      8.01531e+6 
           7930      7.95517e+6 
           7950      7.89731e+6 
           7970      7.90697e+6 
           7990      7.81136e+6 
           8010      7.78885e+6 
           8030      7.73315e+6 
           8050      7.69477e+6 
           8070       7.6451e+6 
           8090      7.59122e+6 
           8110      7.56358e+6 
           8130      7.52242e+6 
           8150      7.47251e+6 
           8170       7.4258e+6 
           8190      7.28903e+6 
           8210      7.29047e+6 
           8230      7.24116e+6 
           8250       7.1895e+6 
           8270      7.21094e+6 
           8290      7.15263e+6 
           8310      7.07022e+6 
           8330      6.93261e+6 
           8350      7.02264e+6 
           8370       6.8493e+6 
           8390      6.88947e+6 
           8410      6.88443e+6 
           8430      7.03895e+6 
           8450      6.90647e+6 
           8470      6.76152e+6 
           8490      7.15725e+6 
           8510      6.50511e+6 
           8530      7.23834e+6 
           8550      5.91461e+6 
           8570       7.4464e+6 
           8590      7.12993e+6 
           8610      6.93117e+6 
           8630      7.57791e+6 
           8650      7.42712e+6 
           8670      5.92042e+6 
           8690      7.34692e+6 
           8710      7.52575e+6 
           8730      7.41669e+6 
           8750      6.35245e+6 
           8770      7.26247e+6 
           8790      7.35967e+6 
           8810      7.28112e+6 
           8830       7.1559e+6 
           8850      6.94418e+6 
           8870      6.15396e+6 
           8890      7.07822e+6 
           8910      7.05786e+6 
           8930      7.00645e+6 
           8950      7.01892e+6 
           8970      6.96376e+6 
           8990      6.87127e+6 
           9010      6.00922e+6 
           9030      6.50376e+6 
           9050      6.79105e+6 
           9070      6.61138e+6 
           9090      6.49617e+6 
           9110      6.61156e+6 
           9130      6.63279e+6 
           9150      6.61687e+6 
           9170      6.56117e+6 
           9190      6.49383e+6 
           9210      6.33686e+6 
           9230      5.42591e+6 
           9250      6.15978e+6 
           9270      6.22573e+6 
           9290      6.33033e+6 
           9310      6.29927e+6 
           9330      6.25193e+6 
           9350       6.2209e+6 
           9370      6.19053e+6 
           9390      6.12743e+6 
           9410      5.93718e+6 
           9430       6.0243e+6 
           9450      6.00979e+6 
           9470      5.99831e+6 
           9490      5.97097e+6 
           9510      5.91212e+6 
           9530      5.77784e+6 
           9550      5.00477e+6 
           9570      5.73746e+6 
           9590      5.77949e+6 
           9610      5.70895e+6 
           9630      5.63529e+6 
           9650      5.66416e+6 
           9670       5.5771e+6 
           9690      5.57254e+6 
           9710      5.59278e+6 
           9730      5.55509e+6 
           9750      5.48554e+6 
           9770      5.49391e+6 
           9790      5.45928e+6 
           9810      5.42648e+6 
           9830      5.39545e+6 
           9850      5.33007e+6 
           9870      5.31274e+6 
           9890      5.25854e+6 
           9910         5.25e+6 
           9930      5.21858e+6 
           9950      5.19645e+6 
           9970       5.1817e+6 
           9990      5.15115e+6 
          10025      4.97056e+6 
          10075      4.76919e+6 
          10125      4.91291e+6 
          10175      4.86947e+6 
          10225      4.81188e+6 
          10275      4.75411e+6 
          10325      4.65518e+6 
          10375       4.6118e+6 
          10425      4.55172e+6 
          10475      4.43903e+6 
          10525      4.40443e+6 
          10575      4.35176e+6 
          10625      4.28586e+6 
          10675      4.16382e+6 
          10725      4.15228e+6 
          10775       4.1041e+6 
          10825      4.04474e+6 
          10875      3.99521e+6 
          10925      3.68949e+6 
          10975      3.85266e+6 
          11025      3.86274e+6 
          11075      3.81657e+6 
          11125      3.75496e+6 
          11175      3.70696e+6 
          11225      3.66562e+6 
          11275      3.56828e+6 
          11325      3.52217e+6 
          11375        3.507e+6 
          11425      3.44375e+6 
          11475      3.43211e+6 
          11525       3.3902e+6 
          11575      3.34185e+6 
          11625      3.26216e+6 
          11675      3.20469e+6 
          11725      3.21827e+6 
          11775      3.12225e+6 
          11825       3.1072e+6 
          11875      3.04931e+6 
          11925      3.06166e+6 
          11975      2.99045e+6 
          12025      2.97266e+6 
          12075      2.92975e+6 
          12125      2.89616e+6 
          12175      2.87013e+6 
          12225      2.83158e+6 
          12275      2.79106e+6 
          12325      2.76002e+6 
          12375      2.72915e+6 
          12425      2.70016e+6 
          12475      2.66379e+6 
          12525      2.62816e+6 
          12575      2.58276e+6 
          12625       2.5588e+6 
          12675      2.53818e+6 
          12725      2.51036e+6 
          12775      2.47205e+6 
          12825      2.27661e+6 
          12875      2.41494e+6 
          12925       2.3884e+6 
          12975      2.36085e+6 
          13025      2.33477e+6 
          13075      2.30835e+6 
          13125      2.27767e+6 
          13175      2.24566e+6 
          13225      2.22699e+6 
          13275      2.19977e+6 
          13325      2.17502e+6 
          13375      2.14973e+6 
          13425      2.12455e+6 
          13475       2.1003e+6 
          13525      2.07101e+6 
          13575      2.04596e+6 
          13625      2.02785e+6 
          13675      2.00272e+6 
          13725      1.96153e+6 
          13775      1.95268e+6 
          13825       1.9318e+6 
          13875      1.91598e+6 
          13925      1.88824e+6 
          13975      1.87024e+6 
          14025      1.84907e+6 
          14075      1.83054e+6 
          14125      1.80739e+6 
          14175      1.78823e+6 
          14225      1.76628e+6 
          14275      1.74561e+6 
          14325      1.72893e+6 
          14375      1.71151e+6 
          14425      1.66248e+6 
          14475      1.67199e+6 
          14525      1.63875e+6 
          14570      1.63566e+6 
          14620      1.61342e+6 
          14675      1.60075e+6 
          14725      1.57933e+6 
          14775      1.55786e+6 
          14825      1.54375e+6 
          14875      1.51981e+6 
          14925      1.51441e+6 
          14975      1.49766e+6 
          15025      1.46506e+6 
          15075      1.45491e+6 
          15125      1.44385e+6 
          15175      1.43026e+6 
          15225      1.43851e+6 
          15275      1.39088e+6 
          15325      1.38116e+6 
          15375      1.40122e+6 
          15425      1.34009e+6 
          15475      1.37869e+6 
          15525      1.37348e+6 
          15575      1.29902e+6 
          15625      1.35895e+6 
          15675      1.32731e+6 
          15725      1.26745e+6 
          15775      1.31794e+6 
          15825      1.31343e+6 
          15875      1.20863e+6 
          15925      1.28592e+6 
          15975       1.2824e+6 
          16050      1.25591e+6 
          16150      1.19258e+6 
          16250       1.2153e+6 
          16350      1.17991e+6 
          16450      1.11832e+6 
          16550      1.13882e+6 
          16650      1.11523e+6 
          16750      1.08445e+6 
          16850      1.02811e+6 
          16950      1.04754e+6 
          17050      1.02248e+6 
          17150      1.00441e+6 
          17250          979140 
          17350          919790 
          17450          936794 
          17550          921442 
          17650          901947 
          17750          886456 
          17850          868109 
          17950          854361 
          18050          834547 
          18150          789009 
          18250          799933 
          18350          788439 
          18450          773453 
          18550          757297 
          18650          743977 
          18750          695216 
          18850          713665 
          18950          698337 
          19050          690545 
          19150          677447 
          19250          664661 
          19350          651953 
          19450          615204 
          19550          628482 
          19650          617408 
          19750          604594 
          19850          595211 
          19950          584580 
          20050          574408 
          20150          564359 
          20250          553948 
          20350          543779 
          20450          535031 
          20550          525563 
          20650          515733 
          20750          507090 
          20850          498537 
          20950          489729 
          21050          481254 
          21150          472164 
          21250          464187 
          21350          456524 
          21450          449854 
          21550          442323 
          21650          418651 
          21750          427003 
          21850          420348 
          21950          413893 
          22050          406360 
          22150          399165 
          22250          393873 
          22350          387461 
          22450          381243 
          22550          373847 
          22650          368790 
          22750          363016 
          22850          357392 
          22950          351501 
          23050          346479 
          23150          340963 
          23250          335798 
          23350          330455 
          23450          325287 
          23550          320322 
          23650          315166 
          23750          310507 
          23850          305596 
          23950          300812 
          24050          295801 
          24150          290869 
          24250          289270 
          24350          281937 
          24450          277417 
          24550          276562 
          24650          270677 
          24750          266858 
          24850          265324 
          24950          255431 
          25050          258451 
          25150          254756 
          25250          244286 
          25350          247621 
          25450          244365 
          25550          240563 
          25650          229850 
          25750          234045 
          25850          230580 
          25950          228174 
          26050          224311 
          26150          214169 
          26250          209813 
          26350          215375 
          26450          212796 
          26550          209609 
          26650          206161 
          26750          196762 
          26850          201126 
          26950          198640 
          27050          195691 
          27150          193245 
          27250          190607 
          27350          188007 
          27450          185515 
          27550          177028 
          27650          179465 
          27750          178115 
          27850          175760 
          27950          173458 
          28050          171151 
          28150          168877 
          28250          166659 
          28350          164502 
          28450          162207 
          28550          160231 
          28650          157784 
          28750          150763 
          28850          154010 
          28950          152036 
          29050          150165 
          29150          148032 
          29250          146295 
          29350          144504 
          29450          142656 
          29550          140881 
          29650          139114 
          29750          137363 
          29850          135658 
          29950          133930 
          30050          132264 
          30150          130613 
          30250          129035 
          30350          124002 
          30450          124838 
          30550          124329 
          30650          122809 
          30750          121331 
          30850          119690 
          30950          118336 
          31050          116883 
          31150          115303 
          31250          114080 
          31350          112729 
          31450          111354 
          31550          110135 
          31650          108891 
          31750          107500 
          31850          106339 
          31950          105084 
          32100          103234 
          32300          100877 
          32500         98554.4 
          32700         96292.1 
          32900         92124.7 
          33100         91527.2 
          33300         89595.4 
          33500         87669.2 
          33700           85600 
          33900         83740.7 
          34100         81925.5 
          34300         80210.7 
          34500         78536.6 
          34700         76848.5 
          34900         75196.9 
          35100         73614.6 
          35300         72030.2 
          35500         70452.4 
          35700         68890.8 
          35900         67798.1 
          36100         66005.3 
          36300         65065.5 
          36500         63237.6 
          36700         62441.1 
          36900         60529.3 
          37100         59905.7 
          37300         58347.1 
          37500         56186.2 
          37700         56415.8 
          37900         55339.3 
          38100         53745.3 
          38300         52992.8 
          38500         52214.9 
          38700         51173.4 
          38900         50195.5 
          39100         48478.2 
          39300         48337.3 
          39500         47409.8 
          39700         46522.1 
          39900         45560.1 
          40100         44535.1 
          40300         43384.2 
          40500         42334.3 
          40700         42299.2 
          40900         41485.6 
          41100           40764 
          41300         40014.5 
          41500         39266.5 
          41700         37920.1 
          41900         37846.7 
          42100         37139.2 
          42300         36521.6 
          42500         35863.6 
          42700           35231 
          42900         34606.5 
          43100         33994.1 
          43300         33393.3 
          43500         32810.2 
          43700         31737.2 
          43900         31646.1 
          44100         31119.7 
          44300         30593.5 
          44500           30068 
          44700         29605.4 
          44900         29052.6 
          45100         28569.5 
          45300         28086.5 
          45500         27618.1 
          45700         27153.2 
          45900         26697.1 
          46100         26265.7 
          46300         25828.4 
          46500         24967.3 
          46700         24574.2 
          46900         24572.3 
          47100         24185.8 
          47300         23798.1 
          47500         23406.1 
          47700         23033.1 
          47900         22667.1 
          48100         22304.8 
          48300         21970.2 
          48500         21598.8 
          48700         21286.8 
          48900           20924 
          49100         20624.1 
          49300         20266.5 
          49500           20000 
          49700         19628.9 
          49900         19394.7 
          50100         19105.1 
          50300         18724.2 
          50500           18551 
          50700         18271.6 
          50900           17868 
          51100         17702.4 
          51300         17158.1 
          51500         17192.7 
          51700         16803.5 
          51900         16699.4 
          52100         16450.7 
          52300         16209.4 
          52500         15956.3 
          52700         15596.7 
          52900         15512.6 
          53100         15287.7 
          53300         15067.1 
          53500         14850.7 
          53700         14537.8 
          53900         14358.8 
          54100         14225.8 
          54300         14020.3 
          54500         13823.7 
          54700         13624.6 
          54900         13439.2 
          55100         13243.8 
          55300         12903.1 
          55500         12884.8 
          55700         12705.1 
          55900         12522.7 
          56100         12359.3 
          56300         12190.9 
          56500         12025.6 
          56700         11861.3 
          56900         11701.2 
          57100         11379.2 
          57300         11387.1 
          57500         11235.5 
          57700         11084.9 
          57900           10936 
          58100         10792.2 
          58300         10647.8 
          58500         10507.2 
          58700         10368.6 
          58900         10226.5 
          59100         9938.66 
          59300         9963.84 
          59500         9690.64 
          59700         9695.17 
          59900         9599.35 
          60100         9479.47 
          60300         9358.98 
          60500         9239.45 
          60700         9119.48 
          60900          9003.1 
          61100         8886.42 
          61300         8779.51 
          61500          8669.1 
          61700         8560.54 
          61900         8451.24 
          62100         8348.35 
          62300         8240.28 
          62500         8138.53 
          62700         8035.25 
          62900         7807.67 
          63100         7831.21 
          63300         7748.71 
          63500         7647.11 
          63700         7562.65 
          63900         7462.07 
          64200         7335.65 
          64600         7155.63 
          65000         6983.37 
          65400         6825.73 
          65800         6658.06 
          66200         6503.58 
          66600         6356.89 
          67000         6212.33 
          67400         6060.18 
          67800         5882.02 
          68200         5785.51 
          68600         5667.01 
          69000         5538.67 
          69400          5400.4 
          69800         5295.59 
          70200            5179 
          70600         5065.23 
          71000         4938.96 
          71400         4848.24 
          71800         4743.53 
          72200         4639.56 
          72600          4522.7 
          73000         4446.67 
          73400         4352.54 
          73800         4261.28 
          74200         4170.98 
          74600         4042.52 
          75000         3920.54 
          75400         3917.63 
          75800         3838.48 
          76200         3760.93 
          76600         3684.84 
          77000         3610.73 
          77400         3538.42 
          77800         3445.54 
          78200         3399.32 
          78600         3332.16 
          79000         3266.78 
          79400         3202.86 
          79800         3140.36 
          80200         3079.47 
          80600         3020.17 
          81000         2962.51 
          81400         2885.88 
          81800         2848.38 
          82200         2796.63 
          82600         2744.22 
          83000         2692.29 
          83400         2641.83 
          83800         2591.72 
          84200          2545.1 
          84600         2498.67 
          85000         2451.95 
          85400         2408.27 
          85800         2362.84 
          86200          2321.8 
          86600         2262.37 
          87000         2238.43 
          87400         2189.44 
          87800         2151.45 
          88200         2122.15 
          88600         2082.06 
          89000         2048.36 
          89400         2012.77 
          89800         1977.64 
          90200         1943.51 
          90600         1906.93 
          91000         1877.33 
          91400         1845.28 
          91800         1814.08 
          92200          1783.4 
          92600         1748.78 
          93000         1723.93 
          93400         1695.11 
          93800          1653.5 
          94200         1638.64 
          94600         1612.18 
          95000         1584.19 
          95400         1555.58 
          95800          1534.4 
          96200         1509.37 
          96600         1485.07 
          97000         1461.16 
          97400         1437.54 
          97800         1414.66 
          98200         1391.91 
          98600         1364.56 
          99000         1348.52 
          99400         1327.24 
          99800         1306.41 
         100200         1286.02 
         200000         83.4101 
         400000         5.23279 
         600000          1.0282 
         800000        0.323383 
         1.0e+6        0.131712 
         1.2e+6       0.0631939 
         1.4e+6       0.0339539 
         1.6e+6        0.019821 
