# Kurucz ODFNEW /NOVER models
# teff = 10250 K (value for the effective temperature for the model. Temperatures are given in K)
# logg = 4.50 log(cm/s2) (value for Log(G) for the model.)
# meta = -0.5  (value for the Metallicity for the model.)
# lh = 1.25  (l/Hp where l is the  mixing length of the convective element and Hp is the pressure scale height)
# vtur = 2.0 km/s (Microturbulence velocity)
#
# column 1: WAVELENGTH (ANGSTROM), Wavelength in Angstrom
# column 2: FLUX (ERG/CM2/S/A), Flux in erg/cm2/s/A
              0               0 
           90.9               0 
           93.5               0 
           96.1               0 
           97.7               0 
           99.6               0 
            102               0 
          103.8               0 
          105.6               0 
          107.7               0 
          110.4               0 
            114               0 
          117.8               0 
          121.3               0 
          124.8               0 
          127.1               0 
          128.4               0 
          130.5               0 
          132.4               0 
          133.9               0 
          136.6               0 
          139.8               0 
          143.3               0 
          147.2               0 
            151               0 
          155.2               0 
          158.8               0 
            162               0 
            166               0 
          170.3               0 
          173.4               0 
          176.8               0 
          180.2               0 
          181.7               0 
          186.1               0 
            191               0 
          193.9               0 
          198.4               0 
          201.8               0 
            205               0 
          210.5               0 
          216.2               0 
          219.8               0 
            223               0 
          226.8               0 
            230               0 
            234               0 
            240               0 
          246.5               0 
          252.4               0 
          256.8     8.55533e-23 
            260     2.30636e-22 
            264     7.45503e-22 
          268.5      2.6456e-21 
          273.5      1.0259e-20 
          278.5     3.80464e-20 
            284     1.52689e-19 
            290      6.5603e-19 
            296     2.65796e-18 
            301     8.20232e-18 
            308     3.74069e-17 
            318      2.9185e-16 
            328     2.01504e-15 
            338     1.24145e-14 
            348     6.89975e-14 
            357     2.97603e-13 
            366     1.19505e-12 
            375     4.48406e-12 
            385     1.81278e-11 
            395     6.81653e-11 
            405     2.39922e-10 
            414     7.06353e-10 
            422      1.77253e-9 
            430      4.29318e-9 
            441      1.37449e-8 
            451      3.76228e-8 
            460      8.95804e-8 
            470      2.25612e-7 
            480      5.45931e-7 
            490      1.27257e-6 
            500      2.86285e-6 
            506      5.23698e-6 
            512      8.72714e-6 
            520      1.56794e-5 
            530      3.18967e-5 
            540      6.26785e-5 
            550     0.000120955 
            560     0.000226963 
            570     0.000416121 
            580     0.000743875 
            590       0.0013119 
            600      0.00226007 
            610      0.00382178 
            620      0.00634688 
            630       0.0103622 
            640       0.0166457 
            650        0.026339 
            658        0.037618 
            665       0.0509938 
            675       0.0778405 
            685         0.11726 
            695        0.174449 
            705        0.256353 
            716        0.386426 
            726        0.554643 
            735        0.760888 
            745         1.07082 
            755         1.49225 
            765         2.06002 
            775         2.81846 
            785         3.82259 
            795         5.13937 
            805         6.85877 
            815         9.08158 
            825         11.9319 
            835         15.5663 
            845         20.1755 
            855         25.9703 
            865         33.2149 
            875         42.2135 
            885         53.3379 
            895          66.991 
            905          83.637 
            915         537.045 
            925         3654.92 
            935         6395.02 
            945         11691.8 
            955         17833.5 
            965         23926.9 
            975         17861.1 
            985         36540.5 
            995         41819.8 
           1005         50331.6 
           1015         51300.8 
           1025         30167.8 
           1035         63228.9 
           1045         83693.1 
           1055         99548.8 
           1065          112405 
           1075          136550 
           1085          158590 
           1095          173239 
           1105      1.04588e+6 
           1115      2.30406e+7 
           1125      3.23797e+7 
           1135      3.99767e+7 
           1145      3.37728e+7 
           1155      3.22616e+7 
           1165      2.65122e+7 
           1175      1.32514e+7 
           1185      5.31658e+6 
           1195          422944 
           1205          304310 
           1215         89214.9 
           1225          317702 
           1235          692883 
           1245      2.92921e+6 
           1255       1.9433e+7 
           1265      3.35006e+7 
           1275      6.88839e+7 
           1285      1.05792e+8 
           1295       1.1521e+8 
           1305      8.10168e+7 
           1315      1.30601e+8 
           1325      1.47913e+8 
           1335      1.48025e+8 
           1345      1.72406e+8 
           1355       1.5978e+8 
           1365      1.47032e+8 
           1375      1.56791e+8 
           1385      1.48117e+8 
           1395       1.5143e+8 
           1405      1.67332e+8 
           1415      1.69058e+8 
           1425      1.80105e+8 
           1435      1.63125e+8 
           1442      1.83332e+8 
           1447      1.92755e+8 
           1455      1.93577e+8 
           1465      1.79499e+8 
           1475      1.72964e+8 
           1485      1.76832e+8 
           1495        1.872e+8 
           1505      1.88762e+8 
           1512      1.77543e+8 
           1517      1.89635e+8 
           1525      1.78125e+8 
           1535      1.74581e+8 
           1545      1.87811e+8 
           1555       1.6222e+8 
           1565      1.41958e+8 
           1575      1.63958e+8 
           1585      1.77461e+8 
           1595      1.85239e+8 
           1605       1.7624e+8 
           1615      1.76433e+8 
           1625      1.60415e+8 
           1635      1.65308e+8 
           1645      1.75096e+8 
           1655      1.47472e+8 
           1665      1.71893e+8 
           1672      1.41173e+8 
           1677      1.61967e+8 
           1685      1.74882e+8 
           1695       1.6084e+8 
           1705      1.57715e+8 
           1715      1.58917e+8 
           1725      1.56041e+8 
           1735      1.62532e+8 
           1745      1.58188e+8 
           1755      1.67546e+8 
           1765      1.48891e+8 
           1775      1.62811e+8 
           1785      1.60708e+8 
           1795      1.69352e+8 
           1805      1.62011e+8 
           1815      1.60517e+8 
           1825      1.54544e+8 
           1835      1.51745e+8 
           1845        1.429e+8 
           1855       1.4768e+8 
           1865      1.48115e+8 
           1875      1.52723e+8 
           1885      1.51891e+8 
           1895      1.49516e+8 
           1905      1.44328e+8 
           1915      1.46933e+8 
           1925      1.47668e+8 
           1935      1.44083e+8 
           1945      1.49994e+8 
           1955      1.47833e+8 
           1967      1.49501e+8 
           1976      1.46521e+8 
           1984      1.43724e+8 
           1995      1.40658e+8 
           2005      1.38555e+8 
           2015      1.33203e+8 
           2025        1.336e+8 
           2035      1.36074e+8 
           2045      1.37845e+8 
           2055      1.32519e+8 
           2065      1.31354e+8 
           2074      1.34412e+8 
           2078      1.36939e+8 
           2085       1.3629e+8 
           2095      1.31902e+8 
           2105       1.3021e+8 
           2115      1.29596e+8 
           2125      1.29706e+8 
           2135      1.17485e+8 
           2145      1.26643e+8 
           2155       1.2603e+8 
           2165      1.20882e+8 
           2175      1.19383e+8 
           2185      1.19153e+8 
           2195        1.242e+8 
           2205      1.19481e+8 
           2215      1.12054e+8 
           2225      1.10958e+8 
           2235       1.1953e+8 
           2245      1.10716e+8 
           2255      1.08803e+8 
           2265      1.08542e+8 
           2275      1.13755e+8 
           2285      1.15648e+8 
           2295      1.09778e+8 
           2305      1.08495e+8 
           2315      1.06083e+8 
           2325      1.06239e+8 
           2335      1.03396e+8 
           2345      9.66177e+7 
           2355        1.041e+8 
           2365       9.6809e+7 
           2375      1.00457e+8 
           2385      9.14238e+7 
           2395       9.7893e+7 
           2405      9.41888e+7 
           2415      9.55999e+7 
           2425      9.85031e+7 
           2435      9.41312e+7 
           2445      9.90032e+7 
           2455      9.58541e+7 
           2465       9.5078e+7 
           2475      9.17407e+7 
           2485      9.59636e+7 
           2495      9.30415e+7 
           2505      9.89582e+7 
           2513      9.31392e+7 
           2518      9.35122e+7 
           2525      8.84034e+7 
           2535      8.76839e+7 
           2545      8.76416e+7 
           2555      9.17701e+7 
           2565      9.12391e+7 
           2575      9.52929e+7 
           2585      9.53745e+7 
           2595      9.47584e+7 
           2605       9.1351e+7 
           2615      9.08464e+7 
           2625      9.27144e+7 
           2635      9.30646e+7 
           2645      9.89156e+7 
           2655      9.76373e+7 
           2665      9.29225e+7 
           2675      9.49772e+7 
           2685      9.51856e+7 
           2695      9.19493e+7 
           2705      9.26404e+7 
           2715      8.95672e+7 
           2725      8.96466e+7 
           2735      9.35955e+7 
           2745      8.49453e+7 
           2755      8.49552e+7 
           2765      8.73328e+7 
           2775       9.0457e+7 
           2785      8.91526e+7 
           2795      7.66383e+7 
           2805      8.25089e+7 
           2815      9.09567e+7 
           2825      9.05733e+7 
           2835      8.80326e+7 
           2845      8.56366e+7 
           2855      8.40396e+7 
           2865      8.67953e+7 
           2875      8.51441e+7 
           2885      8.65375e+7 
           2895      8.51539e+7 
           2910      8.91856e+7 
           2930      8.61115e+7 
           2950      8.56924e+7 
           2970      8.56141e+7 
           2990      8.52901e+7 
           3010      8.58237e+7 
           3030      8.50679e+7 
           3050      8.40693e+7 
           3070      8.29814e+7 
           3090      8.30353e+7 
           3110       8.1733e+7 
           3130      8.09688e+7 
           3150      8.09158e+7 
           3170      8.01981e+7 
           3190      7.80183e+7 
           3210      7.86104e+7 
           3230       7.7333e+7 
           3250      7.73327e+7 
           3270      7.72634e+7 
           3290      7.70404e+7 
           3310      7.67346e+7 
           3330      7.54488e+7 
           3350      7.42751e+7 
           3370      7.40562e+7 
           3390       7.3254e+7 
           3410      7.35148e+7 
           3430      7.29386e+7 
           3450      7.24469e+7 
           3470      7.16735e+7 
           3490      7.11914e+7 
           3510      7.09942e+7 
           3530      7.06365e+7 
           3550      7.01625e+7 
           3570      6.93048e+7 
           3590      6.88096e+7 
           3610      6.83035e+7 
           3630      6.78074e+7 
           3640      6.75348e+7 
           3650      6.81296e+7 
           3670      6.78196e+7 
           3690      6.59633e+7 
           3710      6.50049e+7 
           3730      6.36031e+7 
           3750      7.60427e+7 
           3770      8.02979e+7 
           3790      9.89999e+7 
           3810      1.17552e+8 
           3830      9.31752e+7 
           3850      1.31348e+8 
           3870       1.5177e+8 
           3890      7.94783e+7 
           3910       1.5129e+8 
           3930      1.63967e+8 
           3950      1.50359e+8 
           3970      7.61617e+7 
           3990      1.41626e+8 
           4010      1.63125e+8 
           4030      1.63363e+8 
           4050      1.61184e+8 
           4070       1.5203e+8 
           4090      1.10798e+8 
           4110      8.34859e+7 
           4130      1.41432e+8 
           4150      1.50156e+8 
           4170      1.49831e+8 
           4190      1.48468e+8 
           4210      1.46672e+8 
           4230      1.43962e+8 
           4250      1.42091e+8 
           4270      1.39316e+8 
           4290      1.36391e+8 
           4310      1.27249e+8 
           4330      8.97273e+7 
           4350      7.59494e+7 
           4370      1.20946e+8 
           4390      1.26247e+8 
           4410      1.26782e+8 
           4430      1.25745e+8 
           4450      1.24838e+8 
           4470      1.22954e+8 
           4490      1.20394e+8 
           4510      1.19992e+8 
           4530      1.18349e+8 
           4550      1.16126e+8 
           4570      1.15594e+8 
           4590      1.13685e+8 
           4610      1.12988e+8 
           4630      1.10895e+8 
           4650      1.10084e+8 
           4670      1.08603e+8 
           4690      1.06791e+8 
           4710      1.04128e+8 
           4730      1.04287e+8 
           4750      1.02871e+8 
           4770       1.0136e+8 
           4790      9.95988e+7 
           4810       9.6973e+7 
           4830      9.10137e+7 
           4850      6.76554e+7 
           4870      5.48189e+7 
           4890      8.48853e+7 
           4910      9.05676e+7 
           4930       9.0597e+7 
           4950      9.05043e+7 
           4970      8.97516e+7 
           4990      8.86885e+7 
           5010         8.72e+7 
           5030      8.66583e+7 
           5050       8.5279e+7 
           5070      8.47276e+7 
           5090      8.37272e+7 
           5110      8.27124e+7 
           5130      8.17552e+7 
           5150      8.07167e+7 
           5170      7.91011e+7 
           5190      7.84158e+7 
           5210      7.79191e+7 
           5230      7.67622e+7 
           5250      7.61893e+7 
           5270      7.49367e+7 
           5290      7.44451e+7 
           5310      7.33643e+7 
           5330      7.25905e+7 
           5350      7.19475e+7 
           5370      7.10679e+7 
           5390      7.02833e+7 
           5410      6.94005e+7 
           5430      6.86869e+7 
           5450       6.7968e+7 
           5470      6.71949e+7 
           5490      6.64601e+7 
           5510      6.57205e+7 
           5530      6.49587e+7 
           5550       6.4292e+7 
           5570      6.35725e+7 
           5590      6.28785e+7 
           5610       6.2212e+7 
           5630       6.1539e+7 
           5650      6.08456e+7 
           5670      6.01827e+7 
           5690      5.95511e+7 
           5710      5.89116e+7 
           5730      5.82877e+7 
           5750      5.76492e+7 
           5770      5.70364e+7 
           5790      5.64182e+7 
           5810      5.58265e+7 
           5830      5.52389e+7 
           5850      5.46549e+7 
           5870      5.39998e+7 
           5890      5.33385e+7 
           5910      5.29445e+7 
           5930      5.23974e+7 
           5950      5.18179e+7 
           5970      5.12993e+7 
           5990      5.07387e+7 
           6010      5.02317e+7 
           6030      4.97341e+7 
           6050      4.92166e+7 
           6070      4.87211e+7 
           6090      4.82228e+7 
           6110      4.77279e+7 
           6130      4.72365e+7 
           6150      4.65991e+7 
           6170      4.62778e+7 
           6190      4.58296e+7 
           6210        4.537e+7 
           6230      4.49062e+7 
           6250      4.43897e+7 
           6270      4.40245e+7 
           6290      4.35862e+7 
           6310      4.31362e+7 
           6330       4.2721e+7 
           6350      4.21029e+7 
           6370      4.17674e+7 
           6390      4.14676e+7 
           6410      4.10323e+7 
           6430      4.05715e+7 
           6450      4.00625e+7 
           6470        3.967e+7 
           6490      3.91031e+7 
           6510      3.83504e+7 
           6530      3.67393e+7 
           6550      3.10885e+7 
           6570      2.52614e+7 
           6590      3.42561e+7 
           6610      3.62209e+7 
           6630      3.64698e+7 
           6650       3.6336e+7 
           6670      3.60785e+7 
           6690      3.57925e+7 
           6710      3.55335e+7 
           6730      3.51968e+7 
           6750      3.48821e+7 
           6770      3.45661e+7 
           6790      3.42444e+7 
           6810      3.39263e+7 
           6830      3.36052e+7 
           6850      3.32976e+7 
           6870       3.2994e+7 
           6890      3.26918e+7 
           6910      3.23914e+7 
           6930      3.20925e+7 
           6950       3.1802e+7 
           6970      3.15121e+7 
           6990      3.12285e+7 
           7010      3.09242e+7 
           7030      3.06607e+7 
           7050      3.03819e+7 
           7070      3.01115e+7 
           7090      2.98465e+7 
           7110      2.95127e+7 
           7130      2.93036e+7 
           7150      2.90419e+7 
           7170      2.87929e+7 
           7190      2.85367e+7 
           7210      2.82851e+7 
           7230      2.80337e+7 
           7250      2.77797e+7 
           7270      2.75458e+7 
           7290      2.73006e+7 
           7310      2.70618e+7 
           7330      2.68288e+7 
           7350      2.65979e+7 
           7370      2.63685e+7 
           7390      2.61376e+7 
           7410      2.59062e+7 
           7430      2.56625e+7 
           7450      2.54543e+7 
           7470      2.52135e+7 
           7490      2.50159e+7 
           7510      2.48107e+7 
           7530       2.4606e+7 
           7550      2.44005e+7 
           7570      2.41922e+7 
           7590      2.39877e+7 
           7610      2.37863e+7 
           7630      2.35841e+7 
           7650      2.33844e+7 
           7670      2.31851e+7 
           7690      2.29933e+7 
           7710      2.27994e+7 
           7730      2.26141e+7 
           7750      2.24254e+7 
           7770      2.19344e+7 
           7790       2.2056e+7 
           7810      2.18752e+7 
           7830      2.16905e+7 
           7850      2.15037e+7 
           7870      2.12917e+7 
           7890      2.10901e+7 
           7910        2.098e+7 
           7930      2.08162e+7 
           7950      2.06162e+7 
           7970      2.04838e+7 
           7990       2.0228e+7 
           8010      2.01517e+7 
           8030      1.99878e+7 
           8050      1.98293e+7 
           8070      1.96675e+7 
           8090      1.95111e+7 
           8110      1.93554e+7 
           8130      1.92028e+7 
           8150      1.90502e+7 
           8170      1.88989e+7 
           8190      1.87157e+7 
           8210      1.86498e+7 
           8230       1.8502e+7 
           8250       1.8382e+7 
           8270      1.82904e+7 
           8290      1.81513e+7 
           8310      1.80253e+7 
           8330      1.78574e+7 
           8350      1.77622e+7 
           8370       1.7629e+7 
           8390      1.74857e+7 
           8410      1.73408e+7 
           8430      1.71865e+7 
           8450      1.69143e+7 
           8470      1.67825e+7 
           8490      1.67647e+7 
           8510      1.62797e+7 
           8530      1.65705e+7 
           8550      1.55598e+7 
           8570      1.65378e+7 
           8590      1.55648e+7 
           8610      1.52665e+7 
           8630      1.64968e+7 
           8650      1.57248e+7 
           8670       1.3592e+7 
           8690      1.59979e+7 
           8710       1.6584e+7 
           8730      1.57453e+7 
           8750      1.26611e+7 
           8770      1.48698e+7 
           8790      1.64327e+7 
           8810      1.66518e+7 
           8830      1.60788e+7 
           8850      1.39543e+7 
           8870      1.19876e+7 
           8890      1.50216e+7 
           8910      1.60637e+7 
           8930      1.62838e+7 
           8950      1.62393e+7 
           8970      1.58098e+7 
           8990      1.46599e+7 
           9010      1.16063e+7 
           9030      1.25594e+7 
           9050      1.47371e+7 
           9070      1.52835e+7 
           9090      1.53395e+7 
           9110      1.54524e+7 
           9130      1.53947e+7 
           9150      1.52402e+7 
           9170      1.49565e+7 
           9190      1.43741e+7 
           9210      1.29362e+7 
           9230      1.01757e+7 
           9250      1.23851e+7 
           9270      1.36816e+7 
           9290       1.4281e+7 
           9310      1.43697e+7 
           9330      1.43393e+7 
           9350      1.42733e+7 
           9370       1.4185e+7 
           9390      1.40554e+7 
           9410       1.3857e+7 
           9430      1.38436e+7 
           9450      1.37112e+7 
           9470      1.35312e+7 
           9490      1.32487e+7 
           9510      1.26719e+7 
           9530      1.12338e+7 
           9550      9.15075e+6 
           9570      1.13589e+7 
           9590      1.24192e+7 
           9610      1.27131e+7 
           9630      1.27103e+7 
           9650      1.27624e+7 
           9670      1.26545e+7 
           9690      1.26272e+7 
           9710      1.25573e+7 
           9730      1.24723e+7 
           9750       1.2399e+7 
           9770      1.23214e+7 
           9790       1.2231e+7 
           9810      1.21425e+7 
           9830      1.20483e+7 
           9850      1.19508e+7 
           9870      1.18545e+7 
           9890      1.17365e+7 
           9910      1.16727e+7 
           9930      1.15676e+7 
           9950      1.14595e+7 
           9970      1.13192e+7 
           9990      1.11037e+7 
          10025      9.79605e+6 
          10075       9.2986e+6 
          10125      1.06339e+7 
          10175      1.06272e+7 
          10225      1.04871e+7 
          10275      1.03246e+7 
          10325      1.01489e+7 
          10375      9.97817e+6 
          10425      9.81164e+6 
          10475      9.63545e+6 
          10525      9.47815e+6 
          10575      9.32471e+6 
          10625      9.17308e+6 
          10675      8.95876e+6 
          10725      8.84496e+6 
          10775      8.69785e+6 
          10825      8.51513e+6 
          10875      8.19522e+6 
          10925      6.77168e+6 
          10975      7.38851e+6 
          11025      7.91548e+6 
          11075      7.88286e+6 
          11125      7.78144e+6 
          11175      7.67514e+6 
          11225      7.55579e+6 
          11275      7.39915e+6 
          11325        7.289e+6 
          11375       7.2041e+6 
          11425      7.09126e+6 
          11475      6.98726e+6 
          11525      6.88081e+6 
          11575       6.7751e+6 
          11625      6.66175e+6 
          11675      6.54732e+6 
          11725      6.47159e+6 
          11775      6.33767e+6 
          11825      6.26614e+6 
          11875      6.16994e+6 
          11925       6.0934e+6 
          11975      5.99378e+6 
          12025      5.91251e+6 
          12075      5.82281e+6 
          12125      5.73851e+6 
          12175      5.65714e+6 
          12225      5.57416e+6 
          12275      5.49136e+6 
          12325      5.41266e+6 
          12375      5.33556e+6 
          12425      5.26097e+6 
          12475      5.18041e+6 
          12525      5.11053e+6 
          12575      5.03091e+6 
          12625      4.95239e+6 
          12675      4.87307e+6 
          12725      4.76433e+6 
          12775      4.49143e+6 
          12825      3.84103e+6 
          12875      4.42374e+6 
          12925      4.51496e+6 
          12975      4.48361e+6 
          13025      4.43435e+6 
          13075      4.38045e+6 
          13125       4.3207e+6 
          13175       4.2578e+6 
          13225      4.20432e+6 
          13275      4.14772e+6 
          13325      4.09181e+6 
          13375      4.03686e+6 
          13425       3.9828e+6 
          13475      3.92944e+6 
          13525      3.87551e+6 
          13575      3.82514e+6 
          13625       3.7752e+6 
          13675      3.72489e+6 
          13725      3.67339e+6 
          13775      3.62872e+6 
          13825      3.58162e+6 
          13875      3.53569e+6 
          13925      3.48898e+6 
          13975      3.44477e+6 
          14025      3.40073e+6 
          14075       3.3572e+6 
          14125      3.31403e+6 
          14175      3.27193e+6 
          14225      3.23053e+6 
          14275      3.18964e+6 
          14325      3.14944e+6 
          14375      3.10987e+6 
          14425      3.06064e+6 
          14475      3.03252e+6 
          14525      2.99044e+6 
          14570      2.96117e+6 
          14620      2.92791e+6 
          14675      2.89061e+6 
          14725      2.85572e+6 
          14775      2.81917e+6 
          14825      2.78733e+6 
          14875      2.75194e+6 
          14925      2.72271e+6 
          14975      2.68944e+6 
          15025      2.65621e+6 
          15075      2.62553e+6 
          15125      2.59519e+6 
          15175      2.56388e+6 
          15225      2.53406e+6 
          15275      2.50216e+6 
          15325      2.47078e+6 
          15375      2.44343e+6 
          15425      2.40529e+6 
          15475       2.3841e+6 
          15525      2.35267e+6 
          15575        2.307e+6 
          15625      2.31355e+6 
          15675      2.25358e+6 
          15725      2.20957e+6 
          15775        2.241e+6 
          15825      2.20761e+6 
          15875      2.07802e+6 
          15925      2.12976e+6 
          15975      2.15689e+6 
          16050      2.08296e+6 
          16150      1.97463e+6 
          16250      2.04827e+6 
          16350      1.93437e+6 
          16450      1.82238e+6 
          16550      1.92737e+6 
          16650      1.88961e+6 
          16750      1.76104e+6 
          16850      1.65422e+6 
          16950      1.76601e+6 
          17050      1.73901e+6 
          17150      1.70086e+6 
          17250      1.64372e+6 
          17350      1.44599e+6 
          17450      1.54749e+6 
          17550      1.55791e+6 
          17650      1.53124e+6 
          17750      1.50112e+6 
          17850      1.46945e+6 
          17950       1.4357e+6 
          18050      1.39093e+6 
          18150      1.23476e+6 
          18250      1.29309e+6 
          18350      1.31718e+6 
          18450       1.2953e+6 
          18550      1.26726e+6 
          18650      1.22597e+6 
          18750      1.08595e+6 
          18850        1.172e+6 
          18950      1.16963e+6 
          19050      1.15022e+6 
          19150      1.12776e+6 
          19250      1.10286e+6 
          19350      1.06241e+6 
          19450          943672 
          19550      1.02176e+6 
          19650      1.02134e+6 
          19750      1.00561e+6 
          19850          987378 
          19950          968890 
          20050          950816 
          20150          933236 
          20250          915941 
          20350          899072 
          20450          882673 
          20550          866589 
          20650          850796 
          20750          835486 
          20850          820505 
          20950          805797 
          21050          791410 
          21150          777098 
          21250          763284 
          21350          749457 
          21450          733895 
          21550          710559 
          21650          636247 
          21750          679213 
          21850          683623 
          21950          674944 
          22050          664139 
          22150          652753 
          22250          641922 
          22350          631120 
          22450          620555 
          22550          610138 
          22650          600062 
          22750          590126 
          22850          580722 
          22950          571252 
          23050          562051 
          23150          552982 
          23250          544114 
          23350          535402 
          23450          526879 
          23550          518515 
          23650          510313 
          23750          502263 
          23850          494367 
          23950          486620 
          24050          478960 
          24150          471490 
          24250          464181 
          24350          456959 
          24450          449776 
          24550          442961 
          24650          435835 
          24750          429195 
          24850          423046 
          24950          414910 
          25050          410482 
          25150          404282 
          25250          394827 
          25350          391835 
          25450          387374 
          25550          379723 
          25650          368769 
          25750          369125 
          25850          365375 
          25950          359448 
          26050          348970 
          26150          334116 
          26250          311188 
          26350          330827 
          26450          333936 
          26550          330063 
          26650          321758 
          26750          304223 
          26850          312636 
          26950          312702 
          27050          309281 
          27150          305264 
          27250          300947 
          27350          296142 
          27450          289034 
          27550          269905 
          27650          273588 
          27750          278841 
          27850          276813 
          27950          273751 
          28050          270308 
          28150          266642 
          28250          263039 
          28350          259288 
          28450          255109 
          28550          250224 
          28650          239971 
          28750          225985 
          28850          237755 
          28950          238012 
          29050          235827 
          29150          233130 
          29250          230143 
          29350          227156 
          29450          224209 
          29550          221309 
          29650          218452 
          29750          215645 
          29850          212879 
          29950          210158 
          30050          207134 
          30150          203831 
          30250          199122 
          30350          185449 
          30450          186536 
          30550          192308 
          30650          191501 
          30750          189723 
          30850          187478 
          30950          185203 
          31050          182917 
          31150          180658 
          31250          178443 
          31350          176271 
          31450          174108 
          31550          172015 
          31650          169937 
          31750          167870 
          31850          165863 
          31950          163867 
          32100          160935 
          32300          157132 
          32500          153435 
          32700          149055 
          32900          137743 
          33100          139419 
          33300          139047 
          33500          136140 
          33700          133089 
          33900          130137 
          34100          127241 
          34300          124429 
          34500          121687 
          34700          119015 
          34900          116414 
          35100          113884 
          35300          111421 
          35500          109018 
          35700          106677 
          35900          104413 
          36100          102172 
          36300          100040 
          36500         97880.7 
          36700           95888 
          36900         93700.4 
          37100         91660.9 
          37300         87122.7 
          37500         84524.1 
          37700         86163.7 
          37900         84703.4 
          38100         82690.3 
          38300         81089.1 
          38500         79826.9 
          38700         78264.4 
          38900         76475.9 
          39100         74327.8 
          39300         73639.2 
          39500         72366.6 
          39700         70984.3 
          39900         69507.8 
          40100         67384.7 
          40300         65717.8 
          40500         62323.3 
          40700         63957.1 
          40900           63234 
          41100         62111.6 
          41300         60919.6 
          41500           59450 
          41700         56777.4 
          41900         57202.2 
          42100         56570.8 
          42300         55677.2 
          42500         54666.3 
          42700           53676 
          42900           52708 
          43100         51761.6 
          43300         50792.3 
          43500         49615.7 
          43700         47132.5 
          43900         47196.6 
          44100         47162.8 
          44300         46509.5 
          44500         45702.2 
          44700           44968 
          44900         44119.9 
          45100         43366.5 
          45300         42622.7 
          45500         41893.9 
          45700         41174.4 
          45900         40455.2 
          46100           39715 
          46300         38785.6 
          46500         36278.2 
          46700         35859.4 
          46900           36640 
          47100           36491 
          47300         35980.8 
          47500         35421.4 
          47700         34856.9 
          47900         34300.5 
          48100         33751.8 
          48300         33211.3 
          48500         32681.9 
          48700         32162.9 
          48900           31653 
          49100         31151.7 
          49300         30662.5 
          49500         30181.6 
          49700         29707.2 
          49900         29245.7 
          50100           28789 
          50300         28338.6 
          50500         27901.9 
          50700           27455 
          50900         26973.6 
          51100         26273.8 
          51300           24864 
          51500         25564.7 
          51700         25382.8 
          51900         25058.8 
          52100         24705.8 
          52300           24341 
          52500         23963.1 
          52700         23598.5 
          52900         23280.4 
          53100           22949 
          53300         22615.3 
          53500         22275.4 
          53700         21911.2 
          53900         21594.6 
          54100         21325.8 
          54300         21045.1 
          54500         20771.7 
          54700         20461.4 
          54900         20136.4 
          55100         19803.1 
          55300         19476.6 
          55500           19279 
          55700         19049.7 
          55900         18806.3 
          56100         18546.8 
          56300         18289.3 
          56500         18037.3 
          56700         17754.4 
          56900         17458.7 
          57100         17097.5 
          57300         16969.2 
          57500         16795.5 
          57700         16609.1 
          57900         16385.5 
          58100         16165.8 
          58300           15932 
          58500         15698.9 
          58700         15454.3 
          58900           15064 
          59100         14277.3 
          59300         14697.5 
          59500         14443.5 
          59700         14351.1 
          59900         14283.8 
          60100         14128.4 
          60300         13956.1 
          60500         13780.6 
          60700         13605.1 
          60900         13431.5 
          61100           13261 
          61300         13092.4 
          61500         12926.7 
          61700         12762.9 
          61900         12600.9 
          62100         12439.8 
          62300         12277.5 
          62500         12104.6 
          62700           11878 
          62900         11485.5 
          63100         11551.9 
          63300         11507.2 
          63500           11389 
          63700         11257.3 
          63900         11123.3 
          64200         10941.9 
          64600         10678.6 
          65000         10421.8 
          65400         10174.1 
          65800         9932.42 
          66200         9697.57 
          66600          9467.6 
          67000         9227.34 
          67400         8954.77 
          67800          8580.6 
          68200         8587.17 
          68600         8419.25 
          69000         8238.84 
          69400         8052.64 
          69800         7873.24 
          70200         7698.13 
          70600         7527.25 
          71000         7356.22 
          71400         7200.51 
          71800         7044.13 
          72200            6891 
          72600         6729.41 
          73000         6591.27 
          73400         6458.01 
          73800          6306.7 
          74200         6144.01 
          74600         5817.38 
          75000         5641.85 
          75400         5733.68 
          75800          5666.2 
          76200         5558.27 
          76600         5447.08 
          77000         5336.64 
          77400         5224.51 
          77800         5104.21 
          78200         5017.24 
          78600         4929.67 
          79000         4833.82 
          79400         4738.49 
          79800         4645.55 
          80200         4554.84 
          80600         4466.34 
          81000         4371.18 
          81400         4263.05 
          81800         4190.95 
          82200         4127.69 
          82600         4054.66 
          83000         3978.19 
          83400         3903.39 
          83800         3830.15 
          84200         3758.98 
          84600         3689.37 
          85000         3621.31 
          85400         3554.82 
          85800         3487.67 
          86200         3412.99 
          86600         3315.11 
          87000         3280.72 
          87400          3168.6 
          87800         3112.57 
          88200         3119.37 
          88600         3072.93 
          89000         3019.84 
          89400         2966.85 
          89800         2914.98 
          90200         2864.17 
          90600         2814.52 
          91000         2765.95 
          91400         2718.39 
          91800         2671.86 
          92200          2626.3 
          92600         2578.05 
          93000          2532.4 
          93400         2484.72 
          93800         2403.11 
          94200          2387.8 
          94600         2365.41 
          95000         2328.51 
          95400         2291.88 
          95800         2257.15 
          96200         2220.26 
          96600          2184.1 
          97000         2148.67 
          97400         2113.98 
          97800         2079.95 
          98200         2044.91 
          98600         2010.72 
          99000         1981.94 
          99400         1950.58 
          99800          1919.8 
         100200         1889.65 
         200000         120.855 
         400000         7.51859 
         600000         1.47333 
         800000        0.462754 
         1.0e+6        0.188316 
         1.2e+6       0.0902948 
         1.4e+6       0.0484887 
         1.6e+6        0.028293 
