# Kurucz ODFNEW /NOVER models
# teff = 8250 K (value for the effective temperature for the model. Temperatures are given in K)
# logg = 3.00 log(cm/s2) (value for Log(G) for the model.)
# meta = -0.5  (value for the Metallicity for the model.)
# lh = 1.25  (l/Hp where l is the  mixing length of the convective element and Hp is the pressure scale height)
# vtur = 2.0 km/s (Microturbulence velocity)
#
# column 1: WAVELENGTH (ANGSTROM), Wavelength in Angstrom
# column 2: FLUX (ERG/CM2/S/A), Flux in erg/cm2/s/A
              0               0 
           90.9               0 
           93.5               0 
           96.1               0 
           97.7               0 
           99.6               0 
            102               0 
          103.8               0 
          105.6               0 
          107.7               0 
          110.4               0 
            114               0 
          117.8               0 
          121.3               0 
          124.8               0 
          127.1               0 
          128.4               0 
          130.5               0 
          132.4               0 
          133.9               0 
          136.6               0 
          139.8               0 
          143.3               0 
          147.2               0 
            151               0 
          155.2               0 
          158.8               0 
            162               0 
            166               0 
          170.3               0 
          173.4               0 
          176.8               0 
          180.2               0 
          181.7               0 
          186.1               0 
            191               0 
          193.9               0 
          198.4               0 
          201.8               0 
            205               0 
          210.5               0 
          216.2               0 
          219.8               0 
            223               0 
          226.8               0 
            230               0 
            234               0 
            240               0 
          246.5               0 
          252.4               0 
          256.8               0 
            260               0 
            264               0 
          268.5               0 
          273.5               0 
          278.5               0 
            284               0 
            290               0 
            296               0 
            301               0 
            308               0 
            318               0 
            328               0 
            338     3.98415e-23 
            348     4.47581e-22 
            357     3.23851e-21 
            366     2.11165e-20 
            375     1.25381e-19 
            385     8.20229e-19 
            395      4.8629e-18 
            405     2.63235e-17 
            414     1.11951e-16 
            422     3.84148e-16 
            430      1.2569e-15 
            441     5.96281e-15 
            451     2.29278e-14 
            460     7.31383e-14 
            470     2.51364e-13 
            480     8.18817e-13 
            490     2.53622e-12 
            500     7.49361e-12 
            506     1.33672e-11 
            512     2.55217e-11 
            520     5.65055e-11 
            530     1.49539e-10 
            540       3.754e-10 
            550     9.09819e-10 
            560      2.13292e-9 
            570      4.84543e-9 
            580      1.05142e-8 
            590      2.29025e-8 
            600      4.77935e-8 
            610       9.7226e-8 
            620       1.9305e-7 
            630      3.74594e-7 
            640       7.1106e-7 
            650      1.32181e-6 
            658      2.13953e-6 
            665      3.22802e-6 
            675        3.718e-7 
            685      6.11013e-7 
            695      9.88263e-7 
            705       1.5715e-6 
            716      2.58053e-6 
            726      3.98682e-6 
            735      5.83054e-6 
            745      8.78659e-6 
            755      1.30799e-5 
            765      1.92425e-5 
            775       2.7987e-5 
            785      4.02696e-5 
            795      5.70622e-5 
            805      8.06625e-5 
            815      0.00011268 
            825     0.000155807 
            835     0.000213505 
            845     0.000290088 
            855     0.000390812 
            865     0.000522328 
            875     0.000691879 
            885     0.000911684 
            895      0.00119148 
            905      0.00154275 
            915         1.14006 
            925         4.98507 
            935          6.6708 
            945         8.90671 
            955           12.35 
            965         15.7015 
            975         17.4953 
            985         23.5239 
            995         27.5931 
           1005          36.009 
           1015         42.9417 
           1025         45.1377 
           1035         62.8878 
           1045         77.2175 
           1055         92.7657 
           1065         107.978 
           1075         131.315 
           1085         156.321 
           1095         180.057 
           1105         465.149 
           1115         1264.13 
           1125         1716.95 
           1135         2256.13 
           1145          2650.8 
           1155         2761.49 
           1165          3387.8 
           1175         3573.23 
           1185         3888.49 
           1195         1583.51 
           1205         1085.34 
           1215         239.409 
           1225         1198.13 
           1235          3224.6 
           1245          6465.8 
           1255         11730.6 
           1265         13875.6 
           1275         22933.7 
           1285         52109.9 
           1295         87356.5 
           1305           75283 
           1315          220649 
           1325          345889 
           1335          402091 
           1345          675732 
           1355          700060 
           1365          757009 
           1375          809284 
           1385          719514 
           1395          787969 
           1405      1.11932e+6 
           1415      1.34848e+6 
           1425      1.63662e+6 
           1435       1.5026e+6 
           1442       1.8681e+6 
           1447      2.03928e+6 
           1455      2.49632e+6 
           1465       2.3939e+6 
           1475      2.47185e+6 
           1485      2.73149e+6 
           1495      3.12321e+6 
           1505      3.33915e+6 
           1512      3.00839e+6 
           1517      3.20925e+6 
           1525      3.39161e+6 
           1535      6.55217e+6 
           1545      1.08987e+7 
           1555      9.73474e+6 
           1565      8.07287e+6 
           1575        1.175e+7 
           1585      1.30577e+7 
           1595      1.49506e+7 
           1605      1.37377e+7 
           1615        1.388e+7 
           1625      1.30446e+7 
           1635      1.54217e+7 
           1645      1.94489e+7 
           1655      1.29172e+7 
           1665      2.01138e+7 
           1672      1.06679e+7 
           1677      2.00841e+7 
           1685      2.36197e+7 
           1695      2.10668e+7 
           1705      2.04653e+7 
           1715      2.25342e+7 
           1725      2.24573e+7 
           1735      2.51327e+7 
           1745      2.39002e+7 
           1755      2.74595e+7 
           1765      2.16492e+7 
           1775      2.57513e+7 
           1785       2.5207e+7 
           1795      2.94612e+7 
           1805      2.65374e+7 
           1815      2.73906e+7 
           1825      2.48539e+7 
           1835      2.42011e+7 
           1845      2.16928e+7 
           1855      2.34302e+7 
           1865      2.43072e+7 
           1875      2.46423e+7 
           1885      2.48713e+7 
           1895      2.56754e+7 
           1905      2.36054e+7 
           1915      2.56586e+7 
           1925       2.6081e+7 
           1935       2.2849e+7 
           1945      2.68639e+7 
           1955       2.6713e+7 
           1967      2.80482e+7 
           1976      2.72771e+7 
           1984      2.64364e+7 
           1995      2.55162e+7 
           2005      2.45023e+7 
           2015       2.3935e+7 
           2025      2.26059e+7 
           2035      2.46949e+7 
           2045      2.65043e+7 
           2055      2.49873e+7 
           2065      2.41673e+7 
           2074      2.70794e+7 
           2078      2.78346e+7 
           2085      2.69625e+7 
           2095      2.58422e+7 
           2105      2.44299e+7 
           2115      2.47031e+7 
           2125      2.54364e+7 
           2135       2.0458e+7 
           2145      2.38794e+7 
           2155      2.40761e+7 
           2165      2.25344e+7 
           2175       2.2264e+7 
           2185      2.29799e+7 
           2195      2.47939e+7 
           2205      2.37528e+7 
           2215      2.13059e+7 
           2225      2.11231e+7 
           2235      2.43676e+7 
           2245      2.16245e+7 
           2255      2.07464e+7 
           2265      2.07604e+7 
           2275      2.24584e+7 
           2285      2.33258e+7 
           2295      2.15938e+7 
           2305      2.18932e+7 
           2315      2.13284e+7 
           2325      2.09481e+7 
           2335      1.90195e+7 
           2345      1.65571e+7 
           2355       2.1038e+7 
           2365      1.71175e+7 
           2375      1.95063e+7 
           2385      1.52746e+7 
           2395       1.7578e+7 
           2405      1.67769e+7 
           2415      1.75904e+7 
           2425      2.03291e+7 
           2435      1.96396e+7 
           2445      2.09772e+7 
           2455      2.03716e+7 
           2465      2.03183e+7 
           2475      1.91864e+7 
           2485      2.00474e+7 
           2495      1.92268e+7 
           2505      2.23059e+7 
           2513      1.92267e+7 
           2518      1.98076e+7 
           2525      1.80624e+7 
           2535      1.74177e+7 
           2545      1.73928e+7 
           2555      1.91469e+7 
           2565      1.89722e+7 
           2575      2.07836e+7 
           2585      2.07527e+7 
           2595      2.00286e+7 
           2605      1.89886e+7 
           2615      1.84018e+7 
           2625      2.08003e+7 
           2635      2.12011e+7 
           2645      2.48353e+7 
           2655      2.46934e+7 
           2665      2.20201e+7 
           2675        2.325e+7 
           2685      2.32046e+7 
           2695      2.18713e+7 
           2705      2.25311e+7 
           2715      2.10254e+7 
           2725      2.13549e+7 
           2735        2.328e+7 
           2745      1.84605e+7 
           2755      1.95174e+7 
           2765      2.04557e+7 
           2775       2.2667e+7 
           2785      2.17464e+7 
           2795       1.3703e+7 
           2805      1.61556e+7 
           2815       2.3506e+7 
           2825      2.41726e+7 
           2835      2.31755e+7 
           2845       2.2298e+7 
           2855      2.12153e+7 
           2865      2.31659e+7 
           2875      2.25105e+7 
           2885      2.30662e+7 
           2895      2.19893e+7 
           2910      2.48515e+7 
           2930      2.39135e+7 
           2950      2.37618e+7 
           2970      2.43906e+7 
           2990      2.46145e+7 
           3010       2.4987e+7 
           3030      2.48203e+7 
           3050      2.47247e+7 
           3070      2.46646e+7 
           3090      2.51185e+7 
           3110      2.44857e+7 
           3130      2.44145e+7 
           3150      2.50311e+7 
           3170      2.49801e+7 
           3190      2.38527e+7 
           3210      2.44876e+7 
           3230      2.38578e+7 
           3250      2.44167e+7 
           3270      2.46207e+7 
           3290      2.49449e+7 
           3310      2.51564e+7 
           3330      2.46445e+7 
           3350       2.4297e+7 
           3370      2.42779e+7 
           3390      2.42607e+7 
           3410      2.47004e+7 
           3430      2.48032e+7 
           3450      2.46257e+7 
           3470      2.43298e+7 
           3490      2.42615e+7 
           3510      2.46875e+7 
           3530      2.47599e+7 
           3550      2.49436e+7 
           3570      2.43217e+7 
           3590      2.42394e+7 
           3610      2.42763e+7 
           3630      2.43949e+7 
           3640      2.41655e+7 
           3650      2.47187e+7 
           3670      2.44713e+7 
           3690      2.37519e+7 
           3710      2.71431e+7 
           3730       3.0568e+7 
           3750      4.16553e+7 
           3770      4.50393e+7 
           3790      5.67504e+7 
           3810      6.68825e+7 
           3830      5.18344e+7 
           3850      7.36278e+7 
           3870      8.28147e+7 
           3890      4.57342e+7 
           3910      8.17921e+7 
           3930        7.822e+7 
           3950      8.16263e+7 
           3970      4.29177e+7 
           3990      7.89614e+7 
           4010      8.61648e+7 
           4030      8.55482e+7 
           4050      8.45331e+7 
           4070       8.0973e+7 
           4090      6.44095e+7 
           4110      4.83913e+7 
           4130      7.70164e+7 
           4150      7.97691e+7 
           4170      7.87738e+7 
           4190      7.78327e+7 
           4210      7.72481e+7 
           4230      7.55192e+7 
           4250       7.4931e+7 
           4270      7.31314e+7 
           4290      7.26394e+7 
           4310      6.79453e+7 
           4330      5.26448e+7 
           4350      4.45189e+7 
           4370      6.73253e+7 
           4390      6.81206e+7 
           4410      6.71769e+7 
           4430      6.71283e+7 
           4450      6.69353e+7 
           4470      6.61717e+7 
           4490      6.51725e+7 
           4510      6.52052e+7 
           4530      6.37311e+7 
           4550      6.22147e+7 
           4570      6.29828e+7 
           4590      6.15609e+7 
           4610      6.20843e+7 
           4630      6.04331e+7 
           4650      6.05767e+7 
           4670      5.98464e+7 
           4690      5.84224e+7 
           4710      5.65771e+7 
           4730      5.77886e+7 
           4750      5.72981e+7 
           4770      5.64362e+7 
           4790      5.56802e+7 
           4810      5.45862e+7 
           4830      5.23797e+7 
           4850      4.13624e+7 
           4870       3.3008e+7 
           4890      4.94511e+7 
           4910      5.13883e+7 
           4930      5.06748e+7 
           4950      5.08103e+7 
           4970      5.07135e+7 
           4990      4.97721e+7 
           5010      4.85199e+7 
           5030       4.8772e+7 
           5050      4.80423e+7 
           5070      4.79749e+7 
           5090      4.74227e+7 
           5110      4.69685e+7 
           5130      4.62595e+7 
           5150      4.56011e+7 
           5170      4.44005e+7 
           5190       4.4038e+7 
           5210      4.40863e+7 
           5230      4.32595e+7 
           5250      4.35577e+7 
           5270      4.21073e+7 
           5290       4.2569e+7 
           5310      4.17869e+7 
           5330      4.11435e+7 
           5350      4.13801e+7 
           5370       4.0734e+7 
           5390      4.03701e+7 
           5410      3.97477e+7 
           5430      3.94824e+7 
           5450      3.92629e+7 
           5470      3.88894e+7 
           5490      3.85905e+7 
           5510      3.81954e+7 
           5530       3.7662e+7 
           5550      3.75061e+7 
           5570      3.70442e+7 
           5590      3.66433e+7 
           5610      3.63549e+7 
           5630       3.6077e+7 
           5650      3.56687e+7 
           5670      3.52826e+7 
           5690      3.50164e+7 
           5710      3.46803e+7 
           5730      3.44168e+7 
           5750      3.40354e+7 
           5770      3.37308e+7 
           5790      3.33891e+7 
           5810      3.30839e+7 
           5830      3.27796e+7 
           5850      3.24546e+7 
           5870      3.21452e+7 
           5890      3.15319e+7 
           5910      3.15466e+7 
           5930      3.12528e+7 
           5950      3.09407e+7 
           5970      3.06715e+7 
           5990      3.03399e+7 
           6010      3.00383e+7 
           6030       2.9803e+7 
           6050      2.95322e+7 
           6070      2.92858e+7 
           6090      2.90003e+7 
           6110      2.87139e+7 
           6130      2.83915e+7 
           6150      2.79501e+7 
           6170      2.78553e+7 
           6190      2.77071e+7 
           6210      2.74624e+7 
           6230      2.71786e+7 
           6250      2.67282e+7 
           6270      2.67353e+7 
           6290      2.64979e+7 
           6310      2.61958e+7 
           6330      2.59995e+7 
           6350      2.56342e+7 
           6370      2.54438e+7 
           6390      2.53096e+7 
           6410      2.50199e+7 
           6430      2.48472e+7 
           6450      2.44552e+7 
           6470       2.4361e+7 
           6490      2.40107e+7 
           6510      2.37461e+7 
           6530      2.31317e+7 
           6550      2.03203e+7 
           6570      1.61497e+7 
           6590      2.19412e+7 
           6610      2.26545e+7 
           6630      2.26688e+7 
           6650      2.25395e+7 
           6670      2.23715e+7 
           6690       2.2227e+7 
           6710      2.20436e+7 
           6730       2.1848e+7 
           6750      2.16501e+7 
           6770      2.15042e+7 
           6790      2.13165e+7 
           6810      2.11394e+7 
           6830      2.09431e+7 
           6850      2.07777e+7 
           6870      2.06154e+7 
           6890      2.04459e+7 
           6910      2.02732e+7 
           6930      2.01007e+7 
           6950      1.99384e+7 
           6970      1.97706e+7 
           6990       1.9616e+7 
           7010      1.94138e+7 
           7030      1.92775e+7 
           7050      1.91297e+7 
           7070      1.89809e+7 
           7090       1.8829e+7 
           7110      1.85123e+7 
           7130      1.84894e+7 
           7150        1.835e+7 
           7170      1.82104e+7 
           7190      1.80538e+7 
           7210      1.79168e+7 
           7230      1.77667e+7 
           7250      1.76208e+7 
           7270      1.75026e+7 
           7290      1.73393e+7 
           7310      1.72016e+7 
           7330      1.70735e+7 
           7350      1.69535e+7 
           7370      1.68276e+7 
           7390      1.66794e+7 
           7410       1.6527e+7 
           7430      1.63836e+7 
           7450      1.62693e+7 
           7470      1.60972e+7 
           7490      1.59986e+7 
           7510      1.58988e+7 
           7530      1.57905e+7 
           7550      1.56839e+7 
           7570      1.55544e+7 
           7590      1.54411e+7 
           7610      1.53224e+7 
           7630       1.5204e+7 
           7650      1.50769e+7 
           7670      1.49491e+7 
           7690      1.48466e+7 
           7710       1.4719e+7 
           7730      1.46328e+7 
           7750      1.45154e+7 
           7770      1.41624e+7 
           7790      1.43065e+7 
           7810      1.41962e+7 
           7830      1.40722e+7 
           7850      1.39523e+7 
           7870       1.3831e+7 
           7890      1.37143e+7 
           7910      1.36433e+7 
           7930      1.35434e+7 
           7950      1.34252e+7 
           7970      1.33716e+7 
           7990      1.32003e+7 
           8010      1.31656e+7 
           8030      1.30633e+7 
           8050      1.29734e+7 
           8070      1.28751e+7 
           8090      1.27804e+7 
           8110      1.26957e+7 
           8130      1.26065e+7 
           8150      1.25147e+7 
           8170      1.24235e+7 
           8190      1.22551e+7 
           8210       1.2215e+7 
           8230      1.21252e+7 
           8250      1.20371e+7 
           8270      1.20302e+7 
           8290      1.19437e+7 
           8310      1.18584e+7 
           8330       1.1693e+7 
           8350      1.16765e+7 
           8370       1.1553e+7 
           8390      1.14332e+7 
           8410      1.13145e+7 
           8430      1.12821e+7 
           8450      1.11121e+7 
           8470       1.0773e+7 
           8490      1.13009e+7 
           8510      1.03556e+7 
           8530      1.13634e+7 
           8550      9.73126e+6 
           8570      1.15171e+7 
           8590      1.05604e+7 
           8610      1.02115e+7 
           8630      1.16716e+7 
           8650      1.12044e+7 
           8670      8.99767e+6 
           8690      1.14003e+7 
           8710       1.1851e+7 
           8730        1.139e+7 
           8750      8.82403e+6 
           8770      1.08367e+7 
           8790      1.17236e+7 
           8810      1.17417e+7 
           8830      1.14417e+7 
           8850       1.0265e+7 
           8870      8.56582e+6 
           8890      1.09355e+7 
           8910      1.13178e+7 
           8930      1.13376e+7 
           8950      1.13458e+7 
           8970      1.11618e+7 
           8990      1.06745e+7 
           9010       8.4465e+6 
           9030      9.34654e+6 
           9050      1.06332e+7 
           9070      1.06514e+7 
           9090      1.05604e+7 
           9110      1.07015e+7 
           9130      1.06994e+7 
           9150      1.06307e+7 
           9170      1.04992e+7 
           9190      1.02604e+7 
           9210      9.55816e+6 
           9230      7.41096e+6 
           9250      9.19958e+6 
           9270      9.78334e+6 
           9290      1.00691e+7 
           9310      1.00594e+7 
           9330      1.00055e+7 
           9350      9.95278e+6 
           9370      9.89918e+6 
           9390      9.80237e+6 
           9410       9.5829e+6 
           9430      9.65032e+6 
           9450      9.59264e+6 
           9470      9.51478e+6 
           9490      9.40068e+6 
           9510       9.1708e+6 
           9530      8.44752e+6 
           9550      6.74503e+6 
           9570      8.50047e+6 
           9590      8.96682e+6 
           9610       8.9891e+6 
           9630      8.91769e+6 
           9650      8.96532e+6 
           9670      8.85332e+6 
           9690      8.84972e+6 
           9710      8.82967e+6 
           9730      8.76596e+6 
           9750      8.69359e+6 
           9770      8.65447e+6 
           9790      8.59556e+6 
           9810      8.53707e+6 
           9830      8.47624e+6 
           9850      8.40108e+6 
           9870       8.3512e+6 
           9890      8.26162e+6 
           9910      8.23944e+6 
           9930      8.17264e+6 
           9950      8.11814e+6 
           9970      8.05755e+6 
           9990      7.96495e+6 
          10025      7.28604e+6 
          10075      6.91106e+6 
          10125      7.60364e+6 
          10175      7.56113e+6 
          10225      7.45746e+6 
          10275      7.34222e+6 
          10325      7.21687e+6 
          10375      7.10793e+6 
          10425      6.99728e+6 
          10475      6.84753e+6 
          10525      6.76461e+6 
          10575      6.66577e+6 
          10625      6.56213e+6 
          10675      6.37716e+6 
          10725       6.3306e+6 
          10775       6.2522e+6 
          10825      6.14122e+6 
          10875      5.99567e+6 
          10925      5.11584e+6 
          10975      5.56853e+6 
          11025       5.7797e+6 
          11075      5.72673e+6 
          11125      5.64308e+6 
          11175      5.56223e+6 
          11225       5.4832e+6 
          11275      5.35082e+6 
          11325      5.27224e+6 
          11375      5.23357e+6 
          11425      5.14831e+6 
          11475      5.09467e+6 
          11525      5.02275e+6 
          11575      4.94852e+6 
          11625      4.84947e+6 
          11675      4.75771e+6 
          11725      4.74107e+6 
          11775      4.61504e+6 
          11825       4.5796e+6 
          11875      4.50342e+6 
          11925      4.48112e+6 
          11975      4.39229e+6 
          12025      4.34957e+6 
          12075      4.28158e+6 
          12125      4.22584e+6 
          12175      4.17545e+6 
          12225      4.11567e+6 
          12275      4.05418e+6 
          12325      4.00154e+6 
          12375      3.95031e+6 
          12425      3.90027e+6 
          12475      3.84244e+6 
          12525      3.79213e+6 
          12575      3.72678e+6 
          12625      3.68268e+6 
          12675      3.64053e+6 
          12725      3.57871e+6 
          12775      3.44941e+6 
          12825      2.97503e+6 
          12875      3.38445e+6 
          12925       3.3953e+6 
          12975      3.36316e+6 
          13025      3.32227e+6 
          13075      3.27973e+6 
          13125      3.23575e+6 
          13175      3.18847e+6 
          13225      3.15385e+6 
          13275      3.11322e+6 
          13325       3.0738e+6 
          13375      3.03444e+6 
          13425      2.99556e+6 
          13475       2.9574e+6 
          13525      2.91601e+6 
          13575      2.87985e+6 
          13625      2.84657e+6 
          13675      2.80948e+6 
          13725      2.76145e+6 
          13775      2.73826e+6 
          13825      2.70489e+6 
          13875      2.67467e+6 
          13925      2.63742e+6 
          13975      2.60759e+6 
          14025      2.57582e+6 
          14075      2.54519e+6 
          14125      2.51285e+6 
          14175      2.48278e+6 
          14225      2.45195e+6 
          14275      2.42186e+6 
          14325       2.3936e+6 
          14375       2.3655e+6 
          14425      2.31147e+6 
          14475      2.30829e+6 
          14525      2.26868e+6 
          14570      2.25575e+6 
          14620      2.22642e+6 
          14675      2.20294e+6 
          14725      2.17602e+6 
          14775      2.14596e+6 
          14825      2.12482e+6 
          14875      2.09473e+6 
          14925      2.08072e+6 
          14975      2.05458e+6 
          15025      2.02408e+6 
          15075      2.00255e+6 
          15125      1.98142e+6 
          15175      1.95759e+6 
          15225      1.93988e+6 
          15275      1.90395e+6 
          15325      1.88032e+6 
          15375      1.87448e+6 
          15425      1.81691e+6 
          15475       1.8335e+6 
          15525      1.81671e+6 
          15575      1.73036e+6 
          15625      1.80557e+6 
          15675      1.73442e+6 
          15725      1.66247e+6 
          15775      1.75323e+6 
          15825      1.73449e+6 
          15875      1.54809e+6 
          15925      1.67118e+6 
          15975      1.69927e+6 
          16050      1.64423e+6 
          16150       1.5338e+6 
          16250      1.61785e+6 
          16350      1.53907e+6 
          16450      1.43423e+6 
          16550       1.5186e+6 
          16650      1.48709e+6 
          16750       1.4087e+6 
          16850      1.31281e+6 
          16950       1.3923e+6 
          17050      1.36526e+6 
          17150      1.33773e+6 
          17250      1.29872e+6 
          17350      1.15689e+6 
          17450      1.23229e+6 
          17550       1.2251e+6 
          17650      1.20047e+6 
          17750        1.178e+6 
          17850       1.1533e+6 
          17950       1.1316e+6 
          18050      1.10122e+6 
          18150          992319 
          18250      1.03818e+6 
          18350      1.04074e+6 
          18450      1.02209e+6 
          18550          999976 
          18650          974658 
          18750          873451 
          18850          933050 
          18950          922569 
          19050          908611 
          19150          891091 
          19250          873226 
          19350          849534 
          19450          764072 
          19550          817753 
          19650          809461 
          19750          794009 
          19850          780075 
          19950          765667 
          20050          751694 
          20150          737978 
          20250          724362 
          20350          711072 
          20450          698567 
          20550          685970 
          20650          673283 
          20750          661480 
          20850          649890 
          20950          638300 
          21050          626953 
          21150          615228 
          21250          604403 
          21350          594234 
          21450          584284 
          21550          570364 
          21650          516402 
          21750          547844 
          21850          544915 
          21950          536569 
          22050          527179 
          22150          517870 
          22250          510013 
          22350          501529 
          22450          493231 
          22550          484597 
          22650          477054 
          22750          469259 
          22850          461776 
          22950          454228 
          23050          447194 
          23150          440029 
          23250          433131 
          23350          426251 
          23450          419566 
          23550          412976 
          23650          406492 
          23750          400079 
          23850          393777 
          23950          387617 
          24050          381387 
          24150          375205 
          24250          370067 
          24350          363639 
          24450          357583 
          24550          353281 
          24650          346707 
          24750          341545 
          24850          338607 
          24950          327056 
          25050          329097 
          25150          324447 
          25250          310063 
          25350          314452 
          25450          311415 
          25550          305234 
          25650          288519 
          25750          297151 
          25850          293977 
          25950          289954 
          26050          281880 
          26150          264733 
          26250          254437 
          26350          270490 
          26450          270204 
          26550          266602 
          26650          260669 
          26750          240444 
          26850          253570 
          26950          252590 
          27050          249531 
          27150          246143 
          27250          242726 
          27350          239166 
          27450          234612 
          27550          216751 
          27650          223040 
          27750          225790 
          27850          223423 
          27950          220443 
          28050          217467 
          28150          214531 
          28250          211656 
          28350          208844 
          28450          205982 
          28550          202799 
          28650          196603 
          28750          182827 
          28850          193828 
          28950          192585 
          29050          190311 
          29150          187691 
          29250          185384 
          29350          183016 
          29450          180650 
          29550          178342 
          29650          176062 
          29750          173812 
          29850          171605 
          29950          169411 
          30050          167259 
          30150          165057 
          30250          162226 
          30350          151384 
          30450          153215 
          30550          156428 
          30650          155092 
          30750          153192 
          30850          151203 
          30950          149417 
          31050          147573 
          31150          145696 
          31250          143974 
          31350          142248 
          31450          140488 
          31550          138872 
          31650          137225 
          31750          135525 
          31850          133958 
          31950          132354 
          32100          130001 
          32300          126959 
          32500          123996 
          32700          120982 
          32900          112768 
          33100          114005 
          33300          112544 
          33500          110097 
          33700          107540 
          33900          105187 
          34100          102874 
          34300          100641 
          34500         98467.4 
          34700         96309.2 
          34900         94218.8 
          35100           92185 
          35300         90206.1 
          35500         88248.1 
          35700         86321.9 
          35900         84629.3 
          36100         82656.4 
          36300         81141.8 
          36500         79143.7 
          36700         77863.9 
          36900         75669.1 
          37100         74603.7 
          37300         71642.3 
          37500         69015.5 
          37700         70209.6 
          37900           68925 
          38100         66830.6 
          38300         65679.7 
          38500           64956 
          38700         63654.9 
          38900         62267.5 
          39100         59710.3 
          39300         60001.7 
          39500           58920 
          39700         57804.2 
          39900         56625.1 
          40100         54763.7 
          40300         53277.6 
          40500           51418 
          40700         52385.4 
          40900         51599.7 
          41100         50670.6 
          41300           49726 
          41500         48639.8 
          41700         45947.1 
          41900         46829.1 
          42100         46145.3 
          42300         45334.9 
          42500         44513.2 
          42700         43712.7 
          42900         42929.4 
          43100         42162.8 
          43300         41410.6 
          43500         40624.6 
          43700         38466.4 
          43900         38812.6 
          44100         38563.8 
          44300         37903.7 
          44500         37245.9 
          44700         36666.4 
          44900         35970.6 
          45100         35361.4 
          45300         34759.7 
          45500         34170.9 
          45700         33591.1 
          45900         33018.2 
          46100         32459.4 
          46300           31844 
          46500           30041 
          46700         29483.5 
          46900         30188.2 
          47100         29859.4 
          47300         29395.3 
          47500         28917.9 
          47700           28454 
          47900         28000.1 
          48100         27551.2 
          48300           27112 
          48500         26677.4 
          48700           26257 
          48900         25839.4 
          49100           25434 
          49300         25029.7 
          49500           24651 
          49700         24244.1 
          49900         23891.3 
          50100         23517.8 
          50300         23125.7 
          50500         22809.9 
          50700         22457.3 
          50900         22047.1 
          51100         21668.5 
          51300         20535.1 
          51500         21054.8 
          51700         20723.1 
          51900           20505 
          52100           20216 
          52300         19915.7 
          52500           19577 
          52700         19219.8 
          52900         19047.8 
          53100         18813.7 
          53300         18540.2 
          53500         18243.9 
          53700         17856.1 
          53900         17607.1 
          54100         17474.6 
          54300         17241.4 
          54500         16997.1 
          54700         16754.7 
          54900         16510.3 
          55100         16198.4 
          55300         15799.3 
          55500         15804.3 
          55700         15610.8 
          55900           15392 
          56100         15181.9 
          56300         14973.2 
          56500         14768.3 
          56700         14564.7 
          56900         14320.5 
          57100         13833.3 
          57300         13915.9 
          57500         13789.6 
          57700         13603.7 
          57900         13419.9 
          58100         13241.8 
          58300         13055.8 
          58500         12879.7 
          58700         12701.3 
          58900         12467.5 
          59100         11846.1 
          59300           12152 
          59500         11734.2 
          59700         11773.1 
          59900         11734.5 
          60100         11593.9 
          60300         11446.7 
          60500         11301.1 
          60700         11157.3 
          60900           11015 
          61100         10873.4 
          61300         10737.4 
          61500           10602 
          61700           10468 
          61900         10335.6 
          62100         10205.6 
          62300         10076.1 
          62500         9946.15 
          62700         9787.95 
          62900          9351.4 
          63100         9525.16 
          63300          9461.3 
          63500         9351.34 
          63700         9246.56 
          63900         9137.28 
          64200         8976.87 
          64600         8760.78 
          65000         8547.71 
          65400         8348.26 
          65800         8145.63 
          66200         7953.94 
          66600         7770.11 
          67000         7586.04 
          67400         7384.73 
          67800         7071.74 
          68200         7061.19 
          68600         6919.93 
          69000         6765.09 
          69400         6596.42 
          69800         6464.27 
          70200          6323.1 
          70600         6179.92 
          71000         6027.99 
          71400         5915.86 
          71800         5787.55 
          72200          5661.1 
          72600         5517.83 
          73000         5416.95 
          73400         5307.53 
          73800            5191 
          74200          5068.8 
          74600         4843.39 
          75000         4677.63 
          75400          4747.6 
          75800         4666.99 
          76200         4581.34 
          76600         4488.49 
          77000         4397.69 
          77400          4301.9 
          77800         4177.82 
          78200         4131.56 
          78600         4056.55 
          79000         3976.42 
          79400         3898.26 
          79800         3821.75 
          80200         3747.38 
          80600         3674.71 
          81000         3602.73 
          81400          3491.5 
          81800         3449.95 
          82200          3401.3 
          82600          3337.2 
          83000         3274.36 
          83400         3212.61 
          83800         3152.29 
          84200         3094.13 
          84600         3037.32 
          85000         2981.46 
          85400         2926.68 
          85800         2873.26 
          86200         2817.65 
          86600         2716.23 
          87000         2710.88 
          87400         2631.37 
          87800         2585.07 
          88200         2577.13 
          88600         2531.54 
          89000         2487.34 
          89400         2443.92 
          89800         2401.18 
          90200         2359.41 
          90600         2317.38 
          91000         2278.85 
          91400         2239.65 
          91800         2201.58 
          92200         2163.99 
          92600         2121.44 
          93000         2090.85 
          93400         2053.64 
          93800            1979 
          94200         1976.41 
          94600         1955.18 
          95000          1919.3 
          95400         1887.14 
          95800         1860.66 
          96200         1830.27 
          96600         1800.57 
          97000         1771.46 
          97400          1742.8 
          97800         1714.95 
          98200         1684.56 
          98600         1654.02 
          99000          1634.3 
          99400         1608.52 
          99800         1583.21 
         100200          1558.4 
         200000          100.21 
         400000          6.2549 
         600000         1.22668 
         800000        0.385341 
         1.0e+6        0.156806 
         1.2e+6       0.0751838 
         1.4e+6       0.0403737 
         1.6e+6       0.0235574 
