# Kurucz ODFNEW /NOVER models
# teff = 4750 K (value for the effective temperature for the model. Temperatures are given in K)
# logg = 0.00 log(cm/s2) (value for Log(G) for the model.)
# meta = -0.5  (value for the Metallicity for the model.)
# lh = 1.25  (l/Hp where l is the  mixing length of the convective element and Hp is the pressure scale height)
# vtur = 2.0 km/s (Microturbulence velocity)
#
# column 1: WAVELENGTH (ANGSTROM), Wavelength in Angstrom
# column 2: FLUX (ERG/CM2/S/A), Flux in erg/cm2/s/A
              0               0 
           90.9               0 
           93.5               0 
           96.1               0 
           97.7               0 
           99.6               0 
            102               0 
          103.8               0 
          105.6               0 
          107.7               0 
          110.4               0 
            114               0 
          117.8               0 
          121.3               0 
          124.8               0 
          127.1               0 
          128.4               0 
          130.5               0 
          132.4               0 
          133.9               0 
          136.6               0 
          139.8               0 
          143.3               0 
          147.2               0 
            151               0 
          155.2               0 
          158.8               0 
            162               0 
            166               0 
          170.3               0 
          173.4               0 
          176.8               0 
          180.2               0 
          181.7               0 
          186.1               0 
            191               0 
          193.9               0 
          198.4               0 
          201.8               0 
            205               0 
          210.5               0 
          216.2               0 
          219.8               0 
            223               0 
          226.8               0 
            230               0 
            234               0 
            240               0 
          246.5               0 
          252.4               0 
          256.8               0 
            260               0 
            264               0 
          268.5               0 
          273.5               0 
          278.5               0 
            284               0 
            290               0 
            296               0 
            301               0 
            308               0 
            318               0 
            328               0 
            338               0 
            348               0 
            357               0 
            366               0 
            375               0 
            385               0 
            395               0 
            405               0 
            414               0 
            422               0 
            430               0 
            441               0 
            451               0 
            460               0 
            470               0 
            480               0 
            490               0 
            500               0 
            506               0 
            512               0 
            520               0 
            530               0 
            540               0 
            550               0 
            560               0 
            570               0 
            580               0 
            590               0 
            600               0 
            610               0 
            620               0 
            630               0 
            640               0 
            650               0 
            658               0 
            665               0 
            675               0 
            685               0 
            695               0 
            705               0 
            716               0 
            726               0 
            735               0 
            745               0 
            755               0 
            765               0 
            775               0 
            785               0 
            795      2.6252e-25 
            805     6.19722e-25 
            815     1.42961e-24 
            825     3.22646e-24 
            835     7.13287e-24 
            845     1.54575e-23 
            855     3.28573e-23 
            865     6.85514e-23 
            875     1.40438e-22 
            885     2.83005e-22 
            895     5.60657e-22 
            905     1.09267e-21 
            915     3.93313e-17 
            925      1.4005e-16 
            935     1.79862e-16 
            945      3.6968e-16 
            955     6.43645e-16 
            965     1.10718e-15 
            975     1.40725e-15 
            985     2.82253e-15 
            995     4.49134e-15 
           1005     7.02938e-15 
           1015     1.03929e-14 
           1025     1.85288e-14 
           1035     3.03504e-14 
           1045     5.15439e-14 
           1055     7.07105e-14 
           1065     1.24183e-13 
           1075     1.93042e-13 
           1085      2.9667e-13 
           1095     4.15243e-13 
           1105      6.2349e-13 
           1115     1.02283e-12 
           1125     1.63289e-12 
           1135     2.63738e-12 
           1145      3.9727e-12 
           1155     5.95415e-12 
           1165     8.79522e-12 
           1175     1.33046e-11 
           1185     1.98473e-11 
           1195     2.79905e-11 
           1205     4.06042e-11 
           1215     1.16662e-11 
           1225     8.21431e-11 
           1235     1.27711e-10 
           1245      1.7987e-10 
           1255     2.62439e-10 
           1265     3.76935e-10 
           1275     5.34983e-10 
           1285     7.28559e-10 
           1295      9.8045e-10 
           1305      1.41538e-9 
           1315      2.02793e-9 
           1325      2.72093e-9 
           1335      3.56495e-9 
           1345      4.86806e-9 
           1355       6.9288e-9 
           1365      8.92074e-9 
           1375      1.19342e-8 
           1385      1.45148e-8 
           1395      1.91607e-8 
           1405      2.82888e-8 
           1415      3.40864e-8 
           1425      4.42383e-8 
           1435       5.8726e-8 
           1442      7.80758e-8 
           1447      7.93023e-8 
           1455      9.87585e-8 
           1465      1.30067e-7 
           1475      1.65095e-7 
           1485      2.10554e-7 
           1495      3.03201e-7 
           1505      4.05568e-7 
           1512       3.5985e-7 
           1517      4.65083e-7 
           1525      6.28119e-7 
           1535      4.61258e-6 
           1545      6.96556e-6 
           1555       1.3724e-5 
           1565      1.19423e-5 
           1575     0.000200027 
           1585     0.000226198 
           1595     0.000227102 
           1605     0.000209861 
           1615     0.000187381 
           1625     0.000203543 
           1635     0.000567867 
           1645      0.00107214 
           1655     0.000549987 
           1665      0.00146467 
           1672     0.000680559 
           1677      0.00305728 
           1685       0.0173887 
           1695       0.0833768 
           1705        0.159684 
           1715        0.257722 
           1725        0.418594 
           1735        0.621221 
           1745        0.908452 
           1755         1.28907 
           1765          1.6217 
           1775         1.23053 
           1785         2.39525 
           1795         2.61266 
           1805         3.60572 
           1815         2.85159 
           1825         5.12912 
           1835         5.06376 
           1845         3.34008 
           1855         4.57306 
           1865         9.15434 
           1875         9.23754 
           1885         12.3784 
           1895         17.3876 
           1905         16.4612 
           1915         21.0163 
           1925         20.8077 
           1935         12.9906 
           1945         31.9498 
           1955         38.9275 
           1967         52.1207 
           1976         53.6416 
           1984         64.5894 
           1995         67.1409 
           2005         77.8504 
           2015          85.025 
           2025         62.9034 
           2035          102.97 
           2045         113.595 
           2055         122.412 
           2065          113.19 
           2074         117.438 
           2078         166.655 
           2085         178.537 
           2095         203.248 
           2105          191.11 
           2115         160.858 
           2125         100.272 
           2135         230.936 
           2145         253.974 
           2155         325.347 
           2165         305.018 
           2175         357.227 
           2185         367.006 
           2195         543.988 
           2205         491.762 
           2215         404.525 
           2225         480.966 
           2235         818.589 
           2245         851.303 
           2255         701.293 
           2265         488.113 
           2275         916.636 
           2285         1037.35 
           2295         1193.27 
           2305         748.636 
           2315         1201.78 
           2325         1023.15 
           2335          910.14 
           2345         545.451 
           2355          929.39 
           2365         616.862 
           2375         805.941 
           2385         507.956 
           2395         717.137 
           2405         851.809 
           2415         1189.38 
           2425         2556.88 
           2435         3378.69 
           2445         4267.73 
           2455         4518.32 
           2465         3346.61 
           2475         3159.48 
           2485          654.48 
           2495         2039.42 
           2505         3460.02 
           2513         1769.72 
           2518         729.656 
           2525         1162.22 
           2535         3881.83 
           2545         4539.94 
           2555         7868.14 
           2565         5689.97 
           2575         6609.49 
           2585         4763.19 
           2595         3842.41 
           2605         3054.35 
           2615         3010.07 
           2625         4391.93 
           2635         9363.96 
           2645         17032.5 
           2655         24526.7 
           2665         18804.6 
           2675         20065.3 
           2685         24679.3 
           2695           19101 
           2705         23488.8 
           2715           14736 
           2725         11808.3 
           2735         15062.7 
           2745         8933.01 
           2755         12190.3 
           2765         16009.9 
           2775         15868.3 
           2785         9524.35 
           2795         2008.21 
           2805          2938.9 
           2815         13914.5 
           2825         21482.3 
           2835         24355.8 
           2845         17481.6 
           2855         5541.15 
           2865         26500.3 
           2875           39048 
           2885         39805.5 
           2895         50497.3 
           2910         68516.4 
           2930         67733.3 
           2950         65350.6 
           2970         75808.2 
           2990           79201 
           3010         81054.3 
           3030         93397.9 
           3050          107019 
           3070          101760 
           3090          124030 
           3110          143976 
           3130          133874 
           3150          142016 
           3170          158319 
           3190          147629 
           3210          171538 
           3230          122311 
           3250          191031 
           3270          255040 
           3290          259163 
           3310          253073 
           3330          242735 
           3350          224910 
           3370          199297 
           3390          228052 
           3410          279160 
           3430          326909 
           3450          337560 
           3470          344632 
           3490          366583 
           3510          403422 
           3530          365153 
           3550          423259 
           3570          299022 
           3590          329550 
           3610          410290 
           3630          457729 
           3640          470743 
           3650          501931 
           3670          544948 
           3690          570211 
           3710          651008 
           3730          543344 
           3750          583828 
           3770          630847 
           3790          651536 
           3810          617956 
           3830          412302 
           3850          403200 
           3870          401662 
           3890          598080 
           3910          536778 
           3930          173063 
           3950          335863 
           3970          216015 
           3990          727662 
           4010      1.05908e+6 
           4030      1.14514e+6 
           4050      1.12235e+6 
           4070      1.09804e+6 
           4090      1.35726e+6 
           4110      1.39099e+6 
           4130      1.28048e+6 
           4150      1.28236e+6 
           4170      1.24199e+6 
           4190       1.2352e+6 
           4210      1.32998e+6 
           4230      1.41762e+6 
           4250       1.4168e+6 
           4270      1.38513e+6 
           4290      1.25654e+6 
           4310          989885 
           4330      1.58397e+6 
           4350      1.55843e+6 
           4370      1.65228e+6 
           4390      1.53948e+6 
           4410      1.67006e+6 
           4430      1.84909e+6 
           4450      1.87369e+6 
           4470      2.02403e+6 
           4490      2.11293e+6 
           4510      2.36576e+6 
           4530      2.13361e+6 
           4550      2.16021e+6 
           4570      2.36177e+6 
           4590       2.2613e+6 
           4610      2.41403e+6 
           4630      2.40165e+6 
           4650      2.44271e+6 
           4670       2.4937e+6 
           4690      2.47881e+6 
           4710      2.41926e+6 
           4730      2.55561e+6 
           4750      2.68608e+6 
           4770      2.72503e+6 
           4790      2.71693e+6 
           4810      2.69064e+6 
           4830       2.7288e+6 
           4850      2.65029e+6 
           4870      2.45844e+6 
           4890      2.74764e+6 
           4910      2.74921e+6 
           4930      2.68665e+6 
           4950      2.86501e+6 
           4970      2.86015e+6 
           4990      2.64694e+6 
           5010      2.54855e+6 
           5030      2.72874e+6 
           5050      2.79093e+6 
           5070      2.87902e+6 
           5090      2.75102e+6 
           5110      2.79589e+6 
           5130      2.67192e+6 
           5150      2.65078e+6 
           5170      2.62087e+6 
           5190      2.69903e+6 
           5210      2.76967e+6 
           5230      2.81423e+6 
           5250      2.87388e+6 
           5270      2.64457e+6 
           5290      2.92536e+6 
           5310      3.00677e+6 
           5330      2.80483e+6 
           5350      3.03621e+6 
           5370      3.08459e+6 
           5390      2.99469e+6 
           5410      2.94131e+6 
           5430      2.97373e+6 
           5450      3.14422e+6 
           5470      3.04484e+6 
           5490      3.02008e+6 
           5510      3.02985e+6 
           5530      3.09668e+6 
           5550      3.15535e+6 
           5570      3.12534e+6 
           5590      3.04874e+6 
           5610      3.16866e+6 
           5630      3.15154e+6 
           5650      3.16395e+6 
           5670      3.08588e+6 
           5690      3.17711e+6 
           5710      3.06037e+6 
           5730      3.30983e+6 
           5750      3.19546e+6 
           5770      3.26036e+6 
           5790      3.15193e+6 
           5810      3.23941e+6 
           5830      3.31798e+6 
           5850      3.24909e+6 
           5870      3.27256e+6 
           5890      3.10759e+6 
           5910      3.24654e+6 
           5930      3.24804e+6 
           5950      3.25188e+6 
           5970      3.30359e+6 
           5990      3.25461e+6 
           6010      3.20646e+6 
           6030       3.2445e+6 
           6050      3.30275e+6 
           6070      3.30332e+6 
           6090      3.19267e+6 
           6110      3.17189e+6 
           6130      3.07926e+6 
           6150      3.12621e+6 
           6170      3.05123e+6 
           6190      3.20421e+6 
           6210      3.21291e+6 
           6230      3.10156e+6 
           6250      2.97941e+6 
           6270      3.15325e+6 
           6290      3.17369e+6 
           6310      3.07119e+6 
           6330       3.1289e+6 
           6350      3.15295e+6 
           6370      3.12938e+6 
           6390      3.14812e+6 
           6410      3.10006e+6 
           6430      3.12156e+6 
           6450      3.12633e+6 
           6470      3.12285e+6 
           6490      3.03744e+6 
           6510      3.12336e+6 
           6530      3.14956e+6 
           6550       3.1021e+6 
           6570      2.87682e+6 
           6590      3.10201e+6 
           6610       3.1063e+6 
           6630       3.1266e+6 
           6650      3.10363e+6 
           6670      3.07641e+6 
           6690      3.14263e+6 
           6710      3.06619e+6 
           6730      3.12884e+6 
           6750       3.0747e+6 
           6770      3.09068e+6 
           6790      3.06604e+6 
           6810      3.06487e+6 
           6830      3.08037e+6 
           6850      3.01696e+6 
           6870      3.05195e+6 
           6890      3.07869e+6 
           6910      3.04814e+6 
           6930      3.02931e+6 
           6950      2.97968e+6 
           6970      3.00479e+6 
           6990      2.98115e+6 
           7010      2.90137e+6 
           7030      2.95265e+6 
           7050      2.98307e+6 
           7070       2.9378e+6 
           7090      2.94149e+6 
           7110      2.91848e+6 
           7130      2.87945e+6 
           7150      2.87825e+6 
           7170      2.89131e+6 
           7190      2.79049e+6 
           7210      2.85069e+6 
           7230      2.87055e+6 
           7250      2.88863e+6 
           7270      2.86834e+6 
           7290      2.78854e+6 
           7310      2.81595e+6 
           7330      2.83076e+6 
           7350      2.82339e+6 
           7370      2.86053e+6 
           7390      2.79678e+6 
           7410      2.75734e+6 
           7430      2.78339e+6 
           7450      2.79691e+6 
           7470      2.81017e+6 
           7490      2.78169e+6 
           7510      2.79581e+6 
           7530      2.79952e+6 
           7550      2.81663e+6 
           7570       2.7871e+6 
           7590      2.78421e+6 
           7610       2.7826e+6 
           7630      2.78693e+6 
           7650      2.77566e+6 
           7670       2.7101e+6 
           7690      2.76973e+6 
           7710      2.71038e+6 
           7730      2.71787e+6 
           7750      2.70368e+6 
           7770      2.73645e+6 
           7790      2.73508e+6 
           7810      2.73338e+6 
           7830       2.7042e+6 
           7850      2.68628e+6 
           7870      2.69119e+6 
           7890       2.6271e+6 
           7910      2.56368e+6 
           7930      2.55124e+6 
           7950      2.53204e+6 
           7970       2.6006e+6 
           7990       2.5932e+6 
           8010      2.57816e+6 
           8030      2.57748e+6 
           8050      2.55434e+6 
           8070        2.548e+6 
           8090      2.48966e+6 
           8110      2.50088e+6 
           8130      2.51464e+6 
           8150      2.50764e+6 
           8170      2.50881e+6 
           8190      2.45962e+6 
           8210       2.4595e+6 
           8230      2.46291e+6 
           8250      2.47899e+6 
           8270      2.50128e+6 
           8290      2.48412e+6 
           8310      2.42085e+6 
           8330      2.40858e+6 
           8350      2.43164e+6 
           8370      2.43256e+6 
           8390      2.38143e+6 
           8410      2.43291e+6 
           8430      2.38221e+6 
           8450      2.41484e+6 
           8470      2.39274e+6 
           8490      2.28865e+6 
           8510       2.1437e+6 
           8530      2.19165e+6 
           8550      1.67699e+6 
           8570      2.36615e+6 
           8590       2.3601e+6 
           8610      2.35657e+6 
           8630      2.37383e+6 
           8650      2.26167e+6 
           8670      1.74601e+6 
           8690        2.282e+6 
           8710      2.34617e+6 
           8730      2.34739e+6 
           8750      2.30942e+6 
           8770      2.35625e+6 
           8790      2.33355e+6 
           8810      2.29471e+6 
           8830      2.30878e+6 
           8850      2.31842e+6 
           8870      2.26684e+6 
           8890       2.3149e+6 
           8910      2.32051e+6 
           8930      2.27867e+6 
           8950      2.26972e+6 
           8970      2.27665e+6 
           8990      2.27599e+6 
           9010      2.19249e+6 
           9030      2.25001e+6 
           9050      2.28165e+6 
           9070      2.23708e+6 
           9090      2.16929e+6 
           9110      2.18779e+6 
           9130      2.22955e+6 
           9150      2.13059e+6 
           9170      2.08479e+6 
           9190      2.09071e+6 
           9210      2.04411e+6 
           9230       2.0419e+6 
           9250      2.04034e+6 
           9270       2.0796e+6 
           9290      2.06432e+6 
           9310      2.09406e+6 
           9330      2.09392e+6 
           9350      2.07377e+6 
           9370      2.06441e+6 
           9390      2.04225e+6 
           9410      1.98508e+6 
           9430      2.01035e+6 
           9450      1.98902e+6 
           9470      2.02549e+6 
           9490      2.01939e+6 
           9510       2.0359e+6 
           9530       2.0145e+6 
           9550      1.99926e+6 
           9570      2.01152e+6 
           9590      2.02084e+6 
           9610       2.0037e+6 
           9630      1.98637e+6 
           9650      1.96973e+6 
           9670      1.95797e+6 
           9690      1.97914e+6 
           9710      1.97659e+6 
           9730      1.97619e+6 
           9750      1.94978e+6 
           9770      1.96332e+6 
           9790      1.93762e+6 
           9810      1.96907e+6 
           9830      1.96566e+6 
           9850      1.95979e+6 
           9870      1.95185e+6 
           9890      1.94982e+6 
           9910      1.93536e+6 
           9930      1.94954e+6 
           9950       1.9411e+6 
           9970      1.94257e+6 
           9990      1.93903e+6 
          10025        1.917e+6 
          10075      1.89835e+6 
          10125      1.88932e+6 
          10175      1.86242e+6 
          10225      1.86105e+6 
          10275      1.85936e+6 
          10325      1.82263e+6 
          10375      1.81571e+6 
          10425      1.81421e+6 
          10475      1.78361e+6 
          10525       1.7835e+6 
          10575      1.76648e+6 
          10625      1.75012e+6 
          10675      1.71443e+6 
          10725      1.71738e+6 
          10775      1.69963e+6 
          10825      1.67464e+6 
          10875      1.65736e+6 
          10925      1.62187e+6 
          10975      1.54057e+6 
          11025      1.53131e+6 
          11075      1.54644e+6 
          11125      1.53717e+6 
          11175      1.54673e+6 
          11225       1.5427e+6 
          11275      1.51969e+6 
          11325      1.52754e+6 
          11375       1.5017e+6 
          11425      1.49811e+6 
          11475       1.5102e+6 
          11525      1.50445e+6 
          11575      1.48484e+6 
          11625      1.46103e+6 
          11675      1.45877e+6 
          11725      1.47472e+6 
          11775      1.44135e+6 
          11825      1.43716e+6 
          11875      1.41448e+6 
          11925      1.43798e+6 
          11975      1.39074e+6 
          12025      1.40559e+6 
          12075      1.39044e+6 
          12125      1.38474e+6 
          12175      1.38576e+6 
          12225      1.37662e+6 
          12275       1.3634e+6 
          12325      1.35722e+6 
          12375      1.34544e+6 
          12425      1.33783e+6 
          12475      1.33299e+6 
          12525      1.31939e+6 
          12575       1.3092e+6 
          12625      1.30249e+6 
          12675      1.29247e+6 
          12725      1.29031e+6 
          12775      1.28436e+6 
          12825      1.24118e+6 
          12875      1.26088e+6 
          12925      1.24645e+6 
          12975      1.24774e+6 
          13025      1.23724e+6 
          13075      1.23368e+6 
          13125        1.217e+6 
          13175      1.20726e+6 
          13225      1.20823e+6 
          13275      1.18873e+6 
          13325      1.18956e+6 
          13375      1.18184e+6 
          13425      1.18039e+6 
          13475      1.17279e+6 
          13525      1.16527e+6 
          13575      1.14716e+6 
          13625      1.14208e+6 
          13675       1.1385e+6 
          13725      1.12764e+6 
          13775      1.12469e+6 
          13825      1.12015e+6 
          13875      1.11194e+6 
          13925      1.10752e+6 
          13975      1.09985e+6 
          14025      1.08602e+6 
          14075       1.0744e+6 
          14125      1.05001e+6 
          14175      1.04683e+6 
          14225      1.03254e+6 
          14275      1.02269e+6 
          14325      1.03146e+6 
          14375      1.03351e+6 
          14425      1.00139e+6 
          14475      1.02508e+6 
          14525          999646 
          14570      1.00055e+6 
          14620          991264 
          14675          986734 
          14725          972554 
          14775          973681 
          14825          969214 
          14875          961638 
          14925          972203 
          14975          961554 
          15025          947707 
          15075          937667 
          15125          943153 
          15175          943573 
          15225          936492 
          15275          930937 
          15325          926155 
          15375          930133 
          15425          914076 
          15475          921817 
          15525          913683 
          15575          891274 
          15625          911810 
          15675          896191 
          15725          882502 
          15775          872663 
          15825          879717 
          15875          840414 
          15925          872951 
          15975          869665 
          16050          859436 
          16150          839308 
          16250          840894 
          16350          827667 
          16450          795943 
          16550          801801 
          16650          783214 
          16750          768908 
          16850          739801 
          16950          746990 
          17050          722431 
          17150          713773 
          17250          695468 
          17350          669380 
          17450          668891 
          17550          658452 
          17650          645510 
          17750          632829 
          17850          622612 
          17950          613615 
          18050          598707 
          18150          580554 
          18250          575554 
          18350          566815 
          18450          553294 
          18550          545068 
          18650          532641 
          18750          511287 
          18850          514624 
          18950          495842 
          19050          498705 
          19150          488188 
          19250          480435 
          19350          468459 
          19450          452810 
          19550          453886 
          19650          445045 
          19750          434861 
          19850          428961 
          19950          421196 
          20050          416538 
          20150          410911 
          20250          400586 
          20350          391919 
          20450          389664 
          20550          381669 
          20650          373670 
          20750          367917 
          20850          362239 
          20950          354454 
          21050          350763 
          21150          344228 
          21250          338478 
          21350          333372 
          21450          328468 
          21550          323431 
          21650          312261 
          21750          310990 
          21850          306301 
          21950          302937 
          22050          295664 
          22150          292663 
          22250          287481 
          22350          283036 
          22450          278928 
          22550          272912 
          22650          269119 
          22750          266176 
          22850          261023 
          22950          231716 
          23050          242112 
          23150          240615 
          23250          213997 
          23350          225842 
          23450          226619 
          23550          200598 
          23650          212908 
          23750          213136 
          23850          190961 
          23950          200574 
          24050          202107 
          24150          185102 
          24250          191343 
          24350          192501 
          24450          181363 
          24550          180414 
          24650          185531 
          24750          178500 
          24850          172112 
          24950          175589 
          25050          176423 
          25150          165791 
          25250          168830 
          25350          169230 
          25450          164791 
          25550          162712 
          25650          161521 
          25750          161791 
          25850          154938 
          25950          156331 
          26050          155383 
          26150          152087 
          26250          149585 
          26350          149651 
          26450          148425 
          26550          145288 
          26650          142757 
          26750          143208 
          26850          141950 
          26950          139363 
          27050          138505 
          27150          136883 
          27250          135677 
          27350          133151 
          27450          132433 
          27550          130188 
          27650          129021 
          27750          127320 
          27850          126038 
          27950          124863 
          28050          123122 
          28150          121578 
          28250          120247 
          28350          119128 
          28450          117333 
          28550          115968 
          28650          114549 
          28750          112195 
          28850          111803 
          28950          110546 
          29050          109059 
          29150          107829 
          29250          106085 
          29350          105197 
          29450          103597 
          29550          102613 
          29650          101283 
          29750          100148 
          29850         99025.6 
          29950         97609.4 
          30050         96330.8 
          30150         95456.6 
          30250         94274.8 
          30350         92157.7 
          30450         91651.1 
          30550         90817.9 
          30650         89612.8 
          30750         88767.9 
          30850         87338.2 
          30950         86306.7 
          31050           85568 
          31150         83975.2 
          31250         83473.3 
          31350         82259.5 
          31450         81554.3 
          31550         80394.7 
          31650         79695.6 
          31750         78574.1 
          31850           77684 
          31950         76936.6 
          32100         75557.3 
          32300         73707.3 
          32500         72150.5 
          32700         70484.8 
          32900         68377.6 
          33100         67285.4 
          33300         65582.6 
          33500         64331.9 
          33700           62874 
          33900         61226.3 
          34100           60005 
          34300         58922.7 
          34500         57554.8 
          34700         56411.3 
          34900         55259.5 
          35100         54010.9 
          35300         52747.6 
          35500           51802 
          35700         50549.5 
          35900         49525.7 
          36100         48649.1 
          36300         47622.6 
          36500         46485.8 
          36700         45555.3 
          36900         44437.6 
          37100         43560.1 
          37300         42758.5 
          37500         41561.4 
          37700         41113.8 
          37900         40342.8 
          38100         39484.2 
          38300         38831.5 
          38500         38101.2 
          38700         37308.6 
          38900         36562.4 
          39100         35854.3 
          39300         35231.6 
          39500         34501.6 
          39700         33903.8 
          39900         33041.9 
          40100         32530.2 
          40300         31948.3 
          40500           31227 
          40700         30782.1 
          40900           30241 
          41100         29724.3 
          41300         29205.2 
          41500         28618.2 
          41700         28043.2 
          41900         27608.7 
          42100         27006.9 
          42300         26678.5 
          42500         26127.6 
          42700         25709.9 
          42900         24158.6 
          43100         23010.1 
          43300         23364.7 
          43500         21896.1 
          43700         21398.2 
          43900         21244.7 
          44100         19603.5 
          44300         19753.2 
          44500         19254.6 
          44700         18019.7 
          44900         18379.9 
          45100         17907.9 
          45300         16893.9 
          45500         17121.3 
          45700           16895 
          45900         15840.6 
          46100         16190.5 
          46300         15720.4 
          46500         15545.7 
          46700         15395.8 
          46900         15168.1 
          47100         14793.2 
          47300         14941.5 
          47500         14594.5 
          47700         14406.2 
          47900         14191.2 
          48100         13826.1 
          48300         14026.9 
          48500           13708 
          48700         13407.3 
          48900         13356.4 
          49100         13051.7 
          49300         12914.9 
          49500         12740.6 
          49700         12630.1 
          49900         12404.1 
          50100         12137.9 
          50300         12169.7 
          50500         11853.3 
          50700         11732.6 
          50900         11611.7 
          51100         11397.8 
          51300           11259 
          51500         11125.4 
          51700         11131.3 
          51900         10861.2 
          52100         10655.4 
          52300         10564.5 
          52500           10502 
          52700         10497.6 
          52900         10131.7 
          53100         10024.8 
          53300          9944.3 
          53500         9827.56 
          53700         9727.46 
          53900         9619.47 
          54100         9502.01 
          54300         9307.33 
          54500         9287.09 
          54700         9121.46 
          54900         9017.13 
          55100         8892.59 
          55300         8941.85 
          55500         8650.39 
          55700         8701.81 
          55900         8512.94 
          56100         8451.51 
          56300         8278.53 
          56500         8270.76 
          56700         8157.11 
          56900         7978.62 
          57100         7972.98 
          57300         7880.58 
          57500         7780.15 
          57700         7669.41 
          57900         7633.02 
          58100         7494.39 
          58300         7415.37 
          58500         7348.45 
          58700         7217.23 
          58900         7148.85 
          59100         7073.93 
          59300         6997.46 
          59500         6882.52 
          59700         6849.36 
          59900         6766.95 
          60100         6690.92 
          60300         6608.68 
          60500         6504.75 
          60700         6434.96 
          60900         6359.35 
          61100          6266.8 
          61300         6214.85 
          61500         6149.01 
          61700         6092.77 
          61900         6024.45 
          62100         5958.56 
          62300         5876.89 
          62500         5791.87 
          62700         5734.67 
          62900         5661.13 
          63100         5593.59 
          63300         5553.06 
          63500         5469.71 
          63700         5437.76 
          63900         5345.18 
          64200         5267.47 
          64600         5141.05 
          65000         5029.11 
          65400         4913.18 
          65800         4810.98 
          66200         4694.57 
          66600         4595.79 
          67000         4495.18 
          67400         4388.72 
          67800         4292.85 
          68200         4198.89 
          68600         4109.26 
          69000         4015.84 
          69400         3926.44 
          69800         3843.82 
          70200         3757.87 
          70600         3678.81 
          71000         3598.62 
          71400         3522.89 
          71800         3446.11 
          72200         3372.46 
          72600         3300.24 
          73000         3232.42 
          73400         3162.75 
          73800         3098.27 
          74200         3031.62 
          74600         2963.19 
          75000         2903.13 
          75400         2848.16 
          75800         2790.25 
          76200         2732.68 
          76600          2676.8 
          77000         2620.97 
          77400         2567.35 
          77800         2514.32 
          78200         2464.58 
          78600         2414.98 
          79000         2367.29 
          79400         2320.37 
          79800         2275.63 
          80200         2231.02 
          80600         2188.23 
          81000          2148.3 
          81400         2106.09 
          81800         2067.41 
          82200          2029.5 
          82600         1990.84 
          83000         1953.49 
          83400            1916 
          83800         1880.96 
          84200          1845.7 
          84600         1812.29 
          85000         1778.48 
          85400         1746.16 
          85800          1714.3 
          86200         1683.22 
          86600         1651.93 
          87000         1623.14 
          87400         1594.36 
          87800          1565.2 
          88200         1537.82 
          88600         1511.15 
          89000         1484.76 
          89400         1458.96 
          89800         1433.24 
          90200         1409.26 
          90600         1385.55 
          91000          1360.8 
          91400         1337.46 
          91800         1315.81 
          92200          1293.7 
          92600         1271.74 
          93000         1250.89 
          93400         1229.45 
          93800         1208.54 
          94200         1189.55 
          94600         1169.32 
          95000         1150.69 
          95400          1131.7 
          95800         1112.79 
          96200         1095.29 
          96600         1076.83 
          97000          1060.4 
          97400         1042.54 
          97800         1025.36 
          98200         1010.23 
          98600         994.142 
          99000         978.208 
          99400         962.229 
          99800         948.064 
         100200          933.23 
         200000         60.2646 
         400000         3.76329 
         600000        0.737459 
         800000        0.231689 
         1.0e+6       0.0943597 
         1.2e+6       0.0452965 
         1.4e+6       0.0243568 
         1.6e+6       0.0142275 
