# Kurucz ODFNEW /NOVER models
# teff = 22000 K (value for the effective temperature for the model. Temperatures are given in K)
# logg = 3.00 log(cm/s2) (value for Log(G) for the model.)
# meta = -0.5  (value for the Metallicity for the model.)
# lh = 1.25  (l/Hp where l is the  mixing length of the convective element and Hp is the pressure scale height)
# vtur = 2.0 km/s (Microturbulence velocity)
#
# column 1: WAVELENGTH (ANGSTROM), Wavelength in Angstrom
# column 2: FLUX (ERG/CM2/S/A), Flux in erg/cm2/s/A
              0               0 
           90.9               0 
           93.5               0 
           96.1               0 
           97.7               0 
           99.6               0 
            102               0 
          103.8               0 
          105.6               0 
          107.7               0 
          110.4               0 
            114               0 
          117.8               0 
          121.3               0 
          124.8               0 
          127.1     2.68303e-22 
          128.4     6.23481e-22 
          130.5     2.17547e-21 
          132.4      6.4131e-21 
          133.9      1.4736e-20 
          136.6     6.32259e-20 
          139.8     3.31777e-19 
          143.3     1.88302e-18 
          147.2      1.1927e-17 
            151     6.62355e-17 
          155.2     4.02441e-16 
          158.8     1.76029e-15 
            162     6.20834e-15 
            166     2.81194e-14 
          170.3     1.32223e-13 
          173.4     3.85593e-13 
          176.8     1.19605e-12 
          180.2     3.55743e-12 
          181.7     5.68161e-12 
          186.1     2.15129e-11 
            191     8.82679e-11 
          193.9     1.96916e-10 
          198.4     6.52507e-10 
          201.8      1.55704e-9 
            205      3.43823e-9 
          210.5       1.2686e-8 
          216.2      4.56977e-8 
          219.8      9.91576e-8 
            223      1.93285e-7 
          226.8      4.16535e-7 
            230      2.64544e-5 
            234      6.49665e-5 
            240     0.000168463 
          246.5      0.00045155 
          252.4      0.00106882 
          256.8      0.00184257 
            260       0.0030869 
            264       0.0051421 
          268.5      0.00904042 
          273.5         0.01649 
          278.5       0.0296227 
            284       0.0564143 
            290        0.106945 
            296        0.198023 
            301        0.321231 
            308        0.609946 
            318          1.5937 
            328         3.62359 
            338         8.17408 
            348          17.166 
            357         39.2962 
            366         73.2138 
            375         124.634 
            385         225.116 
            395         397.678 
            405         668.067 
            414         1055.51 
            422          1527.6 
            430         2231.86 
            441         3620.65 
            451         5465.16 
            460         7750.56 
            470         11442.1 
            480         16388.8 
            490         23349.1 
            500         32623.4 
            506          277814 
            512      1.54418e+6 
            520      1.85217e+6 
            530      2.38833e+6 
            540      2.64163e+6 
            550      3.86744e+6 
            560      4.63368e+6 
            570       5.7457e+6 
            580      5.60897e+6 
            590       7.5476e+6 
            600      9.00187e+6 
            610      1.08493e+7 
            620      1.23123e+7 
            630      1.39454e+7 
            640      1.45404e+7 
            650      1.39189e+7 
            658      1.89242e+7 
            665      2.09831e+7 
            675      2.22016e+7 
            685      2.38744e+7 
            695      2.94794e+7 
            705      3.11328e+7 
            716      3.55761e+7 
            726      3.79978e+7 
            735      4.03937e+7 
            745       4.6285e+7 
            755      5.04994e+7 
            765      5.51483e+7 
            775      6.02883e+7 
            785      6.55676e+7 
            795      6.96028e+7 
            805      7.40119e+7 
            815      7.76855e+7 
            825      8.54172e+7 
            835      8.20868e+7 
            845      9.28337e+7 
            855      9.75651e+7 
            865      1.05015e+8 
            875      1.13522e+8 
            885      1.23241e+8 
            895      1.30497e+8 
            905      1.32795e+8 
            915      2.71182e+8 
            925      3.46269e+9 
            935      7.07114e+9 
            945     1.07215e+10 
            955     1.21546e+10 
            965     1.28814e+10 
            975      3.14491e+9 
            985     1.06967e+10 
            995      1.0955e+10 
           1005     1.27955e+10 
           1015     1.28832e+10 
           1025      8.73889e+9 
           1035     1.01393e+10 
           1045     1.48274e+10 
           1055     1.37309e+10 
           1065     1.17441e+10 
           1075     1.33952e+10 
           1085      1.1903e+10 
           1095     1.35718e+10 
           1105     1.23504e+10 
           1115     1.21308e+10 
           1125     1.03346e+10 
           1135     1.29002e+10 
           1145      1.1937e+10 
           1155     1.23164e+10 
           1165     1.23223e+10 
           1175       8.1528e+9 
           1185     1.19255e+10 
           1195      1.0997e+10 
           1205      7.21846e+9 
           1215      6.78955e+9 
           1225     1.06081e+10 
           1235     1.15522e+10 
           1245     1.13625e+10 
           1255     1.11924e+10 
           1265     1.11494e+10 
           1275     1.15131e+10 
           1285     1.12668e+10 
           1295      8.37419e+9 
           1305      9.08275e+9 
           1315     1.09573e+10 
           1325     1.03548e+10 
           1335      9.85739e+9 
           1345     1.01768e+10 
           1355      1.0124e+10 
           1365      9.47473e+9 
           1375      9.29381e+9 
           1385      9.18579e+9 
           1395      7.14675e+9 
           1405      7.70646e+9 
           1415      8.41395e+9 
           1425      8.29406e+9 
           1435      8.50304e+9 
           1442      8.66691e+9 
           1447      8.47774e+9 
           1455      8.28815e+9 
           1465      7.80222e+9 
           1475      7.85972e+9 
           1485      7.77233e+9 
           1495      7.62807e+9 
           1505       7.1147e+9 
           1512      6.39134e+9 
           1517       6.6133e+9 
           1525      6.77156e+9 
           1535      5.92111e+9 
           1545      5.92963e+9 
           1555      5.67753e+9 
           1565      6.07988e+9 
           1575      6.39292e+9 
           1585       6.3386e+9 
           1595      6.32691e+9 
           1605      6.25532e+9 
           1615      6.14329e+9 
           1625      6.07233e+9 
           1635      6.34469e+9 
           1645      6.28407e+9 
           1655      6.20711e+9 
           1665      6.27316e+9 
           1672       6.0523e+9 
           1677      6.43127e+9 
           1685      6.25889e+9 
           1695      5.94923e+9 
           1705       5.7722e+9 
           1715       5.4853e+9 
           1725      5.45517e+9 
           1735      5.61011e+9 
           1745       5.4803e+9 
           1755      5.53006e+9 
           1765      5.41437e+9 
           1775      5.14942e+9 
           1785       5.2133e+9 
           1795      5.33406e+9 
           1805      5.36161e+9 
           1815       4.8361e+9 
           1825      5.02191e+9 
           1835        4.888e+9 
           1845      4.48609e+9 
           1855       4.4649e+9 
           1865      4.55004e+9 
           1875      4.74862e+9 
           1885      4.24896e+9 
           1895      3.94593e+9 
           1905      4.27897e+9 
           1915      4.05379e+9 
           1925      3.87107e+9 
           1935      4.08743e+9 
           1945      4.15953e+9 
           1955      3.77439e+9 
           1967       4.0826e+9 
           1976      4.24974e+9 
           1984       3.9557e+9 
           1995      3.87065e+9 
           2005      4.00259e+9 
           2015      3.97225e+9 
           2025      4.08012e+9 
           2035      3.72654e+9 
           2045      3.78854e+9 
           2055      3.67273e+9 
           2065      3.67716e+9 
           2074      3.90096e+9 
           2078      3.51465e+9 
           2085      3.69344e+9 
           2095      3.49468e+9 
           2105      3.59766e+9 
           2115      3.60297e+9 
           2125      3.64623e+9 
           2135      3.59148e+9 
           2145      3.38565e+9 
           2155      3.53431e+9 
           2165      3.52367e+9 
           2175      3.47352e+9 
           2185      3.37422e+9 
           2195      3.40972e+9 
           2205      3.38768e+9 
           2215      3.33891e+9 
           2225      3.25949e+9 
           2235      3.21485e+9 
           2245      3.24001e+9 
           2255       3.1471e+9 
           2265      3.17387e+9 
           2275      3.13271e+9 
           2285      3.13046e+9 
           2295       2.9378e+9 
           2305      3.03816e+9 
           2315      2.95551e+9 
           2325       2.9215e+9 
           2335      2.84028e+9 
           2345      2.84968e+9 
           2355      2.85026e+9 
           2365       2.8159e+9 
           2375      2.76846e+9 
           2385      2.74284e+9 
           2395      2.71841e+9 
           2405      2.67566e+9 
           2415      2.64321e+9 
           2425      2.64484e+9 
           2435      2.58091e+9 
           2445      2.57931e+9 
           2455      2.57584e+9 
           2465      2.53198e+9 
           2475      2.49853e+9 
           2485      2.46193e+9 
           2495      2.23459e+9 
           2505      2.40062e+9 
           2513       2.3093e+9 
           2518      2.37542e+9 
           2525      2.34915e+9 
           2535      2.31887e+9 
           2545       2.2531e+9 
           2555      2.27647e+9 
           2565      2.24502e+9 
           2575      2.24608e+9 
           2585      2.21453e+9 
           2595      2.19397e+9 
           2605      2.18193e+9 
           2615      2.15288e+9 
           2625      2.13498e+9 
           2635      2.11359e+9 
           2645      2.09931e+9 
           2655      2.08599e+9 
           2665       2.0345e+9 
           2675      2.02927e+9 
           2685      2.02051e+9 
           2695      1.96529e+9 
           2705      1.95161e+9 
           2715      1.94089e+9 
           2725      1.91769e+9 
           2735      1.91039e+9 
           2745      1.86265e+9 
           2755       1.8561e+9 
           2765      1.83659e+9 
           2775      1.83957e+9 
           2785      1.81322e+9 
           2795      1.75768e+9 
           2805      1.76902e+9 
           2815       1.7647e+9 
           2825      1.73877e+9 
           2835      1.69086e+9 
           2845      1.70627e+9 
           2855      1.68259e+9 
           2865      1.67624e+9 
           2875      1.65881e+9 
           2885      1.64412e+9 
           2895      1.62163e+9 
           2910      1.59428e+9 
           2930      1.56544e+9 
           2950      1.52441e+9 
           2970      1.50442e+9 
           2990      1.47281e+9 
           3010      1.43264e+9 
           3030      1.42073e+9 
           3050      1.39499e+9 
           3070      1.36975e+9 
           3090      1.32868e+9 
           3110      1.31539e+9 
           3130      1.28917e+9 
           3150      1.26636e+9 
           3170      1.23877e+9 
           3190      1.21059e+9 
           3210       1.1961e+9 
           3230      1.17176e+9 
           3250      1.15218e+9 
           3270      1.12988e+9 
           3290      1.10822e+9 
           3310      1.09019e+9 
           3330      1.06959e+9 
           3350      1.04944e+9 
           3370      1.03158e+9 
           3390       1.0142e+9 
           3410      9.96474e+8 
           3430      9.73969e+8 
           3450      9.53781e+8 
           3470       9.3919e+8 
           3490      9.22983e+8 
           3510      9.10719e+8 
           3530      8.96982e+8 
           3550      8.81435e+8 
           3570      8.69281e+8 
           3590      8.48017e+8 
           3610      8.32835e+8 
           3630      8.20967e+8 
           3640      8.19135e+8 
           3650      8.01873e+8 
           3670      7.91731e+8 
           3690      7.66072e+8 
           3710      7.59914e+8 
           3730      7.57039e+8 
           3750      8.19711e+8 
           3770      8.14749e+8 
           3790      8.25712e+8 
           3810      8.48494e+8 
           3830      7.68695e+8 
           3850      8.46332e+8 
           3870      8.28324e+8 
           3890      7.37996e+8 
           3910      8.15037e+8 
           3930      7.89515e+8 
           3950      7.86299e+8 
           3970      6.85224e+8 
           3990      7.59917e+8 
           4010       7.4842e+8 
           4030      7.21247e+8 
           4050      7.27003e+8 
           4070      7.06503e+8 
           4090      6.82382e+8 
           4110      6.23658e+8 
           4130      6.70861e+8 
           4150      6.63908e+8 
           4170      6.57553e+8 
           4190       6.4921e+8 
           4210      6.41229e+8 
           4230      6.29579e+8 
           4250      6.17327e+8 
           4270      6.02796e+8 
           4290      5.97456e+8 
           4310      5.85555e+8 
           4330      5.59784e+8 
           4350      5.18494e+8 
           4370      5.58321e+8 
           4390      5.48027e+8 
           4410      5.44267e+8 
           4430      5.36389e+8 
           4450      5.29733e+8 
           4470      5.11203e+8 
           4490      5.13254e+8 
           4510      5.07767e+8 
           4530      4.99568e+8 
           4550      4.91929e+8 
           4570      4.84168e+8 
           4590      4.77294e+8 
           4610      4.69172e+8 
           4630      4.62475e+8 
           4650       4.5138e+8 
           4670      4.49092e+8 
           4690      4.44313e+8 
           4710      4.31123e+8 
           4730      4.29336e+8 
           4750      4.22707e+8 
           4770      4.20327e+8 
           4790      4.13917e+8 
           4810      4.07097e+8 
           4830      4.01035e+8 
           4850      3.87452e+8 
           4870      3.54271e+8 
           4890      3.84952e+8 
           4910      3.80026e+8 
           4930      3.69308e+8 
           4950       3.6879e+8 
           4970      3.64895e+8 
           4990      3.59556e+8 
           5010      3.48362e+8 
           5030      3.49588e+8 
           5050      3.42231e+8 
           5070      3.40267e+8 
           5090      3.35564e+8 
           5110      3.30878e+8 
           5130      3.25254e+8 
           5150      3.21186e+8 
           5170        3.179e+8 
           5190      3.13763e+8 
           5210       3.0914e+8 
           5230      3.05417e+8 
           5250      3.01453e+8 
           5270      2.97256e+8 
           5290      2.93613e+8 
           5310      2.89628e+8 
           5330      2.85947e+8 
           5350      2.82036e+8 
           5370      2.78698e+8 
           5390      2.74987e+8 
           5410       2.7158e+8 
           5430      2.67884e+8 
           5450       2.6445e+8 
           5470      2.61097e+8 
           5490      2.57836e+8 
           5510      2.54739e+8 
           5530       2.5136e+8 
           5550      2.48389e+8 
           5570      2.45164e+8 
           5590      2.42219e+8 
           5610      2.39095e+8 
           5630      2.36246e+8 
           5650      2.32806e+8 
           5670      2.29421e+8 
           5690      2.26252e+8 
           5710      2.24473e+8 
           5730      2.21773e+8 
           5750      2.18751e+8 
           5770      2.16615e+8 
           5790      2.13941e+8 
           5810      2.11377e+8 
           5830      2.08622e+8 
           5850      2.06262e+8 
           5870      1.99337e+8 
           5890      2.00462e+8 
           5910      1.98762e+8 
           5930      1.96202e+8 
           5950      1.93789e+8 
           5970      1.92049e+8 
           5990      1.89446e+8 
           6010      1.87468e+8 
           6030      1.85128e+8 
           6050      1.83062e+8 
           6070      1.81029e+8 
           6090      1.78918e+8 
           6110      1.76871e+8 
           6130      1.74856e+8 
           6150      1.72516e+8 
           6170      1.70696e+8 
           6190      1.68867e+8 
           6210      1.66971e+8 
           6230      1.65085e+8 
           6250      1.63095e+8 
           6270      1.61318e+8 
           6290      1.59523e+8 
           6310       1.5768e+8 
           6330       1.5598e+8 
           6350      1.53962e+8 
           6370      1.52412e+8 
           6390      1.50758e+8 
           6410      1.49104e+8 
           6430      1.47503e+8 
           6450      1.45857e+8 
           6470      1.44056e+8 
           6490       1.4249e+8 
           6510      1.41074e+8 
           6530      1.39433e+8 
           6550      1.36203e+8 
           6570      1.23436e+8 
           6590      1.34026e+8 
           6610      1.33492e+8 
           6630      1.32139e+8 
           6650      1.30749e+8 
           6670      1.28501e+8 
           6690      1.27153e+8 
           6710      1.26664e+8 
           6730      1.25206e+8 
           6750      1.24002e+8 
           6770      1.22686e+8 
           6790      1.20976e+8 
           6810      1.20047e+8 
           6830      1.18796e+8 
           6850      1.17597e+8 
           6870      1.16371e+8 
           6890      1.15125e+8 
           6910      1.13907e+8 
           6930      1.12764e+8 
           6950      1.11617e+8 
           6970      1.10474e+8 
           6990      1.09318e+8 
           7010      1.08212e+8 
           7030      1.07102e+8 
           7050      1.06002e+8 
           7070      1.03398e+8 
           7090      1.03873e+8 
           7110      1.02596e+8 
           7130      1.01621e+8 
           7150      1.00744e+8 
           7170      9.97209e+7 
           7190      9.87444e+7 
           7210      9.77551e+7 
           7230      9.58026e+7 
           7250      9.57549e+7 
           7270      9.48582e+7 
           7290      9.32253e+7 
           7310      9.29767e+7 
           7330      9.20705e+7 
           7350      9.11726e+7 
           7370      9.02831e+7 
           7390       8.9402e+7 
           7410      8.85287e+7 
           7430      8.76503e+7 
           7450      8.68205e+7 
           7470      8.58702e+7 
           7490      8.51435e+7 
           7510      8.42899e+7 
           7530      8.34973e+7 
           7550      8.27184e+7 
           7570       8.1927e+7 
           7590      8.11427e+7 
           7610      8.03459e+7 
           7630      7.96015e+7 
           7650      7.88511e+7 
           7670      7.81076e+7 
           7690      7.73641e+7 
           7710      7.66338e+7 
           7730      7.59161e+7 
           7750       7.5205e+7 
           7770      7.43503e+7 
           7790      7.38137e+7 
           7810      7.30717e+7 
           7830      7.24469e+7 
           7850      7.18156e+7 
           7870      7.11348e+7 
           7890      7.03934e+7 
           7910      6.98151e+7 
           7930      6.90677e+7 
           7950      6.84048e+7 
           7970      6.77594e+7 
           7990       6.7161e+7 
           8010       6.6556e+7 
           8030      6.59912e+7 
           8050      6.54369e+7 
           8070      6.48643e+7 
           8090      6.41697e+7 
           8110      6.35557e+7 
           8130      6.31636e+7 
           8150      6.24741e+7 
           8170      6.20558e+7 
           8190      6.14104e+7 
           8210      6.06309e+7 
           8230      6.02085e+7 
           8250       5.9751e+7 
           8270      5.88619e+7 
           8290      5.86166e+7 
           8310       5.8122e+7 
           8330      5.76045e+7 
           8350      5.68532e+7 
           8370      5.64045e+7 
           8390      5.59913e+7 
           8410      5.54538e+7 
           8430      5.49418e+7 
           8450      5.41914e+7 
           8470      5.36155e+7 
           8490      5.38229e+7 
           8510      5.24259e+7 
           8530      5.31745e+7 
           8550       5.0813e+7 
           8570      5.30177e+7 
           8590      5.05513e+7 
           8610      5.01094e+7 
           8630      5.21414e+7 
           8650      5.08988e+7 
           8670      4.71172e+7 
           8690       5.1025e+7 
           8710        5.092e+7 
           8730      4.96636e+7 
           8750       4.5281e+7 
           8770      4.86024e+7 
           8790      4.92952e+7 
           8810       4.8892e+7 
           8830      4.84195e+7 
           8850      4.64091e+7 
           8870       4.3195e+7 
           8890      4.70812e+7 
           8910      4.69058e+7 
           8930      4.64729e+7 
           8950       4.6207e+7 
           8970      4.58425e+7 
           8990      4.49329e+7 
           9010      4.10473e+7 
           9030      4.30277e+7 
           9050      4.42347e+7 
           9070      4.36609e+7 
           9090      4.34924e+7 
           9110      4.32577e+7 
           9130      4.29312e+7 
           9150      4.25828e+7 
           9170      4.21397e+7 
           9190      4.18486e+7 
           9210      4.06366e+7 
           9230      3.68922e+7 
           9250      4.02247e+7 
           9270      4.03982e+7 
           9290      4.02366e+7 
           9310       3.9769e+7 
           9330      3.95432e+7 
           9350      3.92611e+7 
           9370      3.89757e+7 
           9390      3.86705e+7 
           9410      3.83291e+7 
           9430      3.80602e+7 
           9450      3.77607e+7 
           9470      3.72828e+7 
           9490      3.71638e+7 
           9510      3.65501e+7 
           9530      3.56255e+7 
           9550      3.25748e+7 
           9570      3.56468e+7 
           9590      3.57044e+7 
           9610      3.53611e+7 
           9630      3.50134e+7 
           9650      3.49234e+7 
           9670      3.46539e+7 
           9690      3.43565e+7 
           9710       3.4024e+7 
           9730      3.38622e+7 
           9750      3.35995e+7 
           9770      3.33471e+7 
           9790      3.30911e+7 
           9810      3.28309e+7 
           9830      3.25898e+7 
           9850      3.23428e+7 
           9870      3.20916e+7 
           9890      3.18401e+7 
           9910      3.15166e+7 
           9930      3.13799e+7 
           9950       3.1143e+7 
           9970      3.09017e+7 
           9990      3.06781e+7 
          10025      2.95816e+7 
          10075      2.86719e+7 
          10125      2.91107e+7 
          10175      2.86412e+7 
          10225      2.81074e+7 
          10275      2.76094e+7 
          10325      2.70256e+7 
          10375      2.66237e+7 
          10425      2.61474e+7 
          10475      2.56814e+7 
          10525      2.52234e+7 
          10575      2.47799e+7 
          10625      2.43443e+7 
          10675      2.38781e+7 
          10725      2.35014e+7 
          10775       2.3093e+7 
          10825      2.24536e+7 
          10875      2.22995e+7 
          10925      2.07658e+7 
          10975      2.13723e+7 
          11025      2.10822e+7 
          11075      2.08198e+7 
          11125      2.04724e+7 
          11175      2.01291e+7 
          11225      1.97821e+7 
          11275       1.9455e+7 
          11325      1.91327e+7 
          11375      1.88251e+7 
          11425      1.85126e+7 
          11475      1.82134e+7 
          11525      1.79168e+7 
          11575       1.7622e+7 
          11625      1.73392e+7 
          11675      1.70591e+7 
          11725      1.67879e+7 
          11775      1.65179e+7 
          11825       1.6257e+7 
          11875      1.59997e+7 
          11925      1.57473e+7 
          11975      1.54049e+7 
          12025      1.52567e+7 
          12075       1.5019e+7 
          12125      1.47855e+7 
          12175      1.45568e+7 
          12225      1.43323e+7 
          12275      1.41123e+7 
          12325      1.38963e+7 
          12375      1.36844e+7 
          12425      1.34769e+7 
          12475      1.32696e+7 
          12525      1.30481e+7 
          12575      1.28743e+7 
          12625      1.26829e+7 
          12675      1.24951e+7 
          12725      1.23094e+7 
          12775      1.19976e+7 
          12825      1.13468e+7 
          12875      1.17554e+7 
          12925      1.16008e+7 
          12975      1.13742e+7 
          13025       1.1265e+7 
          13075      1.11028e+7 
          13125      1.09427e+7 
          13175      1.07845e+7 
          13225      1.06309e+7 
          13275      1.04792e+7 
          13325      1.03296e+7 
          13375      1.01832e+7 
          13425      1.00306e+7 
          13475      9.89879e+6 
          13525      9.75923e+6 
          13575      9.62349e+6 
          13625      9.48864e+6 
          13675      9.35754e+6 
          13725       9.2277e+6 
          13775      9.10167e+6 
          13825       8.9766e+6 
          13875      8.85371e+6 
          13925       8.7308e+6 
          13975      8.61328e+6 
          14025      8.49738e+6 
          14075      8.38292e+6 
          14125      8.27004e+6 
          14175       8.1593e+6 
          14225       8.0503e+6 
          14275      7.94297e+6 
          14325       7.8375e+6 
          14375      7.73366e+6 
          14425        7.632e+6 
          14475      7.53154e+6 
          14525      7.43281e+6 
          14570       7.3456e+6 
          14620      7.24697e+6 
          14675      7.14447e+6 
          14725      7.05262e+6 
          14775      6.96199e+6 
          14825      6.87346e+6 
          14875      6.78577e+6 
          14925      6.69928e+6 
          14975      6.61414e+6 
          15025      6.52897e+6 
          15075      6.43436e+6 
          15125      6.36256e+6 
          15175      6.28143e+6 
          15225      6.20774e+6 
          15275      6.11745e+6 
          15325      6.03956e+6 
          15375      5.97963e+6 
          15425      5.87395e+6 
          15475      5.83576e+6 
          15525      5.76744e+6 
          15575      5.63184e+6 
          15625      5.64971e+6 
          15675      5.53951e+6 
          15725      5.41581e+6 
          15775      5.45481e+6 
          15825       5.3879e+6 
          15875      5.15715e+6 
          15925      5.24337e+6 
          15975       5.2091e+6 
          16050      5.10337e+6 
          16150       4.8975e+6 
          16250      4.88806e+6 
          16350      4.74982e+6 
          16450      4.55774e+6 
          16550      4.55565e+6 
          16650      4.45108e+6 
          16750      4.32574e+6 
          16850      4.15153e+6 
          16950      4.15476e+6 
          17050      4.04513e+6 
          17150      3.97105e+6 
          17250      3.88312e+6 
          17350      3.68994e+6 
          17450      3.70963e+6 
          17550      3.63309e+6 
          17650      3.55431e+6 
          17750      3.47744e+6 
          17850      3.40121e+6 
          17950      3.33021e+6 
          18050      3.25862e+6 
          18150       3.1042e+6 
          18250      3.11406e+6 
          18350      3.05806e+6 
          18450      2.99434e+6 
          18550      2.92996e+6 
          18650      2.85692e+6 
          18750      2.73319e+6 
          18850      2.75569e+6 
          18950      2.69899e+6 
          19050      2.63761e+6 
          19150      2.59237e+6 
          19250      2.54059e+6 
          19350      2.48905e+6 
          19450      2.36563e+6 
          19550       2.3888e+6 
          19650      2.34591e+6 
          19750       2.3002e+6 
          19850      2.25557e+6 
          19950        2.212e+6 
          20050      2.16956e+6 
          20150      2.12804e+6 
          20250       2.0875e+6 
          20350      2.04802e+6 
          20450      2.00868e+6 
          20550      1.96759e+6 
          20650      1.93488e+6 
          20750      1.89886e+6 
          20850      1.86371e+6 
          20950      1.82939e+6 
          21050      1.79581e+6 
          21150      1.75672e+6 
          21250      1.73105e+6 
          21350      1.69966e+6 
          21450      1.66871e+6 
          21550      1.63873e+6 
          21650      1.55869e+6 
          21750      1.57951e+6 
          21850      1.55246e+6 
          21950      1.52599e+6 
          22050      1.49924e+6 
          22150      1.47307e+6 
          22250      1.44715e+6 
          22350      1.42239e+6 
          22450      1.39786e+6 
          22550      1.37386e+6 
          22650      1.35037e+6 
          22750      1.32739e+6 
          22850      1.30475e+6 
          22950      1.28275e+6 
          23050      1.26094e+6 
          23150      1.24023e+6 
          23250      1.21954e+6 
          23350      1.19938e+6 
          23450      1.17958e+6 
          23550      1.16014e+6 
          23650      1.14112e+6 
          23750      1.12252e+6 
          23850      1.10425e+6 
          23950      1.08631e+6 
          24050      1.06863e+6 
          24150      1.05115e+6 
          24250      1.03494e+6 
          24350      1.01781e+6 
          24450      1.00119e+6 
          24550          986419 
          24650          969817 
          24750          953199 
          24850          941822 
          24950          921517 
          25050          912976 
          25150          899057 
          25250          877001 
          25350          871563 
          25450          860422 
          25550          845622 
          25650          821230 
          25750          820889 
          25850          809476 
          25950          797373 
          26050          782770 
          26150          756026 
          26250          736827 
          26350          749691 
          26450          739942 
          26550          728394 
          26650          717259 
          26750          689376 
          26850          696163 
          26950          687583 
          27050          677669 
          27150          667935 
          27250          658374 
          27350          648985 
          27450          639763 
          27550          614727 
          27650          618025 
          27750          613091 
          27850          604472 
          27950          596053 
          28050          587740 
          28150          579628 
          28250          571614 
          28350          563745 
          28450          556019 
          28550          548156 
          28650          539102 
          28750          517721 
          28850          526133 
          28950          519223 
          29050          512261 
          29150          505381 
          29250          498630 
          29350          492001 
          29450          485451 
          29550          479023 
          29650          472713 
          29750          466516 
          29850          460394 
          29950          454386 
          30050          448487 
          30150          442617 
          30250          436936 
          30350          420771 
          30450          421259 
          30550          420282 
          30650          414940 
          30750          409576 
          30850          404429 
          30950          399345 
          31050          394314 
          31150          389340 
          31250          384430 
          31350          379663 
          31450          374932 
          31550          370277 
          31650          365693 
          31750          361184 
          31850          356738 
          31950          352361 
          32100          345925 
          32300          337566 
          32500          329457 
          32700          321590 
          32900          307869 
          33100          305635 
          33300          299060 
          33500          292170 
          33700          285408 
          33900          278838 
          34100          272456 
          34300          266256 
          34500          260231 
          34700          254368 
          34900          248668 
          35100          243133 
          35300          237749 
          35500          232486 
          35700          227358 
          35900          222526 
          36100          217529 
          36300          213277 
          36500          208232 
          36700          204405 
          36900          199265 
          37100          195488 
          37300          190008 
          37500          184426 
          37700          183789 
          37900          180018 
          38100          175585 
          38300          172161 
          38500          169182 
          38700          165753 
          38900          162333 
          39100          157643 
          39300          155967 
          39500          152865 
          39700          149845 
          39900          146893 
          40100          143302 
          40300          139726 
          40500          136002 
          40700          135792 
          40900          133186 
          41100          130639 
          41300          128048 
          41500          125712 
          41700          121324 
          41900          120990 
          42100          118774 
          42300          116567 
          42500          114351 
          42700          112301 
          42900          110050 
          43100          108228 
          43300          106260 
          43500          104336 
          43700          100777 
          43900          100355 
          44100         98823.3 
          44300         97065.3 
          44500         95348.4 
          44700         93776.9 
          44900         92132.2 
          45100         90522.3 
          45300         88946.3 
          45500         87405.4 
          45700         85898.9 
          45900         84422.5 
          46100         82946.9 
          46300         81516.6 
          46500           78301 
          46700           77091 
          46900         77272.4 
          47100         76205.1 
          47300         74933.7 
          47500         73688.1 
          47700         72470.3 
          47900         71276.9 
          48100         70107.4 
          48300         68961.3 
          48500         67839.4 
          48700         66740.1 
          48900         65662.9 
          49100         64607.1 
          49300           63571 
          49500         62557.1 
          49700         61563.3 
          49900         60588.4 
          50100         59632.6 
          50300         58674.2 
          50500           57779 
          50700         56878.4 
          50900         55914.6 
          51100         55066.5 
          51300         53054.9 
          51500         53411.9 
          51700         52511.9 
          51900         51828.1 
          52100         51041.2 
          52300         50269.8 
          52500         49477.4 
          52700         48644.3 
          52900         48040.2 
          53100         47324.9 
          53300         46623.1 
          53500           45933 
          53700         45139.5 
          53900         44484.7 
          54100         43940.3 
          54300         43300.2 
          54500           42671 
          54700         42053.4 
          54900         41447.8 
          55100         40806.3 
          55300         40011.2 
          55500         39691.6 
          55700           39128 
          55900         38574.6 
          56100         38029.6 
          56300         37494.7 
          56500         36969.2 
          56700         36452.1 
          56900         35937.9 
          57100         35084.7 
          57300         34931.8 
          57500         34475.2 
          57700         34001.3 
          57900         33536.3 
          58100         33079.4 
          58300         32628.8 
          58500         32210.3 
          58700         31774.7 
          58900         31289.9 
          59100         30166.9 
          59300         30470.6 
          59500         29697.9 
          59700         29576.4 
          59900         29314.1 
          60100         28927.4 
          60300         28547.3 
          60500         28172.6 
          60700         27804.2 
          60900         27442.1 
          61100         27086.1 
          61300         26736.2 
          61500         26391.3 
          61700         26051.2 
          61900           25718 
          62100         25389.5 
          62300         25065.6 
          62500         24747.3 
          62700         24409.5 
          62900         23649.8 
          63100         23772.7 
          63300           23524 
          63500         23230.3 
          63700         22940.7 
          63900         22655.3 
          64200         22236.5 
          64600         21692.1 
          65000         21164.7 
          65400         20652.9 
          65800         20156.3 
          66200         19674.5 
          66600         19207.9 
          67000         18754.3 
          67400         18300.1 
          67800         17666.9 
          68200         17470.8 
          68600         17068.3 
          69000         16677.1 
          69400           16293 
          69800         15926.6 
          70200         15567.5 
          70600         15218.5 
          71000         14868.2 
          71400         14548.4 
          71800         14227.4 
          72200         13915.5 
          72600         13591.1 
          73000           13316 
          73400         13028.6 
          73800         12748.7 
          74200         12454.9 
          74600         12026.6 
          75000         11645.5 
          75400         11687.9 
          75800         11457.3 
          76200         11219.3 
          76600         10986.9 
          77000         10760.5 
          77400         10540.2 
          77800         10276.5 
          78200         10116.2 
          78600         9912.25 
          79000         9713.13 
          79400         9518.71 
          79800         9329.45 
          80200         9145.26 
          80600         8964.81 
          81000         8789.23 
          81400         8568.31 
          81800         8437.99 
          82200         8287.49 
          82600         8128.45 
          83000         7972.65 
          83400         7821.08 
          83800         7673.07 
          84200         7528.09 
          84600         7387.07 
          85000         7248.86 
          85400         7113.96 
          85800         6982.29 
          86200         6853.26 
          86600         6657.97 
          87000         6601.85 
          87400         6432.59 
          87800         6315.46 
          88200          6252.5 
          88600          6140.5 
          89000         6030.72 
          89400         5923.63 
          89800         5818.64 
          90200          5716.2 
          90600         5615.83 
          91000         5517.44 
          91400         5421.45 
          91800         5327.82 
          92200         5235.61 
          92600         5144.77 
          93000         5057.92 
          93400         4971.49 
          93800         4827.29 
          94200         4794.88 
          94600         4723.68 
          95000         4643.07 
          95400         4564.07 
          95800         4491.55 
          96200         4417.23 
          96600         4344.38 
          97000            4273 
          97400         4203.03 
          97800         4134.47 
          98200         4066.09 
          98600         3995.93 
          99000         3937.59 
          99400         3874.31 
          99800         3812.67 
         100200         3751.93 
         200000          233.94 
         400000         14.3861 
         600000         2.81072 
         800000        0.882019 
         1.0e+6        0.358873 
         1.2e+6         0.17209 
         1.4e+6       0.0924353 
         1.6e+6       0.0539519 
