# Kurucz ODFNEW /NOVER models
# teff = 8750 K (value for the effective temperature for the model. Temperatures are given in K)
# logg = 2.50 log(cm/s2) (value for Log(G) for the model.)
# meta = -0.5  (value for the Metallicity for the model.)
# lh = 1.25  (l/Hp where l is the  mixing length of the convective element and Hp is the pressure scale height)
# vtur = 2.0 km/s (Microturbulence velocity)
#
# column 1: WAVELENGTH (ANGSTROM), Wavelength in Angstrom
# column 2: FLUX (ERG/CM2/S/A), Flux in erg/cm2/s/A
              0               0 
           90.9               0 
           93.5               0 
           96.1               0 
           97.7               0 
           99.6               0 
            102               0 
          103.8               0 
          105.6               0 
          107.7               0 
          110.4               0 
            114               0 
          117.8               0 
          121.3               0 
          124.8               0 
          127.1               0 
          128.4               0 
          130.5               0 
          132.4               0 
          133.9               0 
          136.6               0 
          139.8               0 
          143.3               0 
          147.2               0 
            151               0 
          155.2               0 
          158.8               0 
            162               0 
            166               0 
          170.3               0 
          173.4               0 
          176.8               0 
          180.2               0 
          181.7               0 
          186.1               0 
            191               0 
          193.9               0 
          198.4               0 
          201.8               0 
            205               0 
          210.5               0 
          216.2               0 
          219.8               0 
            223               0 
          226.8               0 
            230               0 
            234               0 
            240               0 
          246.5               0 
          252.4               0 
          256.8               0 
            260               0 
            264               0 
          268.5               0 
          273.5               0 
          278.5               0 
            284               0 
            290               0 
            296               0 
            301               0 
            308               0 
            318               0 
            328     1.50935e-22 
            338     1.55924e-21 
            348     1.38953e-20 
            357     8.95261e-20 
            366     5.25824e-19 
            375      2.8314e-18 
            385     1.67815e-17 
            395     9.07073e-17 
            405     4.50147e-16 
            414     1.78006e-15 
            422     5.74876e-15 
            430     1.77469e-14 
            441     7.80498e-14 
            451     2.81417e-13 
            460     8.49993e-13 
            470     2.75683e-12 
            480     8.49786e-12 
            490      2.4995e-11 
            500     7.02723e-11 
            506     1.32863e-10 
            512     2.41492e-10 
            520     5.13491e-10 
            530      1.27635e-9 
            540      3.05713e-9 
            550      7.09897e-9 
            560      1.59726e-8 
            570      3.48752e-8 
            580      7.39876e-8 
            590      1.53084e-7 
            600      3.08594e-7 
            610      6.07224e-7 
            620      1.16773e-6 
            630      2.19783e-6 
            640      4.05086e-6 
            650      7.31943e-6 
            658      1.15891e-5 
            665      1.71606e-5 
            675      2.96233e-5 
            685      5.02761e-5 
            695      8.39527e-5 
            705     0.000138049 
            716     0.000234545 
            726     0.000374096 
            735     0.000562878 
            745     0.000875469 
            755      0.00134467 
            765      0.00204045 
            775      0.00306076 
            785      0.00454069 
            795      0.00666406 
            805      0.00968066 
            815       0.0139252 
            825       0.0198393 
            835       0.0280068 
            845        0.039188 
            855       0.0543689 
            865       0.0748099 
            875        0.102126 
            885        0.138345 
            895        0.186031 
            905        0.248368 
            915         9.98045 
            925         62.8968 
            935         91.8873 
            945         132.421 
            955         190.148 
            965         242.263 
            975         233.015 
            985         347.864 
            995         390.534 
           1005         500.516 
           1015         565.082 
           1025         511.833 
           1035          781.79 
           1045         990.448 
           1055         1171.39 
           1065         1320.85 
           1075         1592.17 
           1085         1849.37 
           1095         2051.86 
           1105         4211.51 
           1115         14027.4 
           1125         22709.3 
           1135         32124.6 
           1145         30784.5 
           1155         27471.2 
           1165         24275.8 
           1175         20032.7 
           1185         40438.4 
           1195         8118.02 
           1205         5479.88 
           1215         1127.06 
           1225         5857.97 
           1235         15732.7 
           1245         28555.7 
           1255          148891 
           1265          399114 
           1275      1.94842e+6 
           1285      4.63332e+6 
           1295      5.73848e+6 
           1305      3.13679e+6 
           1315      8.97848e+6 
           1325      1.20964e+7 
           1335      1.12785e+7 
           1345      1.70974e+7 
           1355      1.68915e+7 
           1365      1.53978e+7 
           1375      1.71796e+7 
           1385        1.716e+7 
           1395       1.8597e+7 
           1405      2.11054e+7 
           1415      2.02625e+7 
           1425      2.36692e+7 
           1435      2.15714e+7 
           1442       2.4591e+7 
           1447      2.74423e+7 
           1455      2.87251e+7 
           1465      2.62946e+7 
           1475      2.55081e+7 
           1485      2.79333e+7 
           1495      3.06826e+7 
           1505      3.18395e+7 
           1512      2.85793e+7 
           1517      3.11889e+7 
           1525      2.96508e+7 
           1535      3.09701e+7 
           1545      3.86495e+7 
           1555      3.42825e+7 
           1565      3.07956e+7 
           1575      3.60779e+7 
           1585       3.9736e+7 
           1595      4.41885e+7 
           1605      4.03431e+7 
           1615      3.92368e+7 
           1625      3.52916e+7 
           1635      3.79417e+7 
           1645      4.08455e+7 
           1655      3.18149e+7 
           1665      4.06435e+7 
           1672      2.41407e+7 
           1677      3.83932e+7 
           1685      4.35296e+7 
           1695      4.01338e+7 
           1705      3.77996e+7 
           1715      3.88819e+7 
           1725       3.8488e+7 
           1735      4.14409e+7 
           1745      3.98514e+7 
           1755      4.47485e+7 
           1765      3.74816e+7 
           1775      4.22953e+7 
           1785      4.13084e+7 
           1795      4.66933e+7 
           1805      4.35745e+7 
           1815      4.37979e+7 
           1825      4.13093e+7 
           1835      3.99485e+7 
           1845      3.66712e+7 
           1855      3.88453e+7 
           1865       3.9083e+7 
           1875      4.07793e+7 
           1885      4.06489e+7 
           1895      4.06638e+7 
           1905      3.79666e+7 
           1915      4.04114e+7 
           1925      4.10431e+7 
           1935      3.89346e+7 
           1945       4.2158e+7 
           1955      4.16619e+7 
           1967      4.29836e+7 
           1976      4.20681e+7 
           1984      4.09313e+7 
           1995       3.9599e+7 
           2005      3.89146e+7 
           2015      3.73323e+7 
           2025      3.68055e+7 
           2035      3.84133e+7 
           2045      4.02169e+7 
           2055      3.79921e+7 
           2065      3.71287e+7 
           2074      4.01869e+7 
           2078      4.12442e+7 
           2085      4.03308e+7 
           2095      3.88978e+7 
           2105      3.75556e+7 
           2115      3.75718e+7 
           2125      3.82661e+7 
           2135        3.168e+7 
           2145      3.60108e+7 
           2155      3.66994e+7 
           2165       3.4859e+7 
           2175      3.43439e+7 
           2185      3.45835e+7 
           2195      3.70193e+7 
           2205      3.54861e+7 
           2215      3.21096e+7 
           2225      3.16209e+7 
           2235      3.56984e+7 
           2245      3.19195e+7 
           2255      3.11778e+7 
           2265       3.1403e+7 
           2275      3.36775e+7 
           2285      3.48272e+7 
           2295      3.25023e+7 
           2305       3.2267e+7 
           2315      3.12501e+7 
           2325      3.10417e+7 
           2335      2.87483e+7 
           2345      2.58839e+7 
           2355      3.10138e+7 
           2365      2.63775e+7 
           2375      2.91326e+7 
           2385      2.41116e+7 
           2395      2.72137e+7 
           2405      2.58122e+7 
           2415      2.69986e+7 
           2425      2.98841e+7 
           2435      2.87439e+7 
           2445      3.06676e+7 
           2455      2.95338e+7 
           2465      2.93047e+7 
           2475      2.80775e+7 
           2485      2.96523e+7 
           2495      2.86774e+7 
           2505      3.19942e+7 
           2513      2.83408e+7 
           2518      2.91387e+7 
           2525      2.69435e+7 
           2535      2.63028e+7 
           2545       2.6599e+7 
           2555      2.85063e+7 
           2565      2.83079e+7 
           2575      3.04118e+7 
           2585      3.02107e+7 
           2595      2.93159e+7 
           2605      2.79249e+7 
           2615      2.75487e+7 
           2625      2.98897e+7 
           2635      3.02524e+7 
           2645      3.43343e+7 
           2655      3.38783e+7 
           2665      3.09443e+7 
           2675      3.22981e+7 
           2685      3.20883e+7 
           2695      3.07104e+7 
           2705      3.14827e+7 
           2715      2.98181e+7 
           2725      3.02023e+7 
           2735      3.26795e+7 
           2745       2.7011e+7 
           2755      2.78392e+7 
           2765      2.89401e+7 
           2775      3.14479e+7 
           2785      3.06754e+7 
           2795          2.2e+7 
           2805      2.50423e+7 
           2815      3.22532e+7 
           2825      3.27955e+7 
           2835        3.151e+7 
           2845      3.04781e+7 
           2855      2.94016e+7 
           2865      3.14329e+7 
           2875      3.05399e+7 
           2885      3.12905e+7 
           2895      2.99876e+7 
           2910      3.32731e+7 
           2930      3.20811e+7 
           2950      3.19732e+7 
           2970      3.25689e+7 
           2990      3.28342e+7 
           3010      3.33684e+7 
           3030      3.30932e+7 
           3050      3.28003e+7 
           3070      3.24711e+7 
           3090       3.3065e+7 
           3110      3.22832e+7 
           3130         3.21e+7 
           3150      3.26504e+7 
           3170      3.25326e+7 
           3190      3.13622e+7 
           3210      3.20676e+7 
           3230      3.14236e+7 
           3250       3.1835e+7 
           3270      3.19027e+7 
           3290      3.22433e+7 
           3310       3.2392e+7 
           3330      3.17573e+7 
           3350      3.12782e+7 
           3370       3.1355e+7 
           3390      3.12177e+7 
           3410      3.17801e+7 
           3430      3.17759e+7 
           3450      3.15987e+7 
           3470       3.1215e+7 
           3490      3.10939e+7 
           3510       3.1453e+7 
           3530      3.15693e+7 
           3550      3.15912e+7 
           3570      3.10432e+7 
           3590      3.09467e+7 
           3610       3.0914e+7 
           3630      3.08744e+7 
           3640      3.06682e+7 
           3650      3.12186e+7 
           3670      3.07617e+7 
           3690      3.05123e+7 
           3710      3.66709e+7 
           3730        4.444e+7 
           3750      6.70438e+7 
           3770        7.127e+7 
           3790      8.78113e+7 
           3810      9.94061e+7 
           3830       7.7794e+7 
           3850      1.05619e+8 
           3870      1.13543e+8 
           3890      6.99206e+7 
           3910      1.10709e+8 
           3930      1.06937e+8 
           3950      1.10101e+8 
           3970       6.5427e+7 
           3990      1.06698e+8 
           4010      1.08918e+8 
           4030      1.07457e+8 
           4050      1.06302e+8 
           4070        1.034e+8 
           4090      9.00451e+7 
           4110      6.89448e+7 
           4130      9.90454e+7 
           4150      1.00044e+8 
           4170      9.79821e+7 
           4190      9.71498e+7 
           4210      9.60037e+7 
           4230      9.42074e+7 
           4250      9.29911e+7 
           4270      9.14796e+7 
           4290      9.05814e+7 
           4310      8.69806e+7 
           4330      7.27986e+7 
           4350      6.18298e+7 
           4370      8.55928e+7 
           4390       8.4367e+7 
           4410      8.34098e+7 
           4430       8.3363e+7 
           4450      8.24498e+7 
           4470      8.13706e+7 
           4490      7.97802e+7 
           4510      7.93796e+7 
           4530      7.80267e+7 
           4550      7.61104e+7 
           4570      7.65784e+7 
           4590      7.50488e+7 
           4610      7.55123e+7 
           4630      7.34836e+7 
           4650      7.36404e+7 
           4670      7.26016e+7 
           4690      7.14408e+7 
           4710      6.94463e+7 
           4730      7.01131e+7 
           4750      6.94151e+7 
           4770      6.85281e+7 
           4790      6.76581e+7 
           4810      6.65626e+7 
           4830      6.50016e+7 
           4850      5.47898e+7 
           4870      4.39586e+7 
           4890      6.21982e+7 
           4910       6.2707e+7 
           4930      6.15636e+7 
           4950      6.15393e+7 
           4970      6.10449e+7 
           4990      6.01252e+7 
           5010      5.87081e+7 
           5030      5.86697e+7 
           5050      5.77937e+7 
           5070      5.75218e+7 
           5090      5.68817e+7 
           5110      5.62093e+7 
           5130      5.55069e+7 
           5150      5.47826e+7 
           5170      5.35225e+7 
           5190      5.30045e+7 
           5210      5.29757e+7 
           5230      5.18938e+7 
           5250      5.19298e+7 
           5270      5.06721e+7 
           5290      5.07893e+7 
           5310      4.97982e+7 
           5330      4.93839e+7 
           5350      4.92694e+7 
           5370      4.85844e+7 
           5390      4.81131e+7 
           5410       4.7476e+7 
           5430      4.70006e+7 
           5450      4.66624e+7 
           5470      4.61507e+7 
           5490      4.57076e+7 
           5510      4.51925e+7 
           5530      4.46235e+7 
           5550      4.43147e+7 
           5570      4.38174e+7 
           5590      4.33755e+7 
           5610      4.29567e+7 
           5630       4.2519e+7 
           5650      4.20306e+7 
           5670       4.1601e+7 
           5690      4.12149e+7 
           5710      4.08009e+7 
           5730      4.04027e+7 
           5750      3.99695e+7 
           5770       3.9572e+7 
           5790      3.91553e+7 
           5810      3.87701e+7 
           5830      3.83758e+7 
           5850      3.80026e+7 
           5870      3.75889e+7 
           5890      3.69932e+7 
           5910      3.68682e+7 
           5930      3.65063e+7 
           5950      3.61028e+7 
           5970       3.5779e+7 
           5990      3.53734e+7 
           6010      3.50571e+7 
           6030      3.47379e+7 
           6050      3.43871e+7 
           6070      3.40678e+7 
           6090      3.37276e+7 
           6110      3.33972e+7 
           6130      3.30614e+7 
           6150      3.25299e+7 
           6170      3.24244e+7 
           6190      3.21413e+7 
           6210      3.18389e+7 
           6230      3.15163e+7 
           6250      3.10441e+7 
           6270      3.09449e+7 
           6290      3.06505e+7 
           6310      3.03174e+7 
           6330       3.0065e+7 
           6350      2.96087e+7 
           6370      2.93804e+7 
           6390      2.92225e+7 
           6410      2.89158e+7 
           6430      2.86788e+7 
           6450      2.82839e+7 
           6470      2.81597e+7 
           6490      2.77825e+7 
           6510      2.74795e+7 
           6530      2.69793e+7 
           6550      2.42999e+7 
           6570      1.93127e+7 
           6590      2.58223e+7 
           6610      2.62043e+7 
           6630      2.60893e+7 
           6650      2.59156e+7 
           6670      2.56935e+7 
           6690      2.54719e+7 
           6710      2.52517e+7 
           6730      2.50095e+7 
           6750      2.47962e+7 
           6770      2.45883e+7 
           6790      2.43668e+7 
           6810      2.41532e+7 
           6830      2.39288e+7 
           6850      2.37242e+7 
           6870        2.352e+7 
           6890      2.33162e+7 
           6910      2.31105e+7 
           6930      2.29059e+7 
           6950      2.27103e+7 
           6970      2.25111e+7 
           6990      2.23223e+7 
           7010      2.20985e+7 
           7030      2.19318e+7 
           7050      2.17424e+7 
           7070      2.15615e+7 
           7090      2.13816e+7 
           7110      2.11102e+7 
           7130      2.10008e+7 
           7150      2.08275e+7 
           7170      2.06579e+7 
           7190      2.04791e+7 
           7210      2.03091e+7 
           7230      2.01277e+7 
           7250      1.99602e+7 
           7270      1.98056e+7 
           7290      1.96304e+7 
           7310      1.94576e+7 
           7330      1.93088e+7 
           7350      1.91543e+7 
           7370      1.90013e+7 
           7390      1.88385e+7 
           7410      1.86739e+7 
           7430      1.85025e+7 
           7450      1.83592e+7 
           7470      1.81766e+7 
           7490      1.80555e+7 
           7510      1.79154e+7 
           7530      1.77844e+7 
           7550      1.76481e+7 
           7570       1.7501e+7 
           7590      1.73631e+7 
           7610      1.72245e+7 
           7630      1.70845e+7 
           7650      1.69406e+7 
           7670       1.6803e+7 
           7690      1.66743e+7 
           7710      1.65283e+7 
           7730      1.64139e+7 
           7750      1.62823e+7 
           7770      1.58816e+7 
           7790      1.60286e+7 
           7810      1.59021e+7 
           7830      1.57694e+7 
           7850      1.56353e+7 
           7870      1.54854e+7 
           7890      1.53428e+7 
           7910       1.5275e+7 
           7930      1.51621e+7 
           7950      1.50192e+7 
           7970      1.49367e+7 
           7990      1.47358e+7 
           8010       1.4704e+7 
           8030      1.45893e+7 
           8050      1.44803e+7 
           8070      1.43658e+7 
           8090      1.42574e+7 
           8110      1.41494e+7 
           8130      1.40451e+7 
           8150      1.39383e+7 
           8170      1.38323e+7 
           8190      1.36811e+7 
           8210      1.36403e+7 
           8230      1.35412e+7 
           8250       1.3448e+7 
           8270      1.34139e+7 
           8290      1.33103e+7 
           8310      1.32125e+7 
           8330      1.30406e+7 
           8350      1.29717e+7 
           8370      1.27802e+7 
           8390      1.26545e+7 
           8410      1.24921e+7 
           8430      1.25591e+7 
           8450      1.23974e+7 
           8470      1.18647e+7 
           8490      1.28395e+7 
           8510      1.15349e+7 
           8530       1.3027e+7 
           8550      1.09939e+7 
           8570       1.3277e+7 
           8590      1.21181e+7 
           8610      1.17122e+7 
           8630      1.35812e+7 
           8650      1.31046e+7 
           8670      1.03699e+7 
           8690      1.34297e+7 
           8710      1.38379e+7 
           8730      1.33702e+7 
           8750       1.0161e+7 
           8770      1.27146e+7 
           8790      1.35393e+7 
           8810      1.34896e+7 
           8830      1.32469e+7 
           8850      1.20485e+7 
           8870      9.89747e+6 
           8890      1.27397e+7 
           8910      1.29474e+7 
           8930      1.28933e+7 
           8950      1.28813e+7 
           8970       1.2734e+7 
           8990      1.23619e+7 
           9010      9.78301e+6 
           9030      1.08864e+7 
           9050      1.22206e+7 
           9070      1.21356e+7 
           9090      1.19984e+7 
           9110      1.20942e+7 
           9130      1.20711e+7 
           9150      1.19833e+7 
           9170       1.1863e+7 
           9190      1.16762e+7 
           9210      1.10922e+7 
           9230      8.49483e+6 
           9250      1.06821e+7 
           9270       1.1124e+7 
           9290      1.13525e+7 
           9310      1.13076e+7 
           9330      1.12358e+7 
           9350      1.11645e+7 
           9370      1.10869e+7 
           9390      1.09701e+7 
           9410       1.0792e+7 
           9430       1.0831e+7 
           9450      1.07612e+7 
           9470      1.06666e+7 
           9490      1.05661e+7 
           9510      1.03984e+7 
           9530      9.73798e+6 
           9550      7.69384e+6 
           9570      9.77644e+6 
           9590      1.01327e+7 
           9610      1.00991e+7 
           9630      9.98771e+6 
           9650      1.00236e+7 
           9670      9.89315e+6 
           9690      9.87723e+6 
           9710      9.82462e+6 
           9730      9.75402e+6 
           9750      9.68075e+6 
           9770      9.62064e+6 
           9790      9.55307e+6 
           9810       9.4848e+6 
           9830      9.41309e+6 
           9850      9.33958e+6 
           9870      9.27972e+6 
           9890      9.18408e+6 
           9910      9.15626e+6 
           9930      9.08425e+6 
           9950      9.02912e+6 
           9970      8.96071e+6 
           9990      8.87655e+6 
          10025      8.24453e+6 
          10075        7.817e+6 
          10125      8.45586e+6 
          10175      8.36787e+6 
          10225       8.2347e+6 
          10275      8.09907e+6 
          10325      7.96111e+6 
          10375      7.83241e+6 
          10425      7.70512e+6 
          10475      7.55861e+6 
          10525      7.44409e+6 
          10575      7.33041e+6 
          10625      7.21388e+6 
          10675       7.0304e+6 
          10725      6.95453e+6 
          10775      6.86744e+6 
          10825      6.75687e+6 
          10875      6.61684e+6 
          10925      5.73101e+6 
          10975      6.20969e+6 
          11025      6.33977e+6 
          11075      6.25808e+6 
          11125      6.15963e+6 
          11175      6.06633e+6 
          11225      5.97414e+6 
          11275      5.84038e+6 
          11325      5.75425e+6 
          11375      5.70028e+6 
          11425      5.61095e+6 
          11475      5.53498e+6 
          11525      5.45301e+6 
          11575       5.3706e+6 
          11625      5.27572e+6 
          11675      5.18059e+6 
          11725      5.13622e+6 
          11775      5.01853e+6 
          11825      4.96729e+6 
          11875      4.89159e+6 
          11925      4.84327e+6 
          11975       4.7572e+6 
          12025      4.70105e+6 
          12075      4.63041e+6 
          12125      4.56512e+6 
          12175      4.50357e+6 
          12225      4.43882e+6 
          12275      4.37298e+6 
          12325      4.31251e+6 
          12375       4.2534e+6 
          12425      4.19581e+6 
          12475      4.13174e+6 
          12525      4.07817e+6 
          12575       4.0129e+6 
          12625      3.96062e+6 
          12675      3.91208e+6 
          12725      3.85209e+6 
          12775       3.7463e+6 
          12825      3.27919e+6 
          12875      3.66355e+6 
          12925      3.64877e+6 
          12975      3.60372e+6 
          13025       3.5559e+6 
          13075      3.50847e+6 
          13125      3.46146e+6 
          13175       3.4105e+6 
          13225      3.37033e+6 
          13275      3.32575e+6 
          13325      3.28216e+6 
          13375      3.23893e+6 
          13425      3.19624e+6 
          13475       3.1543e+6 
          13525      3.11083e+6 
          13575      3.07161e+6 
          13625      3.03306e+6 
          13675        2.993e+6 
          13725      2.94884e+6 
          13775      2.91714e+6 
          13825      2.88051e+6 
          13875      2.84491e+6 
          13925      2.80723e+6 
          13975       2.7729e+6 
          14025      2.73823e+6 
          14075      2.70417e+6 
          14125      2.66995e+6 
          14175      2.63671e+6 
          14225      2.60387e+6 
          14275      2.57161e+6 
          14325      2.53992e+6 
          14375      2.50898e+6 
          14425      2.46319e+6 
          14475      2.44746e+6 
          14525      2.41064e+6 
          14570      2.39098e+6 
          14620      2.36373e+6 
          14675      2.33589e+6 
          14725       2.3079e+6 
          14775      2.27763e+6 
          14825      2.25355e+6 
          14875      2.22379e+6 
          14925      2.20215e+6 
          14975      2.17419e+6 
          15025      2.14339e+6 
          15075      2.11776e+6 
          15125      2.09143e+6 
          15175      2.06589e+6 
          15225      2.05332e+6 
          15275      2.00486e+6 
          15325       1.9817e+6 
          15375      1.98572e+6 
          15425      1.91381e+6 
          15475      1.94693e+6 
          15525      1.93238e+6 
          15575      1.82184e+6 
          15625      1.92099e+6 
          15675      1.84696e+6 
          15725      1.76241e+6 
          15775      1.86874e+6 
          15825      1.84852e+6 
          15875      1.65228e+6 
          15925       1.7872e+6 
          15975      1.80718e+6 
          16050      1.75669e+6 
          16150      1.64184e+6 
          16250      1.71414e+6 
          16350      1.64364e+6 
          16450      1.53754e+6 
          16550      1.60566e+6 
          16650      1.57135e+6 
          16750      1.50323e+6 
          16850      1.40782e+6 
          16950      1.47059e+6 
          17050      1.43965e+6 
          17150      1.40972e+6 
          17250      1.37494e+6 
          17350      1.24636e+6 
          17450      1.30957e+6 
          17550      1.29286e+6 
          17650      1.26616e+6 
          17750      1.24117e+6 
          17850      1.21548e+6 
          17950      1.19145e+6 
          18050      1.16314e+6 
          18150      1.06464e+6 
          18250      1.10361e+6 
          18350      1.09766e+6 
          18450      1.07617e+6 
          18550      1.05395e+6 
          18650      1.03021e+6 
          18750          938809 
          18850          987822 
          18950          973429 
          19050          955927 
          19150          937514 
          19250          919472 
          19350          898142 
          19450          820676 
          19550          864404 
          19650          851902 
          19750          835752 
          19850          820451 
          19950          805252 
          20050          790445 
          20150          775938 
          20250          761716 
          20350          747844 
          20450          734387 
          20550          721145 
          20650          708083 
          20750          695498 
          20850          683176 
          20950          671064 
          21050          659178 
          21150          647231 
          21250          635857 
          21350          624938 
          21450          614434 
          21550          601776 
          21650          552883 
          21750          579139 
          21850          573425 
          21950          563811 
          22050          554205 
          22150          544645 
          22250          535885 
          22350          526960 
          22450          518227 
          22550          509521 
          22650          501265 
          22750          493054 
          22850          485334 
          22950          477479 
          23050          469928 
          23150          462427 
          23250          455112 
          23350          447890 
          23450          440812 
          23550          433851 
          23650          426967 
          23750          420234 
          23850          413558 
          23950          407019 
          24050          400352 
          24150          393645 
          24250          388894 
          24350          381552 
          24450          374983 
          24550          371398 
          24650          363906 
          24750          358543 
          24850          356687 
          24950          342276 
          25050          346494 
          25150          341694 
          25250          324660 
          25350          331277 
          25450          327823 
          25550          321800 
          25650          303045 
          25750          313241 
          25850          309668 
          25950          305321 
          26050          297786 
          26150          279652 
          26250          271806 
          26350          286225 
          26450          284647 
          26550          280786 
          26650          275320 
          26750          254933 
          26850          267695 
          26950          265915 
          27050          262207 
          27150          258597 
          27250          255009 
          27350          251460 
          27450          247241 
          27550          230078 
          27650          236168 
          27750          237678 
          27850          234726 
          27950          231550 
          28050          228422 
          28150          225342 
          28250          222319 
          28350          219352 
          28450          216393 
          28550          213369 
          28650          207898 
          28750          194413 
          28850          204315 
          28950          202425 
          29050          199882 
          29150          197205 
          29250          194710 
          29350          192200 
          29450          189720 
          29550          187286 
          29650          184885 
          29750          182525 
          29850          180204 
          29950          177915 
          30050          175657 
          30150          173433 
          30250          170806 
          30350          160688 
          30450          162349 
          30550          164650 
          30650          162888 
          30750          160866 
          30850          158823 
          30950          156921 
          31050          154994 
          31150          153076 
          31250          151219 
          31350          149397 
          31450          147565 
          31550          145821 
          31650          144073 
          31750          142323 
          31850          140643 
          31950          138960 
          32100          136490 
          32300          133289 
          32500          130173 
          32700          127120 
          32900          119387 
          33100          120136 
          33300          118218 
          33500          115595 
          33700          112960 
          33900          110471 
          34100          108029 
          34300          105662 
          34500          103351 
          34700          101090 
          34900         98886.2 
          35100         96753.5 
          35300         94677.8 
          35500         92600.5 
          35700         90563.7 
          35900         88879.5 
          36100         86686.2 
          36300         85230.4 
          36500         82975.4 
          36700         81807.7 
          36900         79332.6 
          37100         78427.5 
          37300         75663.4 
          37500         72736.8 
          37700         73817.3 
          37900         72423.9 
          38100         70118.8 
          38300         68969.7 
          38500         68239.7 
          38700         66894.8 
          38900         65466.9 
          39100         62659.9 
          39300         63055.3 
          39500         61894.6 
          39700         60823.1 
          39900         59569.1 
          40100         57638.4 
          40300         56047.1 
          40500         54392.5 
          40700         55128.2 
          40900         54205.5 
          41100         53204.2 
          41300         52213.1 
          41500         51155.4 
          41700         48460.3 
          41900         49258.3 
          42100         48468.3 
          42300         47596.3 
          42500         46734.3 
          42700         45892.5 
          42900         45068.7 
          43100         44264.1 
          43300         43476.2 
          43500         42689.2 
          43700           40585 
          43900         40880.6 
          44100         40495.1 
          44300         39792.7 
          44500         39104.6 
          44700         38500.8 
          44900         37764.6 
          45100         37122.7 
          45300           36491 
          45500         35874.4 
          45700           35267 
          45900         34670.4 
          46100         34084.9 
          46300         33466.1 
          46500         31771.1 
          46700         31169.4 
          46900         31760.6 
          47100         31358.9 
          47300         30860.3 
          47500         30360.6 
          47700         29871.3 
          47900         29390.9 
          48100           28919 
          48300         28460.4 
          48500         27998.7 
          48700         27562.7 
          48900         27118.7 
          49100         26699.8 
          49300         26265.1 
          49500         25881.1 
          49700         25435.2 
          49900           25085 
          50100           24690 
          50300         24257.3 
          50500         23950.3 
          50700           23580 
          50900         23123.1 
          51100         22789.6 
          51300         21703.2 
          51500         22134.4 
          51700           21721 
          51900         21531.6 
          52100         21227.8 
          52300         20912.9 
          52500         20550.2 
          52700         20136.8 
          52900         20002.3 
          53100         19754.3 
          53300         19467.1 
          53500           19160 
          53700           18721 
          53900         18464.3 
          54100         18352.5 
          54300         18103.8 
          54500         17846.9 
          54700         17593.2 
          54900           17344 
          55100         17013.6 
          55300         16540.9 
          55500         16602.9 
          55700         16391.6 
          55900         16162.4 
          56100         15939.6 
          56300         15720.8 
          56500         15504.7 
          56700         15291.2 
          56900         15048.9 
          57100           14493 
          57300         14626.1 
          57500         14476.7 
          57700         14281.5 
          57900         14089.7 
          58100         13901.3 
          58300         13706.4 
          58500         13523.6 
          58700         13339.8 
          58900         13113.6 
          59100         12515.9 
          59300         12779.8 
          59500         12321.6 
          59700         12378.7 
          59900         12325.6 
          60100         12173.8 
          60300         12018.6 
          60500         11865.2 
          60700         11713.5 
          60900         11564.6 
          61100         11417.3 
          61300         11272.8 
          61500         11129.9 
          61700         10989.5 
          61900         10850.8 
          62100         10714.6 
          62300         10579.9 
          62500         10443.8 
          62700         10288.2 
          62900         9841.02 
          63100         10016.2 
          63300         9936.11 
          63500         9817.54 
          63700         9699.37 
          63900         9580.62 
          64200         9408.12 
          64600         9186.33 
          65000         8962.18 
          65400         8759.52 
          65800         8547.53 
          66200         8346.19 
          66600         8153.85 
          67000         7963.96 
          67400          7756.5 
          67800         7444.15 
          68200         7410.87 
          68600         7264.96 
          69000         7103.34 
          69400         6920.17 
          69800         6786.58 
          70200         6638.36 
          70600         6487.99 
          71000         6321.84 
          71400         6210.56 
          71800         6075.86 
          72200         5944.19 
          72600         5785.66 
          73000         5686.31 
          73400         5571.91 
          73800         5449.21 
          74200         5322.76 
          74600         5103.61 
          75000         4927.03 
          75400         4988.82 
          75800         4899.24 
          76200         4805.31 
          76600         4711.81 
          77000         4616.38 
          77400         4515.02 
          77800         4378.23 
          78200         4337.13 
          78600         4258.22 
          79000          4174.1 
          79400         4091.99 
          79800         4011.91 
          80200         3933.79 
          80600         3857.55 
          81000         3781.76 
          81400         3660.56 
          81800         3622.24 
          82200         3570.53 
          82600         3502.95 
          83000         3436.94 
          83400         3372.31 
          83800         3309.29 
          84200         3247.92 
          84600         3188.11 
          85000         3129.44 
          85400         3072.15 
          85800         3015.58 
          86200         2958.55 
          86600         2851.01 
          87000         2846.66 
          87400         2767.25 
          87800         2719.32 
          88200         2705.51 
          88600         2654.69 
          89000         2610.91 
          89400          2565.2 
          89800         2520.45 
          90200         2475.73 
          90600         2430.51 
          91000          2391.9 
          91400          2350.9 
          91800         2310.79 
          92200         2270.62 
          92600         2224.77 
          93000         2194.09 
          93400         2156.12 
          93800         2079.23 
          94200          2076.3 
          94600         2052.34 
          95000         2013.22 
          95400         1978.99 
          95800         1952.85 
          96200         1921.01 
          96600          1889.8 
          97000         1859.23 
          97400         1829.26 
          97800         1799.91 
          98200         1767.69 
          98600         1733.39 
          99000         1715.25 
          99400         1688.17 
          99800         1661.61 
         100200         1635.54 
         200000         105.098 
         400000         6.55415 
         600000         1.28465 
         800000        0.403395 
         1.0e+6        0.164108 
         1.2e+6       0.0786685 
         1.4e+6       0.0422399 
         1.6e+6       0.0246449 
