# Kurucz ODFNEW /NOVER models
# teff = 4250 K (value for the effective temperature for the model. Temperatures are given in K)
# logg = 0.00 log(cm/s2) (value for Log(G) for the model.)
# meta = -0.5  (value for the Metallicity for the model.)
# lh = 1.25  (l/Hp where l is the  mixing length of the convective element and Hp is the pressure scale height)
# vtur = 2.0 km/s (Microturbulence velocity)
#
# column 1: WAVELENGTH (ANGSTROM), Wavelength in Angstrom
# column 2: FLUX (ERG/CM2/S/A), Flux in erg/cm2/s/A
              0               0 
           90.9               0 
           93.5               0 
           96.1               0 
           97.7               0 
           99.6               0 
            102               0 
          103.8               0 
          105.6               0 
          107.7               0 
          110.4               0 
            114               0 
          117.8               0 
          121.3               0 
          124.8               0 
          127.1               0 
          128.4               0 
          130.5               0 
          132.4               0 
          133.9               0 
          136.6               0 
          139.8               0 
          143.3               0 
          147.2               0 
            151               0 
          155.2               0 
          158.8               0 
            162               0 
            166               0 
          170.3               0 
          173.4               0 
          176.8               0 
          180.2               0 
          181.7               0 
          186.1               0 
            191               0 
          193.9               0 
          198.4               0 
          201.8               0 
            205               0 
          210.5               0 
          216.2               0 
          219.8               0 
            223               0 
          226.8               0 
            230               0 
            234               0 
            240               0 
          246.5               0 
          252.4               0 
          256.8               0 
            260               0 
            264               0 
          268.5               0 
          273.5               0 
          278.5               0 
            284               0 
            290               0 
            296               0 
            301               0 
            308               0 
            318               0 
            328               0 
            338               0 
            348               0 
            357               0 
            366               0 
            375               0 
            385               0 
            395               0 
            405               0 
            414               0 
            422               0 
            430               0 
            441               0 
            451               0 
            460               0 
            470               0 
            480               0 
            490               0 
            500               0 
            506               0 
            512               0 
            520               0 
            530               0 
            540               0 
            550               0 
            560               0 
            570               0 
            580               0 
            590               0 
            600               0 
            610               0 
            620               0 
            630               0 
            640               0 
            650               0 
            658               0 
            665               0 
            675               0 
            685               0 
            695               0 
            705               0 
            716               0 
            726               0 
            735               0 
            745               0 
            755               0 
            765               0 
            775               0 
            785               0 
            795               0 
            805               0 
            815               0 
            825               0 
            835               0 
            845               0 
            855               0 
            865     2.94522e-25 
            875     6.39376e-25 
            885     1.36353e-24 
            895     2.85521e-24 
            905     5.87203e-24 
            915     8.41589e-19 
            925     3.00884e-18 
            935     4.47908e-18 
            945     9.93266e-18 
            955     2.04961e-17 
            965     3.76276e-17 
            975     4.39652e-17 
            985     1.21399e-16 
            995     2.14495e-16 
           1005     3.28839e-16 
           1015      4.6174e-16 
           1025      1.0928e-15 
           1035     2.06778e-15 
           1045     3.51261e-15 
           1055     4.67128e-15 
           1065     1.00143e-14 
           1075     1.54503e-14 
           1085     2.45759e-14 
           1095     3.39143e-14 
           1105      5.1075e-14 
           1115     7.39567e-14 
           1125     1.45498e-13 
           1135     2.54374e-13 
           1145     3.82901e-13 
           1155      5.5026e-13 
           1165     7.48977e-13 
           1175     1.07802e-12 
           1185     1.47728e-12 
           1195     1.13273e-12 
           1205     1.33013e-12 
           1215     3.13589e-13 
           1225       2.992e-12 
           1235     5.31889e-12 
           1245     1.04899e-11 
           1255     1.79201e-11 
           1265     2.68359e-11 
           1275     4.13687e-11 
           1285     4.88997e-11 
           1295     7.34713e-11 
           1305      9.5325e-11 
           1315     1.42102e-10 
           1325     1.84401e-10 
           1335     2.38693e-10 
           1345     3.31846e-10 
           1355      4.6943e-10 
           1365     5.76978e-10 
           1375     7.50282e-10 
           1385     9.33014e-10 
           1395      1.22616e-9 
           1405       1.8537e-9 
           1415      2.48798e-9 
           1425      2.93036e-9 
           1435       4.4235e-9 
           1442      5.65774e-9 
           1447       5.5527e-9 
           1455      6.88659e-9 
           1465      1.03945e-8 
           1475      1.18209e-8 
           1485      1.53982e-8 
           1495      2.32727e-8 
           1505       3.2836e-8 
           1512      2.61272e-8 
           1517      3.66223e-8 
           1525      5.35025e-8 
           1535       1.1848e-7 
           1545      1.06179e-7 
           1555      1.63622e-7 
           1565      1.72597e-7 
           1575      4.01602e-7 
           1585      4.21385e-7 
           1595      4.07574e-7 
           1605      4.61315e-7 
           1615      5.25368e-7 
           1625      5.79613e-7 
           1635      8.13841e-7 
           1645      1.16535e-6 
           1655      1.16616e-6 
           1665      1.79816e-6 
           1672      1.57911e-6 
           1677      2.40693e-6 
           1685      3.27023e-6 
           1695      4.96525e-6 
           1705      5.74966e-6 
           1715      6.62988e-6 
           1725      9.73597e-6 
           1735      1.17853e-5 
           1745      1.67344e-5 
           1755      1.66959e-5 
           1765      2.70235e-5 
           1775      2.16332e-5 
           1785      5.17466e-5 
           1795      3.64005e-5 
           1805      9.27816e-5 
           1815      5.29284e-5 
           1825      9.82573e-5 
           1835      7.97469e-5 
           1845     0.000157055 
           1855      9.03446e-5 
           1865     0.000237494 
           1875     0.000190453 
           1885     0.000285504 
           1895     0.000355401 
           1905     0.000390285 
           1915     0.000650912 
           1925     0.000493437 
           1935     0.000416894 
           1945     0.000808816 
           1955         0.00137 
           1967      0.00138459 
           1976      0.00180001 
           1984      0.00273016 
           1995      0.00206651 
           2005      0.00259418 
           2015      0.00297619 
           2025      0.00276689 
           2035      0.00344408 
           2045        0.003482 
           2055      0.00477096 
           2065      0.00407004 
           2074      0.00339905 
           2078      0.00524427 
           2085      0.00678244 
           2095       0.0101002 
           2105      0.00995596 
           2115      0.00858444 
           2125        0.011549 
           2135       0.0188488 
           2145      0.00989843 
           2155       0.0173446 
           2165       0.0149029 
           2175        0.018322 
           2185       0.0147702 
           2195         0.04565 
           2205       0.0263997 
           2215       0.0491423 
           2225       0.0301681 
           2235        0.190604 
           2245        0.125913 
           2255        0.293226 
           2265       0.0350793 
           2275        0.293771 
           2285        0.113057 
           2295         0.53805 
           2305       0.0390824 
           2315          1.0699 
           2325        0.243602 
           2335         1.23365 
           2345        0.501826 
           2355        0.158021 
           2365        0.424509 
           2375        0.278329 
           2385         1.74185 
           2395         1.10273 
           2405         4.58608 
           2415         1.05154 
           2425         4.63092 
           2435         7.10418 
           2445         14.8101 
           2455         19.2077 
           2465         4.24587 
           2475         7.69127 
           2485        0.479203 
           2495          1.2971 
           2505         6.02406 
           2513          1.9525 
           2518         1.37939 
           2525         2.29402 
           2535         35.4316 
           2545         41.2412 
           2555         115.875 
           2565         34.0723 
           2575          114.27 
           2585         35.8327 
           2595         58.9038 
           2605         81.6913 
           2615         57.4169 
           2625         155.408 
           2635         494.346 
           2645         479.392 
           2655         993.638 
           2665         637.749 
           2675         560.282 
           2685         888.678 
           2695         377.652 
           2705         918.732 
           2715         538.271 
           2725         241.077 
           2735         389.047 
           2745         382.565 
           2755         497.044 
           2765          940.74 
           2775         1140.76 
           2785         423.349 
           2795         146.192 
           2805          183.05 
           2815         736.086 
           2825         923.295 
           2835          510.31 
           2845         101.234 
           2855         15.7121 
           2865         307.176 
           2875         932.798 
           2885         2244.12 
           2895         3819.03 
           2910          5441.8 
           2930         5529.67 
           2950         4599.57 
           2970         4853.85 
           2990         4789.57 
           3010         4215.92 
           3030         6312.28 
           3050         7334.15 
           3070         11727.3 
           3090         15725.2 
           3110           23242 
           3130         20966.3 
           3150         25812.4 
           3170         32250.2 
           3190         29636.5 
           3210         32724.1 
           3230         23009.9 
           3250           38324 
           3270         56719.8 
           3290         62519.9 
           3310         54958.3 
           3330         53375.9 
           3350         48678.8 
           3370         37540.6 
           3390         43107.8 
           3410         55122.5 
           3430         70857.1 
           3450         64166.7 
           3470         70431.4 
           3490         82100.6 
           3510         90377.8 
           3530         73547.8 
           3550         96722.6 
           3570         49556.3 
           3590         56547.2 
           3610         90076.8 
           3630          114595 
           3640          128641 
           3650          133307 
           3670          157552 
           3690          150887 
           3710          155308 
           3730         76256.4 
           3750         91883.4 
           3770          132224 
           3790          138134 
           3810          120267 
           3830         53847.8 
           3850         67294.1 
           3870         73638.6 
           3890          130739 
           3910          133639 
           3930         36329.2 
           3950         87056.7 
           3970         50671.5 
           3990          205530 
           4010          311949 
           4030          324588 
           4050          317141 
           4070          300386 
           4090          397087 
           4110          388705 
           4130          344950 
           4150          316434 
           4170          322505 
           4190          335720 
           4210          379597 
           4230          422147 
           4250          455058 
           4270          442026 
           4290          400760 
           4310          331403 
           4330          536296 
           4350          542286 
           4370          578758 
           4390          525821 
           4410          567321 
           4430          654486 
           4450          667737 
           4470          736890 
           4490          784476 
           4510          904018 
           4530          793083 
           4550          816515 
           4570          904030 
           4590          888768 
           4610          948133 
           4630          945740 
           4650          959018 
           4670          997392 
           4690          989246 
           4710          979080 
           4730      1.02985e+6 
           4750      1.10806e+6 
           4770      1.13458e+6 
           4790      1.12219e+6 
           4810      1.12541e+6 
           4830      1.14793e+6 
           4850         1.12e+6 
           4870      1.06443e+6 
           4890      1.17595e+6 
           4910      1.18029e+6 
           4930      1.15707e+6 
           4950      1.25466e+6 
           4970       1.2336e+6 
           4990      1.14858e+6 
           5010      1.10441e+6 
           5030      1.18389e+6 
           5050      1.20356e+6 
           5070       1.2599e+6 
           5090      1.17174e+6 
           5110       1.2161e+6 
           5130       1.1583e+6 
           5150      1.14052e+6 
           5170      1.11104e+6 
           5190      1.18876e+6 
           5210      1.22749e+6 
           5230      1.27383e+6 
           5250      1.30951e+6 
           5270      1.19318e+6 
           5290      1.35067e+6 
           5310      1.43832e+6 
           5330      1.29971e+6 
           5350      1.43558e+6 
           5370      1.45979e+6 
           5390       1.3949e+6 
           5410       1.3913e+6 
           5430      1.39909e+6 
           5450      1.50515e+6 
           5470      1.44518e+6 
           5490      1.43467e+6 
           5510      1.43643e+6 
           5530      1.49505e+6 
           5550      1.53823e+6 
           5570       1.5164e+6 
           5590      1.47193e+6 
           5610      1.54968e+6 
           5630      1.52418e+6 
           5650      1.55082e+6 
           5670      1.51002e+6 
           5690      1.57762e+6 
           5710      1.49414e+6 
           5730      1.64689e+6 
           5750      1.58326e+6 
           5770      1.62741e+6 
           5790      1.55214e+6 
           5810      1.63187e+6 
           5830      1.69407e+6 
           5850      1.64496e+6 
           5870      1.65542e+6 
           5890      1.49434e+6 
           5910      1.63676e+6 
           5930      1.64545e+6 
           5950      1.64558e+6 
           5970      1.70285e+6 
           5990      1.66746e+6 
           6010      1.63375e+6 
           6030      1.68116e+6 
           6050      1.71833e+6 
           6070      1.71214e+6 
           6090      1.64372e+6 
           6110      1.65488e+6 
           6130      1.56609e+6 
           6150      1.63123e+6 
           6170      1.57337e+6 
           6190      1.66292e+6 
           6210      1.63845e+6 
           6230      1.58485e+6 
           6250      1.51348e+6 
           6270      1.60427e+6 
           6290      1.64293e+6 
           6310      1.60083e+6 
           6330      1.63765e+6 
           6350      1.64296e+6 
           6370      1.63312e+6 
           6390      1.65299e+6 
           6410      1.63352e+6 
           6430       1.6508e+6 
           6450       1.6663e+6 
           6470      1.66321e+6 
           6490      1.59913e+6 
           6510      1.65599e+6 
           6530       1.6759e+6 
           6550      1.64768e+6 
           6570      1.61009e+6 
           6590      1.67007e+6 
           6610      1.67982e+6 
           6630      1.69069e+6 
           6650      1.67934e+6 
           6670      1.65312e+6 
           6690      1.71538e+6 
           6710      1.65296e+6 
           6730      1.72209e+6 
           6750      1.68064e+6 
           6770      1.70007e+6 
           6790      1.69448e+6 
           6810      1.68861e+6 
           6830      1.71273e+6 
           6850      1.66894e+6 
           6870      1.69212e+6 
           6890      1.72469e+6 
           6910      1.69973e+6 
           6930      1.66515e+6 
           6950      1.60028e+6 
           6970      1.62903e+6 
           6990       1.6127e+6 
           7010      1.58274e+6 
           7030      1.62215e+6 
           7050      1.65639e+6 
           7070       1.6135e+6 
           7090      1.60605e+6 
           7110      1.56953e+6 
           7130       1.5397e+6 
           7150      1.55084e+6 
           7170      1.58537e+6 
           7190      1.53247e+6 
           7210      1.57174e+6 
           7230      1.61437e+6 
           7250       1.6059e+6 
           7270      1.59173e+6 
           7290      1.54034e+6 
           7310      1.57238e+6 
           7330      1.57917e+6 
           7350      1.57136e+6 
           7370      1.62006e+6 
           7390      1.58937e+6 
           7410       1.5727e+6 
           7430        1.597e+6 
           7450      1.60256e+6 
           7470      1.59932e+6 
           7490      1.58529e+6 
           7510      1.61306e+6 
           7530       1.6247e+6 
           7550      1.63844e+6 
           7570      1.62486e+6 
           7590      1.61847e+6 
           7610      1.62878e+6 
           7630      1.63189e+6 
           7650      1.63451e+6 
           7670      1.58347e+6 
           7690      1.63724e+6 
           7710      1.59523e+6 
           7730      1.60375e+6 
           7750      1.59837e+6 
           7770      1.63627e+6 
           7790      1.62732e+6 
           7810       1.6337e+6 
           7830      1.61559e+6 
           7850      1.59508e+6 
           7870      1.58102e+6 
           7890      1.49095e+6 
           7910      1.43628e+6 
           7930      1.45103e+6 
           7950      1.43038e+6 
           7970      1.49901e+6 
           7990      1.49824e+6 
           8010      1.50111e+6 
           8030      1.51105e+6 
           8050      1.48739e+6 
           8070      1.46539e+6 
           8090      1.41199e+6 
           8110      1.39816e+6 
           8130       1.4276e+6 
           8150      1.43705e+6 
           8170      1.44543e+6 
           8190      1.43315e+6 
           8210      1.42763e+6 
           8230      1.45174e+6 
           8250      1.46724e+6 
           8270      1.48058e+6 
           8290      1.46451e+6 
           8310      1.40237e+6 
           8330       1.4128e+6 
           8350      1.41885e+6 
           8370      1.43595e+6 
           8390      1.38817e+6 
           8410      1.44805e+6 
           8430      1.40715e+6 
           8450      1.45305e+6 
           8470      1.44483e+6 
           8490      1.40902e+6 
           8510       1.3222e+6 
           8530      1.36985e+6 
           8550      1.08578e+6 
           8570      1.44732e+6 
           8590      1.44013e+6 
           8610      1.44823e+6 
           8630      1.45635e+6 
           8650      1.42012e+6 
           8670      1.13236e+6 
           8690      1.40029e+6 
           8710      1.44918e+6 
           8730      1.45521e+6 
           8750      1.43946e+6 
           8770      1.46082e+6 
           8790      1.45111e+6 
           8810      1.42138e+6 
           8830      1.43785e+6 
           8850      1.45276e+6 
           8870      1.42802e+6 
           8890      1.45397e+6 
           8910      1.46662e+6 
           8930      1.43616e+6 
           8950      1.42391e+6 
           8970       1.4326e+6 
           8990      1.43816e+6 
           9010      1.38403e+6 
           9030      1.42213e+6 
           9050      1.44869e+6 
           9070       1.4364e+6 
           9090      1.38203e+6 
           9110      1.37293e+6 
           9130      1.40755e+6 
           9150      1.27581e+6 
           9170      1.22738e+6 
           9190      1.24711e+6 
           9210      1.22163e+6 
           9230      1.25021e+6 
           9250      1.24336e+6 
           9270      1.27027e+6 
           9290       1.2528e+6 
           9310      1.29758e+6 
           9330      1.30522e+6 
           9350      1.27883e+6 
           9370      1.27067e+6 
           9390      1.23561e+6 
           9410      1.21275e+6 
           9430      1.21808e+6 
           9450      1.19702e+6 
           9470      1.23818e+6 
           9490      1.22448e+6 
           9510      1.26878e+6 
           9530      1.25222e+6 
           9550      1.24999e+6 
           9570      1.25609e+6 
           9590      1.26973e+6 
           9610      1.25389e+6 
           9630      1.24934e+6 
           9650      1.22256e+6 
           9670      1.21698e+6 
           9690      1.23885e+6 
           9710      1.23387e+6 
           9730      1.23784e+6 
           9750      1.22896e+6 
           9770      1.23936e+6 
           9790      1.21111e+6 
           9810      1.25543e+6 
           9830      1.25477e+6 
           9850       1.2602e+6 
           9870      1.25873e+6 
           9890       1.2669e+6 
           9910      1.24921e+6 
           9930      1.26619e+6 
           9950      1.25661e+6 
           9970      1.26408e+6 
           9990      1.26627e+6 
          10025      1.25269e+6 
          10075      1.24741e+6 
          10125      1.24765e+6 
          10175         1.23e+6 
          10225      1.23573e+6 
          10275      1.23836e+6 
          10325      1.21494e+6 
          10375      1.21201e+6 
          10425      1.21712e+6 
          10475      1.20495e+6 
          10525      1.20607e+6 
          10575      1.19436e+6 
          10625      1.18792e+6 
          10675      1.16888e+6 
          10725      1.17068e+6 
          10775      1.15952e+6 
          10825      1.14539e+6 
          10875      1.11991e+6 
          10925      1.08466e+6 
          10975          993036 
          11025          987708 
          11075      1.01367e+6 
          11125      1.01423e+6 
          11175      1.03685e+6 
          11225      1.03436e+6 
          11275      1.02032e+6 
          11325        1.033e+6 
          11375      1.00606e+6 
          11425      1.01875e+6 
          11475      1.03147e+6 
          11525      1.03096e+6 
          11575      1.02095e+6 
          11625        1.008e+6 
          11675       1.0118e+6 
          11725      1.02774e+6 
          11775      1.00819e+6 
          11825      1.00669e+6 
          11875          992160 
          11925      1.01114e+6 
          11975          973795 
          12025          990670 
          12075          981838 
          12125          982471 
          12175          984201 
          12225          981008 
          12275          975582 
          12325          970188 
          12375          964504 
          12425          960001 
          12475          960019 
          12525          952851 
          12575          949266 
          12625          946775 
          12675          939577 
          12725          939837 
          12775          938335 
          12825          911612 
          12875          922659 
          12925          912376 
          12975          920195 
          13025          914010 
          13075          914523 
          13125          902519 
          13175          898199 
          13225          899905 
          13275          884951 
          13325          890545 
          13375          886954 
          13425          888804 
          13475          885041 
          13525          882484 
          13575          868778 
          13625          863387 
          13675          866292 
          13725          865531 
          13775          861999 
          13825          861610 
          13875          852241 
          13925          850541 
          13975          841940 
          14025          833516 
          14075          807617 
          14125          778081 
          14175          772940 
          14225          773360 
          14275          768488 
          14325          779472 
          14375          786694 
          14425          766602 
          14475          793482 
          14525          765655 
          14570          762759 
          14620          753253 
          14675          746987 
          14725          742685 
          14775          751352 
          14825          751487 
          14875          753151 
          14925          763116 
          14975          760969 
          15025          748084 
          15075          741273 
          15125          743809 
          15175          750072 
          15225          748258 
          15275          746549 
          15325          749529 
          15375          754047 
          15425          748456 
          15475          753208 
          15525          743048 
          15575          721777 
          15625          739894 
          15675          736377 
          15725          734794 
          15775          700912 
          15825          715716 
          15875          700960 
          15925          724344 
          15975          710529 
          16050          708571 
          16150          705022 
          16250          698627 
          16350          704326 
          16450          667917 
          16550          684435 
          16650          657457 
          16750          658239 
          16850          632217 
          16950          642075 
          17050          619209 
          17150          614557 
          17250          601579 
          17350          581211 
          17450          581250 
          17550          569935 
          17650          561499 
          17750          548914 
          17850          541443 
          17950          534329 
          18050          519915 
          18150          510427 
          18250          501964 
          18350          494325 
          18450          482597 
          18550          476037 
          18650          464600 
          18750          451203 
          18850          449991 
          18950          433149 
          19050          436876 
          19150          427321 
          19250          421583 
          19350          409699 
          19450          399036 
          19550          397813 
          19650          387880 
          19750          377094 
          19850          372549 
          19950          365633 
          20050          363205 
          20150          358681 
          20250          348809 
          20350          342405 
          20450          339884 
          20550          331642 
          20650          325071 
          20750          319864 
          20850          315565 
          20950          308591 
          21050          306247 
          21150          301109 
          21250          295903 
          21350          291766 
          21450          286538 
          21550          282725 
          21650          274975 
          21750          271457 
          21850          268102 
          21950          265125 
          22050          258239 
          22150          257418 
          22250          250993 
          22350          247635 
          22450          244156 
          22550          239876 
          22650          235810 
          22750          233967 
          22850          229037 
          22950          192019 
          23050          207190 
          23150          205706 
          23250          174252 
          23350          189256 
          23450          186844 
          23550          158055 
          23650          175385 
          23750          172128 
          23850          149878 
          23950          163348 
          24050          163562 
          24150          145467 
          24250          155519 
          24350          156144 
          24450          144308 
          24550          144985 
          24650          151313 
          24750          144576 
          24850          136802 
          24950          142879 
          25050          144850 
          25150          132211 
          25250          137595 
          25350          138909 
          25450          135138 
          25550          132577 
          25650          133658 
          25750          134161 
          25850          126129 
          25950          128594 
          26050          129423 
          26150          126375 
          26250          124386 
          26350          125104 
          26450          124575 
          26550          120624 
          26650          118808 
          26750          121907 
          26850          119799 
          26950          116577 
          27050          117416 
          27150          115980 
          27250          115831 
          27350          112442 
          27450          112834 
          27550          112388 
          27650          110581 
          27750          108700 
          27850          108232 
          27950          107492 
          28050          105458 
          28150          104373 
          28250          103848 
          28350          103332 
          28450          101946 
          28550          100632 
          28650         99471.7 
          28750           98453 
          28850           97482 
          28950         96553.6 
          29050         95104.1 
          29150         94528.2 
          29250         92522.2 
          29350         91962.8 
          29450         90609.6 
          29550         89962.9 
          29650         88491.5 
          29750         87923.1 
          29850           87060 
          29950         85841.4 
          30050         84365.8 
          30150         84117.9 
          30250         83064.4 
          30350         81630.5 
          30450         80144.4 
          30550         80133.3 
          30650         79045.7 
          30750         78309.4 
          30850         76816.7 
          30950         75908.4 
          31050         75588.2 
          31150           74133 
          31250         73805.9 
          31350         72132.2 
          31450         72013.1 
          31550         71004.9 
          31650         70462.9 
          31750         69305.7 
          31850         68429.4 
          31950           67843 
          32100         66870.5 
          32300         64817.2 
          32500           63797 
          32700           62290 
          32900         60382.7 
          33100         59531.6 
          33300         57823.1 
          33500         56822.7 
          33700           55679 
          33900         53915.9 
          34100         53094.1 
          34300         52201.7 
          34500         50651.7 
          34700         49903.8 
          34900         48931.2 
          35100         47678.1 
          35300         46552.7 
          35500         45886.2 
          35700         44646.3 
          35900         43714.8 
          36100         43130.5 
          36300         42076.2 
          36500         41146.8 
          36700         40302.6 
          36900         39363.3 
          37100         38455.6 
          37300         37811.3 
          37500         36918.8 
          37700         36326.8 
          37900         35726.6 
          38100           34945 
          38300         34380.8 
          38500         33717.1 
          38700         33062.6 
          38900         32340.1 
          39100         31800.5 
          39300         31189.8 
          39500         30570.7 
          39700         30033.8 
          39900         29191.7 
          40100         28758.3 
          40300         28299.6 
          40500         27598.2 
          40700           27157 
          40900         26635.4 
          41100         26231.8 
          41300         25706.7 
          41500         25262.6 
          41700         24708.9 
          41900         24372.7 
          42100         23784.6 
          42300         23541.3 
          42500         23024.1 
          42700         22672.6 
          42900         20977.6 
          43100         19801.4 
          43300         20388.8 
          43500         18863.5 
          43700         18364.5 
          43900         18017.7 
          44100         16304.6 
          44300         16570.3 
          44500         15851.1 
          44700         14748.6 
          44900         15254.1 
          45100         14695.2 
          45300         13753.5 
          45500         14157.3 
          45700         13860.2 
          45900         12840.2 
          46100         13349.3 
          46300         12813.8 
          46500         12763.5 
          46700         12615.7 
          46900         12396.3 
          47100         12055.2 
          47300         12290.9 
          47500         11950.4 
          47700         11850.2 
          47900         11628.6 
          48100         11302.5 
          48300         11569.7 
          48500         11323.8 
          48700         10982.2 
          48900         11022.2 
          49100         10764.6 
          49300         10659.3 
          49500         10472.5 
          49700           10500 
          49900         10272.3 
          50100         10022.2 
          50300         10156.9 
          50500         9845.57 
          50700          9772.6 
          50900         9666.57 
          51100         9496.14 
          51300         9366.42 
          51500         9274.05 
          51700         9307.15 
          51900         9111.23 
          52100         8908.72 
          52300         8866.33 
          52500         8827.48 
          52700         8927.46 
          52900         8501.72 
          53100            8412 
          53300          8375.9 
          53500         8285.51 
          53700         8218.03 
          53900          8118.5 
          54100         8047.51 
          54300         7873.36 
          54500         7907.87 
          54700         7704.85 
          54900         7682.96 
          55100          7519.3 
          55300         7666.95 
          55500         7367.43 
          55700         7438.81 
          55900          7273.2 
          56100         7273.03 
          56300         7070.87 
          56500         7098.55 
          56700         6997.01 
          56900         6822.11 
          57100         6856.19 
          57300          6791.8 
          57500         6693.92 
          57700         6611.05 
          57900         6600.41 
          58100         6482.17 
          58300         6420.15 
          58500         6361.12 
          58700         6237.81 
          58900         6192.69 
          59100         6132.52 
          59300         6077.63 
          59500         5974.47 
          59700         5957.66 
          59900         5893.47 
          60100         5828.45 
          60300         5758.14 
          60500            5659 
          60700         5608.79 
          60900         5541.12 
          61100         5463.66 
          61300         5424.14 
          61500         5377.56 
          61700         5343.14 
          61900         5276.62 
          62100         5228.74 
          62300         5154.45 
          62500         5071.83 
          62700         5028.72 
          62900          4968.7 
          63100         4910.09 
          63300         4879.87 
          63500         4801.42 
          63700         4790.17 
          63900         4697.21 
          64200         4637.52 
          64600         4525.91 
          65000         4433.21 
          65400          4329.9 
          65800         4246.71 
          66200         4142.14 
          66600         4059.61 
          67000         3973.66 
          67400         3879.37 
          67800         3797.83 
          68200          3714.7 
          68600         3638.52 
          69000         3555.33 
          69400         3477.68 
          69800         3405.46 
          70200         3330.39 
          70600         3260.84 
          71000         3190.21 
          71400         3123.84 
          71800         3055.63 
          72200         2991.89 
          72600         2927.92 
          73000         2867.43 
          73400          2806.2 
          73800         2749.02 
          74200         2689.97 
          74600         2632.57 
          75000         2580.32 
          75400         2522.86 
          75800         2449.23 
          76200         2384.59 
          76600         2312.04 
          77000          2251.8 
          77400          2183.5 
          77800         2129.99 
          78200         2076.34 
          78600         2021.36 
          79000         1987.54 
          79400         1928.24 
          79800         1896.54 
          80200         1861.15 
          80600         1826.77 
          81000         1797.12 
          81400         1779.16 
          81800         1741.03 
          82200          1719.5 
          82600          1687.2 
          83000         1656.38 
          83400         1629.91 
          83800         1603.23 
          84200         1564.39 
          84600         1542.37 
          85000          1513.6 
          85400         1486.69 
          85800          1459.1 
          86200         1433.01 
          86600         1401.77 
          87000          1380.1 
          87400         1362.22 
          87800          1329.6 
          88200         1306.68 
          88600         1289.38 
          89000         1267.41 
          89400         1242.09 
          89800         1221.85 
          90200         1207.38 
          90600         1188.89 
          91000         1167.45 
          91400         1145.98 
          91800         1132.62 
          92200         1111.47 
          92600         1097.05 
          93000         1078.88 
          93400         1062.97 
          93800         1044.41 
          94200         1031.23 
          94600         1015.37 
          95000         1001.08 
          95400         986.992 
          95800         969.775 
          96200         956.803 
          96600         941.384 
          97000         928.832 
          97400         913.078 
          97800         899.914 
          98200         887.245 
          98600         873.823 
          99000         860.473 
          99400         846.278 
          99800         835.423 
         100200         822.349 
         200000         53.2686 
         400000         3.35243 
         600000        0.658461 
         800000        0.206666 
         1.0e+6        0.083962 
         1.2e+6       0.0401845 
         1.4e+6        0.021539 
         1.6e+6       0.0125456 
