# Kurucz ODFNEW /NOVER models
# teff = 16000 K (value for the effective temperature for the model. Temperatures are given in K)
# logg = 5.00 log(cm/s2) (value for Log(G) for the model.)
# meta = -0.5  (value for the Metallicity for the model.)
# lh = 1.25  (l/Hp where l is the  mixing length of the convective element and Hp is the pressure scale height)
# vtur = 2.0 km/s (Microturbulence velocity)
#
# column 1: WAVELENGTH (ANGSTROM), Wavelength in Angstrom
# column 2: FLUX (ERG/CM2/S/A), Flux in erg/cm2/s/A
              0               0 
           90.9               0 
           93.5               0 
           96.1               0 
           97.7               0 
           99.6               0 
            102               0 
          103.8               0 
          105.6               0 
          107.7               0 
          110.4               0 
            114               0 
          117.8               0 
          121.3               0 
          124.8               0 
          127.1               0 
          128.4               0 
          130.5               0 
          132.4               0 
          133.9               0 
          136.6               0 
          139.8               0 
          143.3               0 
          147.2               0 
            151               0 
          155.2               0 
          158.8               0 
            162      7.8843e-23 
            166     6.29393e-22 
          170.3     4.40989e-21 
          173.4     1.67619e-20 
          176.8     6.88252e-20 
          180.2     2.68881e-19 
          181.7     4.82921e-19 
          186.1     2.55855e-18 
            191     1.50192e-17 
          193.9     4.09334e-17 
          198.4     1.83701e-16 
          201.8     5.49583e-16 
            205     1.49715e-15 
          210.5     7.75254e-15 
          216.2     3.91412e-14 
          219.8     1.04343e-13 
            223     2.42156e-13 
          226.8     6.39847e-13 
            230     1.39796e-12 
            234     3.74075e-12 
            240     1.49129e-11 
          246.5     6.18214e-11 
          252.4     2.11062e-10 
          256.8      5.0795e-10 
            260     9.45671e-10 
            264      2.01149e-9 
          268.5      4.56692e-9 
          273.5      1.09949e-8 
          278.5      2.56943e-8 
            284      6.30655e-8 
            290      1.61358e-7 
            296      3.96479e-7 
            301      8.16904e-7 
            308      2.15572e-6 
            318       8.0026e-6 
            328      2.73394e-5 
            338      8.66673e-5 
            348     0.000256566 
            357     0.000645783 
            366      0.00155126 
            375      0.00356114 
            385      0.00855533 
            395       0.0196011 
            405       0.0430463 
            414       0.0844584 
            422        0.149787 
            430        0.259494 
            441        0.535088 
            451        0.998923 
            460         1.70892 
            470         3.02494 
            480         5.21831 
            490         8.79252 
            500         14.4791 
            506         102.981 
            512         223.385 
            520         304.631 
            530         452.426 
            540         617.935 
            550          919.82 
            560         1275.67 
            570         1769.09 
            580         2237.98 
            590         3183.11 
            600         4253.07 
            610         5639.52 
            620         7283.13 
            630         9439.24 
            640         11915.4 
            650         15239.5 
            658         18384.7 
            665         21395.4 
            675         26478.8 
            685         32715.8 
            695         40508.6 
            705         49335.6 
            716         60710.4 
            726         73241.1 
            735         85872.6 
            745          102677 
            755          121983 
            765          143482 
            775          169045 
            785          197681 
            795          229361 
            805          266027 
            815          306211 
            825          352544 
            835          399611 
            845          458973 
            855          520242 
            865          591712 
            875          667278 
            885          754206 
            895          845852 
            905          934252 
            915      1.79428e+6 
            925      5.99423e+6 
            935      9.86056e+6 
            945      2.88821e+7 
            955      1.70135e+8 
            965      2.70225e+8 
            975      5.86916e+7 
            985      1.09382e+9 
            995      1.73573e+9 
           1005      1.87424e+9 
           1015      7.42949e+8 
           1025       3.2338e+7 
           1035      4.70551e+8 
           1045      2.11023e+9 
           1055      2.78669e+9 
           1065       2.5205e+9 
           1075      2.99057e+9 
           1085      2.85851e+9 
           1095      3.00947e+9 
           1105      2.78028e+9 
           1115      2.79236e+9 
           1125      2.76985e+9 
           1135      3.02269e+9 
           1145      2.71304e+9 
           1155      2.81757e+9 
           1165      2.98642e+9 
           1175      2.66973e+9 
           1185      2.59645e+9 
           1195      1.20314e+9 
           1205      5.46923e+8 
           1215      5.66131e+7 
           1225      3.29802e+8 
           1235      1.66979e+9 
           1245      2.43899e+9 
           1255      2.62966e+9 
           1265      2.30496e+9 
           1275      2.71767e+9 
           1285      2.90164e+9 
           1295      2.44141e+9 
           1305      2.00898e+9 
           1315      2.72304e+9 
           1325      2.67802e+9 
           1335       2.4645e+9 
           1345      2.70934e+9 
           1355      2.56731e+9 
           1365       2.4249e+9 
           1375      2.47922e+9 
           1385      2.50679e+9 
           1395      2.44601e+9 
           1405      2.48097e+9 
           1415      2.36531e+9 
           1425      2.38658e+9 
           1435      2.31758e+9 
           1442       2.4042e+9 
           1447      2.40705e+9 
           1455       2.3609e+9 
           1465      2.28138e+9 
           1475       2.2135e+9 
           1485      2.16517e+9 
           1495      2.19462e+9 
           1505      2.13778e+9 
           1512      2.04914e+9 
           1517      2.12946e+9 
           1525      2.05712e+9 
           1535      1.96453e+9 
           1545      2.05424e+9 
           1555      1.92788e+9 
           1565      1.83872e+9 
           1575      1.89639e+9 
           1585      1.92892e+9 
           1595      1.95427e+9 
           1605      1.84927e+9 
           1615       1.8455e+9 
           1625      1.75309e+9 
           1635      1.77582e+9 
           1645      1.76265e+9 
           1655      1.63111e+9 
           1665      1.74733e+9 
           1672      1.64527e+9 
           1677      1.68236e+9 
           1685      1.71777e+9 
           1695      1.65547e+9 
           1705      1.59594e+9 
           1715      1.54165e+9 
           1725      1.51825e+9 
           1735      1.56087e+9 
           1745      1.51112e+9 
           1755      1.55461e+9 
           1765      1.42494e+9 
           1775       1.5083e+9 
           1785      1.48908e+9 
           1795      1.51135e+9 
           1805      1.48263e+9 
           1815      1.44609e+9 
           1825      1.43504e+9 
           1835      1.38946e+9 
           1845      1.33504e+9 
           1855      1.30864e+9 
           1865      1.30591e+9 
           1875      1.35245e+9 
           1885      1.29616e+9 
           1895      1.26184e+9 
           1905      1.29493e+9 
           1915      1.25206e+9 
           1925      1.23949e+9 
           1935      1.23426e+9 
           1945      1.25148e+9 
           1955      1.20175e+9 
           1967      1.23425e+9 
           1976      1.23847e+9 
           1984      1.19931e+9 
           1995       1.1565e+9 
           2005      1.16711e+9 
           2015      1.12428e+9 
           2025      1.15896e+9 
           2035      1.13022e+9 
           2045      1.12577e+9 
           2055      1.07782e+9 
           2065      1.08534e+9 
           2074      1.08934e+9 
           2078      1.08175e+9 
           2085      1.08871e+9 
           2095      1.05199e+9 
           2105      1.05528e+9 
           2115      1.04423e+9 
           2125      1.04494e+9 
           2135      1.00765e+9 
           2145       1.0176e+9 
           2155      1.01167e+9 
           2165      9.77989e+8 
           2175      9.67424e+8 
           2185      9.54012e+8 
           2195      9.68486e+8 
           2205      9.39265e+8 
           2215      9.11912e+8 
           2225      8.83719e+8 
           2235      9.20024e+8 
           2245      8.86807e+8 
           2255       8.6518e+8 
           2265      8.67836e+8 
           2275      8.75583e+8 
           2285      8.77316e+8 
           2295      8.49876e+8 
           2305      8.31951e+8 
           2315       8.1578e+8 
           2325       8.1331e+8 
           2335      7.87357e+8 
           2345      7.56128e+8 
           2355      7.73225e+8 
           2365        7.438e+8 
           2375      7.54044e+8 
           2385      7.17469e+8 
           2395      7.45575e+8 
           2405      7.19001e+8 
           2415      7.22557e+8 
           2425      7.28205e+8 
           2435      6.99107e+8 
           2445      7.14891e+8 
           2455      7.03703e+8 
           2465      6.93168e+8 
           2475      6.78415e+8 
           2485      6.98831e+8 
           2495      6.78655e+8 
           2505         6.93e+8 
           2513      6.73445e+8 
           2518      6.79507e+8 
           2525      6.50394e+8 
           2535       6.4539e+8 
           2545      6.37131e+8 
           2555      6.51137e+8 
           2565      6.42464e+8 
           2575      6.54699e+8 
           2585      6.52576e+8 
           2595      6.48226e+8 
           2605      6.30934e+8 
           2615      6.26227e+8 
           2625      6.22561e+8 
           2635      6.21641e+8 
           2645      6.37629e+8 
           2655      6.30323e+8 
           2665      6.13453e+8 
           2675      6.17983e+8 
           2685      6.11508e+8 
           2695      6.02049e+8 
           2705      5.98224e+8 
           2715      5.85495e+8 
           2725      5.80395e+8 
           2735      5.87189e+8 
           2745      5.58768e+8 
           2755      5.54073e+8 
           2765       5.5988e+8 
           2775      5.65588e+8 
           2785      5.60999e+8 
           2795      5.31577e+8 
           2805      5.45703e+8 
           2815      5.52718e+8 
           2825      5.45745e+8 
           2835      5.32479e+8 
           2845      5.22412e+8 
           2855      5.22643e+8 
           2865      5.27215e+8 
           2875      5.18722e+8 
           2885       5.1785e+8 
           2895       5.1513e+8 
           2910      5.14507e+8 
           2930      5.00836e+8 
           2950       4.9264e+8 
           2970      4.86965e+8 
           2990      4.78703e+8 
           3010      4.75315e+8 
           3030      4.68732e+8 
           3050      4.60217e+8 
           3070       4.5284e+8 
           3090      4.47116e+8 
           3110      4.38617e+8 
           3130      4.32184e+8 
           3150      4.25651e+8 
           3170      4.19359e+8 
           3190      4.09379e+8 
           3210      4.06012e+8 
           3230      4.00277e+8 
           3250      3.94653e+8 
           3270      3.89451e+8 
           3290      3.83827e+8 
           3310      3.78584e+8 
           3330      3.72726e+8 
           3350      3.66742e+8 
           3370      3.61475e+8 
           3390      3.56303e+8 
           3410      3.51489e+8 
           3430       3.4644e+8 
           3450      3.41551e+8 
           3470      3.36529e+8 
           3490      3.31909e+8 
           3510      3.27403e+8 
           3530      3.22858e+8 
           3550      3.18335e+8 
           3570      3.13979e+8 
           3590      3.09233e+8 
           3610       3.0524e+8 
           3630      3.00827e+8 
           3640       2.9909e+8 
           3650      2.97793e+8 
           3670      2.94612e+8 
           3690      2.90071e+8 
           3710      2.81943e+8 
           3730      2.67304e+8 
           3750      2.79845e+8 
           3770         2.82e+8 
           3790      3.15094e+8 
           3810       3.4805e+8 
           3830      2.93086e+8 
           3850      3.69932e+8 
           3870      4.02465e+8 
           3890       2.6238e+8 
           3910      3.98511e+8 
           3930      4.15515e+8 
           3950      3.90288e+8 
           3970      2.48637e+8 
           3990      3.69722e+8 
           4010      3.96664e+8 
           4030      3.79633e+8 
           4050      3.91142e+8 
           4070      3.76368e+8 
           4090      3.05201e+8 
           4110      2.49807e+8 
           4130      3.48704e+8 
           4150      3.59022e+8 
           4170       3.5797e+8 
           4190      3.53983e+8 
           4210      3.48991e+8 
           4230      3.43508e+8 
           4250      3.37947e+8 
           4270      3.30863e+8 
           4290      3.24981e+8 
           4310      3.11203e+8 
           4330      2.46708e+8 
           4350      2.18284e+8 
           4370      2.94114e+8 
           4390      2.94803e+8 
           4410      2.98663e+8 
           4430      2.94206e+8 
           4450      2.91035e+8 
           4470      2.76558e+8 
           4490      2.80155e+8 
           4510      2.79138e+8 
           4530       2.7488e+8 
           4550      2.70722e+8 
           4570      2.67311e+8 
           4590       2.6327e+8 
           4610       2.5975e+8 
           4630      2.55665e+8 
           4650      2.52356e+8 
           4670      2.48713e+8 
           4690      2.45226e+8 
           4710      2.39327e+8 
           4730      2.38116e+8 
           4750      2.34278e+8 
           4770      2.31242e+8 
           4790      2.27361e+8 
           4810       2.2238e+8 
           4830      2.13324e+8 
           4850      1.76029e+8 
           4870       1.5133e+8 
           4890      2.01126e+8 
           4910      2.06804e+8 
           4930      2.02773e+8 
           4950      2.04182e+8 
           4970      2.01932e+8 
           4990      1.99439e+8 
           5010      1.94623e+8 
           5030      1.93898e+8 
           5050      1.89469e+8 
           5070      1.89062e+8 
           5090      1.86576e+8 
           5110      1.83993e+8 
           5130      1.81802e+8 
           5150      1.79243e+8 
           5170      1.76928e+8 
           5190      1.74742e+8 
           5210      1.72112e+8 
           5230      1.70206e+8 
           5250      1.68174e+8 
           5270      1.65828e+8 
           5290      1.64052e+8 
           5310      1.61843e+8 
           5330      1.59901e+8 
           5350      1.57813e+8 
           5370       1.5596e+8 
           5390      1.54001e+8 
           5410      1.52028e+8 
           5430      1.50092e+8 
           5450      1.48308e+8 
           5470      1.46419e+8 
           5490       1.4473e+8 
           5510      1.42924e+8 
           5530      1.41263e+8 
           5550      1.39538e+8 
           5570      1.37858e+8 
           5590      1.36198e+8 
           5610       1.3457e+8 
           5630      1.32998e+8 
           5650      1.31184e+8 
           5670      1.29663e+8 
           5690      1.28264e+8 
           5710      1.26778e+8 
           5730      1.25287e+8 
           5750      1.23812e+8 
           5770      1.22367e+8 
           5790      1.20905e+8 
           5810      1.19494e+8 
           5830      1.18132e+8 
           5850      1.16754e+8 
           5870      1.13357e+8 
           5890      1.13924e+8 
           5910      1.12766e+8 
           5930      1.11504e+8 
           5950      1.10053e+8 
           5970      1.08936e+8 
           5990       1.0759e+8 
           6010      1.06521e+8 
           6030      1.05318e+8 
           6050      1.04129e+8 
           6070      1.02953e+8 
           6090      1.01801e+8 
           6110      1.00686e+8 
           6130       9.9565e+7 
           6150      9.83259e+7 
           6170      9.73579e+7 
           6190      9.63041e+7 
           6210      9.52453e+7 
           6230      9.41717e+7 
           6250      9.30406e+7 
           6270      9.21535e+7 
           6290      9.11495e+7 
           6310      9.01404e+7 
           6330      8.91871e+7 
           6350      8.77292e+7 
           6370      8.69536e+7 
           6390      8.63336e+7 
           6410      8.53803e+7 
           6430      8.45157e+7 
           6450       8.3524e+7 
           6470      8.25143e+7 
           6490      8.14593e+7 
           6510      8.01738e+7 
           6530      7.79553e+7 
           6550       6.9899e+7 
           6570      6.00613e+7 
           6590      7.37645e+7 
           6610      7.57417e+7 
           6630      7.55921e+7 
           6650      7.50378e+7 
           6670      7.40059e+7 
           6690       7.3367e+7 
           6710      7.29797e+7 
           6730      7.22389e+7 
           6750      7.15071e+7 
           6770      7.07867e+7 
           6790      7.00582e+7 
           6810      6.93516e+7 
           6830      6.86336e+7 
           6850      6.79597e+7 
           6870      6.72842e+7 
           6890      6.66124e+7 
           6910      6.59441e+7 
           6930      6.52591e+7 
           6950      6.46413e+7 
           6970      6.40072e+7 
           6990      6.33755e+7 
           7010      6.27376e+7 
           7030      6.21305e+7 
           7050      6.14682e+7 
           7070        6.058e+7 
           7090      6.03317e+7 
           7110      5.97289e+7 
           7130      5.91562e+7 
           7150      5.85827e+7 
           7170      5.80263e+7 
           7190      5.74705e+7 
           7210      5.69183e+7 
           7230       5.6316e+7 
           7250      5.58232e+7 
           7270      5.53024e+7 
           7290      5.46741e+7 
           7310      5.42555e+7 
           7330      5.37438e+7 
           7350      5.32377e+7 
           7370      5.27356e+7 
           7390      5.22406e+7 
           7410      5.17505e+7 
           7430      5.12444e+7 
           7450      5.07797e+7 
           7470      5.02914e+7 
           7490      4.98357e+7 
           7510      4.93764e+7 
           7530      4.89297e+7 
           7550      4.84785e+7 
           7570      4.80339e+7 
           7590      4.75927e+7 
           7610       4.7161e+7 
           7630      4.67296e+7 
           7650      4.63014e+7 
           7670      4.58814e+7 
           7690      4.54653e+7 
           7710      4.50543e+7 
           7730      4.46481e+7 
           7750      4.42461e+7 
           7770      4.35637e+7 
           7790      4.34564e+7 
           7810      4.30712e+7 
           7830      4.26871e+7 
           7850      4.22608e+7 
           7870      4.18627e+7 
           7890      4.14412e+7 
           7910       4.1193e+7 
           7930      4.08326e+7 
           7950      4.04294e+7 
           7970      4.01182e+7 
           7990      3.96823e+7 
           8010      3.94197e+7 
           8030      3.90764e+7 
           8050      3.87359e+7 
           8070      3.84001e+7 
           8090      3.80643e+7 
           8110      3.77355e+7 
           8130      3.74108e+7 
           8150      3.70897e+7 
           8170       3.6774e+7 
           8190      3.64485e+7 
           8210       3.6131e+7 
           8230      3.58087e+7 
           8250      3.55779e+7 
           8270      3.52886e+7 
           8290      3.49924e+7 
           8310      3.47259e+7 
           8330      3.44396e+7 
           8350      3.41548e+7 
           8370      3.38846e+7 
           8390      3.36184e+7 
           8410      3.33324e+7 
           8430      3.30425e+7 
           8450      3.26447e+7 
           8470      3.24423e+7 
           8490      3.21683e+7 
           8510      3.17756e+7 
           8530       3.1638e+7 
           8550      3.09017e+7 
           8570      3.12773e+7 
           8590      3.03285e+7 
           8610      2.99867e+7 
           8630      3.07704e+7 
           8650      2.98268e+7 
           8670      2.79412e+7 
           8690      2.98691e+7 
           8710      3.03294e+7 
           8730      2.92426e+7 
           8750      2.59436e+7 
           8770      2.80477e+7 
           8790       2.9678e+7 
           8810      2.98565e+7 
           8830      2.90952e+7 
           8850      2.64472e+7 
           8870      2.41446e+7 
           8890       2.7544e+7 
           8910      2.87426e+7 
           8930      2.89243e+7 
           8950      2.87468e+7 
           8970      2.81477e+7 
           8990        2.664e+7 
           9010      2.28688e+7 
           9030      2.39157e+7 
           9050      2.65235e+7 
           9070      2.71737e+7 
           9090      2.72827e+7 
           9110      2.72257e+7 
           9130      2.70234e+7 
           9150      2.67641e+7 
           9170      2.63374e+7 
           9190      2.55609e+7 
           9210      2.36926e+7 
           9230      2.02138e+7 
           9250      2.28845e+7 
           9270      2.45106e+7 
           9290         2.51e+7 
           9310      2.51318e+7 
           9330      2.50402e+7 
           9350      2.48953e+7 
           9370       2.4723e+7 
           9390       2.4529e+7 
           9410      2.42406e+7 
           9430       2.4129e+7 
           9450      2.39017e+7 
           9470      2.35975e+7 
           9490      2.32175e+7 
           9510      2.24334e+7 
           9530      2.05702e+7 
           9550      1.79029e+7 
           9570      2.06351e+7 
           9590       2.1914e+7 
           9610      2.22272e+7 
           9630      2.21626e+7 
           9650      2.21614e+7 
           9670      2.20235e+7 
           9690       2.1887e+7 
           9710      2.17558e+7 
           9730      2.16151e+7 
           9750      2.14496e+7 
           9770      2.12944e+7 
           9790       2.1134e+7 
           9810      2.09758e+7 
           9830      2.08118e+7 
           9850      2.06626e+7 
           9870      2.05047e+7 
           9890      2.03259e+7 
           9910      2.01526e+7 
           9930      1.99864e+7 
           9950      1.98014e+7 
           9970      1.95826e+7 
           9990      1.92785e+7 
          10025       1.7575e+7 
          10075      1.68354e+7 
          10125       1.8404e+7 
          10175      1.82746e+7 
          10225      1.80058e+7 
          10275      1.76954e+7 
          10325      1.73665e+7 
          10375       1.7076e+7 
          10425      1.67777e+7 
          10475      1.64833e+7 
          10525      1.61941e+7 
          10575      1.59164e+7 
          10625      1.56428e+7 
          10675      1.53505e+7 
          10725      1.51065e+7 
          10775       1.4829e+7 
          10825      1.44586e+7 
          10875      1.40686e+7 
          10925      1.22259e+7 
          10975      1.29357e+7 
          11025       1.3486e+7 
          11075      1.33734e+7 
          11125      1.31959e+7 
          11175      1.29831e+7 
          11225      1.27708e+7 
          11275      1.25401e+7 
          11325      1.23456e+7 
          11375      1.21587e+7 
          11425      1.19631e+7 
          11475      1.17718e+7 
          11525      1.15839e+7 
          11575      1.13994e+7 
          11625      1.12143e+7 
          11675      1.10375e+7 
          11725      1.08671e+7 
          11775      1.06854e+7 
          11825        1.053e+7 
          11875      1.03651e+7 
          11925      1.02073e+7 
          11975      1.00366e+7 
          12025      9.89552e+6 
          12075      9.74421e+6 
          12125      9.59534e+6 
          12175      9.45012e+6 
          12225      9.30718e+6 
          12275      9.16651e+6 
          12325      9.02903e+6 
          12375      8.89424e+6 
          12425      8.76227e+6 
          12475      8.62851e+6 
          12525      8.50259e+6 
          12575      8.37674e+6 
          12625      8.25122e+6 
          12675      8.10957e+6 
          12725      7.94753e+6 
          12775      7.59206e+6 
          12825      6.76751e+6 
          12875      7.44595e+6 
          12925      7.51001e+6 
          12975       7.4312e+6 
          13025      7.35028e+6 
          13075      7.24589e+6 
          13125      7.14354e+6 
          13175      7.04084e+6 
          13225      6.94397e+6 
          13275      6.84687e+6 
          13325      6.75145e+6 
          13375      6.65767e+6 
          13425      6.56513e+6 
          13475      6.47459e+6 
          13525       6.3854e+6 
          13575      6.29816e+6 
          13625      6.21206e+6 
          13675      6.12722e+6 
          13725      6.04406e+6 
          13775      5.96314e+6 
          13825      5.88283e+6 
          13875      5.80392e+6 
          13925      5.72619e+6 
          13975      5.64998e+6 
          14025      5.57491e+6 
          14075      5.50113e+6 
          14125      5.42846e+6 
          14175      5.35705e+6 
          14225      5.28687e+6 
          14275      5.21792e+6 
          14325       5.1498e+6 
          14375      5.08304e+6 
          14425      5.01562e+6 
          14475      4.95227e+6 
          14525      4.88842e+6 
          14570      4.83253e+6 
          14620      4.77276e+6 
          14675      4.70695e+6 
          14725      4.64792e+6 
          14775      4.58943e+6 
          14825      4.53283e+6 
          14875      4.47653e+6 
          14925      4.42137e+6 
          14975      4.36654e+6 
          15025      4.31299e+6 
          15075      4.25906e+6 
          15125      4.20756e+6 
          15175      4.15617e+6 
          15225      4.10503e+6 
          15275      4.05445e+6 
          15325      4.00415e+6 
          15375      3.95645e+6 
          15425      3.90474e+6 
          15475      3.85956e+6 
          15525      3.80973e+6 
          15575      3.75628e+6 
          15625      3.72639e+6 
          15675      3.66235e+6 
          15725      3.61061e+6 
          15775      3.59955e+6 
          15825      3.54945e+6 
          15875      3.44477e+6 
          15925      3.44695e+6 
          15975      3.44402e+6 
          16050      3.35297e+6 
          16150      3.23155e+6 
          16250      3.24723e+6 
          16350      3.11026e+6 
          16450      2.98152e+6 
          16550      3.04172e+6 
          16650       2.9784e+6 
          16750      2.82398e+6 
          16850      2.69834e+6 
          16950      2.78015e+6 
          17050      2.72871e+6 
          17150      2.66996e+6 
          17250      2.59073e+6 
          17350      2.36784e+6 
          17450      2.45151e+6 
          17550      2.44396e+6 
          17650      2.39929e+6 
          17750      2.34818e+6 
          17850      2.29877e+6 
          17950      2.24715e+6 
          18050      2.18335e+6 
          18150       2.0012e+6 
          18250      2.04878e+6 
          18350      2.05996e+6 
          18450      2.02519e+6 
          18550      1.98064e+6 
          18650       1.9235e+6 
          18750      1.76212e+6 
          18850       1.8442e+6 
          18950      1.82625e+6 
          19050      1.79218e+6 
          19150      1.75759e+6 
          19250      1.71813e+6 
          19350      1.66349e+6 
          19450      1.52324e+6 
          19550      1.59878e+6 
          19650      1.58879e+6 
          19750      1.56202e+6 
          19850      1.53217e+6 
          19950      1.50294e+6 
          20050      1.47449e+6 
          20150      1.44662e+6 
          20250      1.41951e+6 
          20350      1.39294e+6 
          20450      1.36701e+6 
          20550      1.34125e+6 
          20650      1.31699e+6 
          20750      1.29277e+6 
          20850      1.26914e+6 
          20950      1.24606e+6 
          21050      1.22354e+6 
          21150      1.20113e+6 
          21250      1.17984e+6 
          21350      1.15873e+6 
          21450       1.1351e+6 
          21550      1.10366e+6 
          21650      1.01464e+6 
          21750      1.05757e+6 
          21850      1.05636e+6 
          21950      1.04175e+6 
          22050       1.0238e+6 
          22150      1.00621e+6 
          22250          988886 
          22350          971987 
          22450          955499 
          22550          939265 
          22650          923427 
          22750          907900 
          22850          892902 
          22950          878128 
          23050          863576 
          23150          849384 
          23250          835471 
          23350          821836 
          23450          808468 
          23550          795436 
          23650          782596 
          23750          770008 
          23850          757734 
          23950          745641 
          24050          733721 
          24150          722104 
          24250          710778 
          24350          699551 
          24450          688548 
          24550          677888 
          24650          667128 
          24750          656827 
          24850          646853 
          24950          636172 
          25050          627202 
          25150          617578 
          25250          606549 
          25350          598668 
          25450          590423 
          25550          580329 
          25650          568907 
          25750          563343 
          25850          556049 
          25950          547190 
          26050          535100 
          26150          518992 
          26250          486965 
          26350          507228 
          26450          507797 
          26550          501298 
          26650          491294 
          26750          475750 
          26850          477225 
          26950          473963 
          27050          468114 
          27150          461731 
          27250          455154 
          27350          448139 
          27450          439106 
          27550          420909 
          27650          420708 
          27750          422402 
          27850          418297 
          27950          413477 
          28050          407790 
          28150          402199 
          28250          396700 
          28350          391268 
          28450          385200 
          28550          378332 
          28650          366760 
          28750          352331 
          28850          360761 
          28950          359280 
          29050          355731 
          29150          351219 
          29250          346584 
          29350          342018 
          29450          337527 
          29550          333114 
          29650          328767 
          29750          324498 
          29850          320289 
          29950          316149 
          30050          311964 
          30150          307020 
          30250          300902 
          30350          286064 
          30450          285806 
          30550          290178 
          30650          288171 
          30750          285352 
          30850          281720 
          30950          278250 
          31050          274781 
          31150          271365 
          31250          267999 
          31350          264690 
          31450          261429 
          31550          258219 
          31650          255059 
          31750          251945 
          31850          248884 
          31950          245863 
          32100          241421 
          32300          235649 
          32500          230047 
          32700          223849 
          32900          210207 
          33100          210532 
          33300          208635 
          33500          204104 
          33700          199493 
          33900          194979 
          34100          190580 
          34300          186298 
          34500          182138 
          34700          178086 
          34900          174145 
          35100          170316 
          35300          166587 
          35500          162960 
          35700          159428 
          35900          155999 
          36100          152642 
          36300          149395 
          36500          146196 
          36700          143119 
          36900          139995 
          37100          136872 
          37300          131097 
          37500          127519 
          37700          128561 
          37900          126211 
          38100          123503 
          38300          121038 
          38500          118803 
          38700          116441 
          38900          113952 
          39100          111348 
          39300          109566 
          39500          107527 
          39700          105438 
          39900          103300 
          40100          100763 
          40300         98484.8 
          40500         93800.9 
          40700         95189.5 
          40900         93880.3 
          41100         92248.5 
          41300         90409.6 
          41500         88363.5 
          41700         85635.1 
          41900         85047.2 
          42100         83877.4 
          42300           82404 
          42500         80892.1 
          42700         79416.8 
          42900         77967.9 
          43100         76564.6 
          43300         75183.8 
          43500         73530.4 
          43700         70886.2 
          43900         70345.4 
          44100         69828.9 
          44300         68739.1 
          44500         67534.5 
          44700         66392.3 
          44900         65183.9 
          45100         64058.8 
          45300         62952.8 
          45500         61869.1 
          45700         60802.1 
          45900         59744.1 
          46100         58668.5 
          46300         57405.2 
          46500         54229.2 
          46700         53886.8 
          46900         54330.8 
          47100         53880.5 
          47300           53084 
          47500         52238.8 
          47700         51417.4 
          47900         50658.9 
          48100         49836.3 
          48300           49029 
          48500         48237.8 
          48700         47462.8 
          48900         46703.5 
          49100         45959.7 
          49300         45229.4 
          49500         44514.1 
          49700         43813.5 
          49900         43125.7 
          50100         42451.8 
          50300         41788.7 
          50500         41127.6 
          50700         40413.8 
          50900         39730.3 
          51100         38814.1 
          51300         37152.1 
          51500         37723.5 
          51700           37373 
          51900         36868.8 
          52100         36386.4 
          52300         35841.4 
          52500         35292.8 
          52700         34752.8 
          52900         34265.7 
          53100         33759.3 
          53300         33262.6 
          53500           32776 
          53700         32246.3 
          53900           31778 
          54100         31365.8 
          54300         30912.8 
          54500         30468.2 
          54700         30030.5 
          54900         29600.8 
          55100         29123.3 
          55300         28675.3 
          55500         28341.7 
          55700         27960.1 
          55900         27567.5 
          56100           27181 
          56300         26802.8 
          56500         26429.3 
          56700         26063.8 
          56900         25643.6 
          57100         25219.3 
          57300         24931.1 
          57500         24661.1 
          57700         24326.4 
          57900         23995.6 
          58100         23671.1 
          58300         23339.4 
          58500         23001.8 
          58700           22654 
          58900         22147.4 
          59100         21160.8 
          59300         21603.3 
          59500         21332.7 
          59700         21124.5 
          59900         20932.2 
          60100         20684.7 
          60300         20460.6 
          60500         20194.9 
          60700         19933.2 
          60900         19676.5 
          61100         19422.8 
          61300         19173.9 
          61500         18928.9 
          61700         18686.6 
          61900         18449.1 
          62100         18216.1 
          62300         17975.1 
          62500         17708.9 
          62700         17425.5 
          62900         17029.2 
          63100         16967.8 
          63300         16834.4 
          63500         16662.2 
          63700         16472.3 
          63900         16269.7 
          64200         15970.8 
          64600         15583.2 
          65000         15207.4 
          65400         14843.2 
          65800         14489.2 
          66200         14145.3 
          66600         13812.8 
          67000         13480.6 
          67400         13096.3 
          67800         12641.4 
          68200         12537.3 
          68600         12285.9 
          69000         12006.1 
          69400         11734.4 
          69800         11470.4 
          70200         11213.9 
          70600           10964 
          71000         10721.2 
          71400         10485.4 
          71800         10255.7 
          72200         10032.5 
          72600         9815.03 
          73000         9603.82 
          73400         9398.04 
          73800         9187.86 
          74200         8957.68 
          74600         8513.24 
          75000         8276.67 
          75400         8364.69 
          75800         8249.78 
          76200         8101.74 
          76600         7935.81 
          77000         7774.16 
          77400         7611.64 
          77800         7440.19 
          78200         7307.59 
          78600         7165.13 
          79000         7022.73 
          79400         6883.41 
          79800         6747.16 
          80200         6615.01 
          80600         6485.71 
          81000         6359.23 
          81400         6212.72 
          81800         6100.33 
          82200         5999.27 
          82600         5884.45 
          83000         5773.16 
          83400         5663.77 
          83800         5557.25 
          84200         5453.04 
          84600          5351.6 
          85000         5252.33 
          85400         5155.41 
          85800         5060.59 
          86200         4957.28 
          86600         4839.01 
          87000         4766.04 
          87400         4613.63 
          87800         4531.36 
          88200         4526.33 
          88600         4454.65 
          89000         4375.71 
          89400         4298.45 
          89800         4222.88 
          90200         4148.98 
          90600         4076.67 
          91000         4005.86 
          91400         3936.66 
          91800         3868.94 
          92200         3802.66 
          92600         3737.75 
          93000         3674.23 
          93400         3601.44 
          93800         3507.03 
          94200         3468.33 
          94600         3428.52 
          95000          3376.2 
          95400         3320.26 
          95800         3265.52 
          96200         3211.86 
          96600         3159.27 
          97000         3107.77 
          97400         3057.31 
          97800         3007.91 
          98200         2959.43 
          98600         2911.94 
          99000         2865.43 
          99400         2819.84 
          99800         2775.16 
         100200         2731.36 
         200000         172.609 
         400000         10.6638 
         600000         2.08489 
         800000         0.65445 
         1.0e+6        0.266439 
         1.2e+6        0.127871 
         1.4e+6       0.0687514 
         1.6e+6       0.0401674 
