# Kurucz ODFNEW /NOVER models
# teff = 16000 K (value for the effective temperature for the model. Temperatures are given in K)
# logg = 3.50 log(cm/s2) (value for Log(G) for the model.)
# meta = -0.5  (value for the Metallicity for the model.)
# lh = 1.25  (l/Hp where l is the  mixing length of the convective element and Hp is the pressure scale height)
# vtur = 2.0 km/s (Microturbulence velocity)
#
# column 1: WAVELENGTH (ANGSTROM), Wavelength in Angstrom
# column 2: FLUX (ERG/CM2/S/A), Flux in erg/cm2/s/A
              0               0 
           90.9               0 
           93.5               0 
           96.1               0 
           97.7               0 
           99.6               0 
            102               0 
          103.8               0 
          105.6               0 
          107.7               0 
          110.4               0 
            114               0 
          117.8               0 
          121.3               0 
          124.8               0 
          127.1               0 
          128.4               0 
          130.5               0 
          132.4               0 
          133.9               0 
          136.6               0 
          139.8               0 
          143.3               0 
          147.2               0 
            151               0 
          155.2               0 
          158.8               0 
            162               0 
            166     1.32627e-22 
          170.3     1.11425e-21 
          173.4     4.47113e-21 
          176.8     1.93727e-20 
          180.2     7.93554e-20 
          181.7     1.45352e-19 
          186.1     8.12153e-19 
            191     5.02788e-18 
          193.9     1.41254e-17 
          198.4     6.61828e-17 
          201.8      2.0379e-16 
            205     5.68964e-16 
          210.5     3.07341e-15 
          216.2     1.61452e-14 
          219.8     4.40602e-14 
            223     1.04431e-13 
          226.8     2.82389e-13 
            230     6.82289e-13 
            234     1.95679e-12 
            240     8.08924e-12 
          246.5      3.4602e-11 
          252.4       1.213e-10 
          256.8     2.95934e-10 
            260      5.6075e-10 
            264      1.21112e-9 
          268.5      2.79673e-9 
          273.5        6.857e-9 
          278.5      1.62962e-8 
            284      4.07169e-8 
            290      1.06107e-7 
            296      2.65271e-7 
            301       5.5378e-7 
            308      1.48355e-6 
            318      5.65334e-6 
            328      1.97239e-5 
            338      6.37886e-5 
            348     0.000192188 
            357     0.000490389 
            366      0.00119331 
            375      0.00277166 
            385      0.00673808 
            395        0.015612 
            405       0.0346401 
            414       0.0685383 
            422        0.122352 
            430        0.213263 
            441        0.443345 
            451        0.833081 
            460         1.43298 
            470         2.55099 
            480         4.42398 
            490         7.48849 
            500         12.3824 
            506         110.088 
            512         317.055 
            520         435.802 
            530         676.506 
            540         871.494 
            550         1382.13 
            560         1898.79 
            570         2627.37 
            580         3085.28 
            590         4559.06 
            600          6248.9 
            610         8312.89 
            620         10617.8 
            630           13691 
            640         16986.9 
            650         21544.5 
            658         26244.6 
            665         30169.9 
            675         36859.8 
            685         45453.3 
            695           56346 
            705         68091.6 
            716         83347.7 
            726         99458.2 
            735          116159 
            745          139153 
            755          164921 
            765          193108 
            775          227208 
            785          264954 
            795          305521 
            805          352682 
            815          402079 
            825          463380 
            835          520389 
            845          594887 
            855          672887 
            865          763254 
            875          861541 
            885          974550 
            895      1.08929e+6 
            905      1.18788e+6 
            915        2.878e+6 
            925      1.35163e+7 
            935      4.54329e+7 
            945      2.86704e+8 
            955       8.2395e+8 
            965      1.19153e+9 
            975      2.24554e+8 
            985      1.80924e+9 
            995      1.82527e+9 
           1005      2.10774e+9 
           1015      1.76304e+9 
           1025      2.00054e+8 
           1035      1.03261e+9 
           1045      2.50806e+9 
           1055      2.55122e+9 
           1065      2.16321e+9 
           1075      2.55363e+9 
           1085       2.2933e+9 
           1095      2.58273e+9 
           1105      2.31205e+9 
           1115      2.27606e+9 
           1125      2.21944e+9 
           1135      2.61826e+9 
           1145      2.38586e+9 
           1155      2.47923e+9 
           1165      2.66055e+9 
           1175       2.2962e+9 
           1185       2.6292e+9 
           1195      1.53723e+9 
           1205      9.50969e+8 
           1215      1.44976e+8 
           1225      1.14157e+9 
           1235      2.36623e+9 
           1245      2.70148e+9 
           1255      2.65381e+9 
           1265       2.2777e+9 
           1275       2.5872e+9 
           1285      2.68809e+9 
           1295      2.01879e+9 
           1305      1.77056e+9 
           1315      2.54374e+9 
           1325      2.46923e+9 
           1335      2.16138e+9 
           1345      2.52629e+9 
           1355      2.43209e+9 
           1365      2.21967e+9 
           1375      2.27837e+9 
           1385       2.3261e+9 
           1395      2.20112e+9 
           1405      2.28077e+9 
           1415      2.17207e+9 
           1425      2.20273e+9 
           1435      2.18458e+9 
           1442      2.25981e+9 
           1447      2.24817e+9 
           1455      2.20715e+9 
           1465      2.11551e+9 
           1475       2.0722e+9 
           1485      2.04746e+9 
           1495      2.04511e+9 
           1505      1.97644e+9 
           1512       1.8425e+9 
           1517      1.92287e+9 
           1525      1.90566e+9 
           1535      1.77667e+9 
           1545      1.85491e+9 
           1555      1.74512e+9 
           1565      1.72505e+9 
           1575      1.78203e+9 
           1585      1.80925e+9 
           1595       1.8398e+9 
           1605      1.75479e+9 
           1615      1.75479e+9 
           1625       1.6722e+9 
           1635      1.71988e+9 
           1645      1.70975e+9 
           1655      1.58833e+9 
           1665       1.7101e+9 
           1672      1.61388e+9 
           1677      1.65383e+9 
           1685      1.68726e+9 
           1695      1.61614e+9 
           1705       1.5476e+9 
           1715      1.47991e+9 
           1725      1.46482e+9 
           1735      1.51957e+9 
           1745      1.47078e+9 
           1755      1.52513e+9 
           1765        1.401e+9 
           1775      1.45258e+9 
           1785      1.45101e+9 
           1795      1.48727e+9 
           1805      1.47025e+9 
           1815      1.39177e+9 
           1825      1.40733e+9 
           1835      1.35959e+9 
           1845      1.28413e+9 
           1855      1.23627e+9 
           1865      1.25576e+9 
           1875      1.33627e+9 
           1885      1.24282e+9 
           1895      1.18589e+9 
           1905      1.25579e+9 
           1915      1.19741e+9 
           1925      1.17565e+9 
           1935      1.20086e+9 
           1945      1.21961e+9 
           1955      1.14585e+9 
           1967      1.21108e+9 
           1976      1.23548e+9 
           1984      1.17299e+9 
           1995      1.13312e+9 
           2005      1.15483e+9 
           2015       1.1228e+9 
           2025      1.16668e+9 
           2035      1.10857e+9 
           2045       1.1155e+9 
           2055      1.06676e+9 
           2065      1.08384e+9 
           2074      1.11141e+9 
           2078      1.06849e+9 
           2085      1.08975e+9 
           2095      1.04049e+9 
           2105      1.05265e+9 
           2115      1.04608e+9 
           2125      1.05829e+9 
           2135      1.01691e+9 
           2145      1.01039e+9 
           2155      1.02724e+9 
           2165      9.97359e+8 
           2175      9.86536e+8 
           2185      9.66165e+8 
           2195      9.85529e+8 
           2205      9.59489e+8 
           2215        9.318e+8 
           2225       8.9932e+8 
           2235       9.3722e+8 
           2245      9.08707e+8 
           2255      8.81405e+8 
           2265      8.90674e+8 
           2275      8.98148e+8 
           2285      9.02426e+8 
           2295      8.71332e+8 
           2305      8.55491e+8 
           2315      8.35042e+8 
           2325       8.3136e+8 
           2335      8.02419e+8 
           2345      7.77779e+8 
           2355      7.96456e+8 
           2365      7.66968e+8 
           2375      7.75416e+8 
           2385      7.40583e+8 
           2395      7.69285e+8 
           2405      7.40757e+8 
           2415      7.43614e+8 
           2425      7.52611e+8 
           2435      7.21154e+8 
           2445      7.39594e+8 
           2455      7.28768e+8 
           2465      7.18093e+8 
           2475      7.01847e+8 
           2485      7.22869e+8 
           2495      7.01835e+8 
           2505      7.17436e+8 
           2513      6.90326e+8 
           2518      7.02621e+8 
           2525      6.72908e+8 
           2535       6.6884e+8 
           2545      6.56614e+8 
           2555      6.73529e+8 
           2565      6.63192e+8 
           2575      6.78562e+8 
           2585      6.75804e+8 
           2595      6.72563e+8 
           2605      6.56638e+8 
           2615      6.51239e+8 
           2625      6.47819e+8 
           2635      6.46275e+8 
           2645      6.62239e+8 
           2655      6.55226e+8 
           2665      6.37907e+8 
           2675      6.43202e+8 
           2685      6.36696e+8 
           2695      6.25445e+8 
           2705      6.23041e+8 
           2715      6.10027e+8 
           2725      6.03683e+8 
           2735      6.11616e+8 
           2745      5.81969e+8 
           2755      5.77652e+8 
           2765      5.82548e+8 
           2775      5.89167e+8 
           2785      5.84652e+8 
           2795      5.60561e+8 
           2805      5.72085e+8 
           2815      5.75539e+8 
           2825      5.67222e+8 
           2835      5.51276e+8 
           2845      5.43638e+8 
           2855      5.44966e+8 
           2865      5.49613e+8 
           2875      5.40736e+8 
           2885      5.39845e+8 
           2895      5.36796e+8 
           2910      5.35726e+8 
           2930      5.22205e+8 
           2950       5.1251e+8 
           2970      5.07297e+8 
           2990      4.98384e+8 
           3010      4.94733e+8 
           3030       4.8847e+8 
           3050      4.79575e+8 
           3070      4.71828e+8 
           3090      4.65662e+8 
           3110      4.57043e+8 
           3130      4.50372e+8 
           3150      4.43609e+8 
           3170      4.36642e+8 
           3190      4.25705e+8 
           3210      4.22794e+8 
           3230      4.16924e+8 
           3250      4.10953e+8 
           3270      4.05517e+8 
           3290      3.99524e+8 
           3310       3.9423e+8 
           3330       3.8815e+8 
           3350      3.81717e+8 
           3370      3.76401e+8 
           3390       3.7099e+8 
           3410      3.65906e+8 
           3430       3.6018e+8 
           3450      3.54747e+8 
           3470      3.49825e+8 
           3490      3.45085e+8 
           3510      3.40582e+8 
           3530       3.3595e+8 
           3550      3.31247e+8 
           3570      3.26897e+8 
           3590      3.21569e+8 
           3610      3.17408e+8 
           3630      3.12806e+8 
           3640      3.11346e+8 
           3650      3.08708e+8 
           3670      3.04988e+8 
           3690      2.94609e+8 
           3710      2.95984e+8 
           3730       2.9883e+8 
           3750      3.49873e+8 
           3770      3.58921e+8 
           3790      3.88426e+8 
           3810      4.14178e+8 
           3830      3.53977e+8 
           3850      4.27879e+8 
           3870      4.36977e+8 
           3890      3.31963e+8 
           3910      4.30991e+8 
           3930      4.23223e+8 
           3950      4.18561e+8 
           3970      3.10714e+8 
           3990      4.02121e+8 
           4010      4.02312e+8 
           4030      3.83992e+8 
           4050      3.93463e+8 
           4070      3.84808e+8 
           4090      3.51821e+8 
           4110      2.98225e+8 
           4130      3.61229e+8 
           4150      3.60575e+8 
           4170      3.57386e+8 
           4190      3.53446e+8 
           4210      3.48416e+8 
           4230      3.42855e+8 
           4250      3.37593e+8 
           4270      3.30305e+8 
           4290      3.27232e+8 
           4310       3.2049e+8 
           4330       2.8581e+8 
           4350       2.5621e+8 
           4370      3.05596e+8 
           4390      2.97715e+8 
           4410      2.99535e+8 
           4430      2.93957e+8 
           4450      2.91244e+8 
           4470      2.78293e+8 
           4490      2.80453e+8 
           4510      2.78805e+8 
           4530      2.74348e+8 
           4550       2.7034e+8 
           4570       2.6704e+8 
           4590      2.63127e+8 
           4610      2.59555e+8 
           4630      2.55454e+8 
           4650      2.52077e+8 
           4670      2.48713e+8 
           4690      2.45449e+8 
           4710      2.38988e+8 
           4730      2.37779e+8 
           4750      2.34261e+8 
           4770      2.32318e+8 
           4790       2.2897e+8 
           4810      2.25018e+8 
           4830      2.20897e+8 
           4850      2.01334e+8 
           4870      1.75921e+8 
           4890      2.11477e+8 
           4910      2.10257e+8 
           4930      2.04432e+8 
           4950      2.05412e+8 
           4970      2.02847e+8 
           4990      1.99999e+8 
           5010      1.94623e+8 
           5030      1.94374e+8 
           5050      1.89853e+8 
           5070      1.89677e+8 
           5090      1.87157e+8 
           5110      1.84541e+8 
           5130      1.82289e+8 
           5150      1.79726e+8 
           5170      1.77619e+8 
           5190      1.75441e+8 
           5210      1.72376e+8 
           5230      1.70922e+8 
           5250      1.68884e+8 
           5270       1.6656e+8 
           5290      1.64806e+8 
           5310      1.62591e+8 
           5330      1.60604e+8 
           5350      1.58405e+8 
           5370      1.56744e+8 
           5390      1.54805e+8 
           5410      1.52839e+8 
           5430       1.5068e+8 
           5450      1.49018e+8 
           5470      1.47137e+8 
           5490      1.45542e+8 
           5510      1.43681e+8 
           5530      1.42027e+8 
           5550      1.40357e+8 
           5570      1.38635e+8 
           5590      1.37005e+8 
           5610        1.353e+8 
           5630      1.33853e+8 
           5650      1.31727e+8 
           5670      1.30343e+8 
           5690      1.29032e+8 
           5710      1.27622e+8 
           5730      1.26136e+8 
           5750      1.24656e+8 
           5770      1.23227e+8 
           5790       1.2176e+8 
           5810      1.20342e+8 
           5830      1.18964e+8 
           5850       1.1759e+8 
           5870      1.13904e+8 
           5890      1.14706e+8 
           5910      1.13597e+8 
           5930      1.12339e+8 
           5950       1.1083e+8 
           5970      1.09771e+8 
           5990       1.0842e+8 
           6010      1.07355e+8 
           6030      1.06137e+8 
           6050      1.04963e+8 
           6070      1.03781e+8 
           6090      1.02613e+8 
           6110      1.01509e+8 
           6130      1.00386e+8 
           6150      9.91219e+7 
           6170      9.81763e+7 
           6190      9.71211e+7 
           6210       9.6058e+7 
           6230      9.49755e+7 
           6250      9.38263e+7 
           6270      9.29539e+7 
           6290      9.19341e+7 
           6310      9.08971e+7 
           6330      8.99749e+7 
           6350      8.85503e+7 
           6370      8.77427e+7 
           6390      8.71047e+7 
           6410       8.6143e+7 
           6430      8.53065e+7 
           6450       8.4358e+7 
           6470      8.34901e+7 
           6490      8.25961e+7 
           6510      8.15942e+7 
           6530      8.04043e+7 
           6550      7.62135e+7 
           6570      6.63908e+7 
           6590      7.72535e+7 
           6610      7.73677e+7 
           6630      7.67816e+7 
           6650      7.60352e+7 
           6670      7.48177e+7 
           6690      7.40757e+7 
           6710      7.37193e+7 
           6730       7.2974e+7 
           6750      7.22413e+7 
           6770      7.15125e+7 
           6790      7.07486e+7 
           6810      7.00633e+7 
           6830      6.93402e+7 
           6850      6.86645e+7 
           6870       6.7986e+7 
           6890      6.73094e+7 
           6910       6.6637e+7 
           6930      6.59322e+7 
           6950      6.53263e+7 
           6970      6.46889e+7 
           6990      6.40471e+7 
           7010      6.34115e+7 
           7030      6.27942e+7 
           7050      6.21143e+7 
           7070      6.09838e+7 
           7090      6.09889e+7 
           7110      6.03818e+7 
           7130      5.98026e+7 
           7150      5.92267e+7 
           7170      5.86601e+7 
           7190      5.81055e+7 
           7210      5.75503e+7 
           7230      5.68113e+7 
           7250      5.64437e+7 
           7270      5.59221e+7 
           7290      5.51837e+7 
           7310      5.48659e+7 
           7330      5.43503e+7 
           7350       5.3843e+7 
           7370      5.33376e+7 
           7390      5.28381e+7 
           7410      5.23447e+7 
           7430      5.18347e+7 
           7450      5.13661e+7 
           7470      5.08721e+7 
           7490      5.04125e+7 
           7510      4.99454e+7 
           7530      4.94996e+7 
           7550      4.90454e+7 
           7570      4.85973e+7 
           7590      4.81494e+7 
           7610      4.77171e+7 
           7630      4.72809e+7 
           7650      4.68498e+7 
           7670      4.64265e+7 
           7690      4.60065e+7 
           7710      4.55912e+7 
           7730      4.51802e+7 
           7750      4.47755e+7 
           7770      4.41115e+7 
           7790      4.39793e+7 
           7810       4.3585e+7 
           7830      4.32034e+7 
           7850       4.2772e+7 
           7870      4.23883e+7 
           7890      4.19661e+7 
           7910      4.16993e+7 
           7930      4.13402e+7 
           7950       4.0931e+7 
           7970      4.06093e+7 
           7990      4.01809e+7 
           8010      3.99108e+7 
           8030       3.9563e+7 
           8050       3.9215e+7 
           8070      3.88804e+7 
           8090       3.8529e+7 
           8110       3.8196e+7 
           8130      3.78782e+7 
           8150      3.75412e+7 
           8170      3.72408e+7 
           8190       3.6903e+7 
           8210      3.65204e+7 
           8230       3.6223e+7 
           8250      3.59883e+7 
           8270      3.56492e+7 
           8290      3.53782e+7 
           8310      3.51018e+7 
           8330      3.48086e+7 
           8350      3.44611e+7 
           8370      3.41679e+7 
           8390       3.3878e+7 
           8410       3.3521e+7 
           8430      3.32239e+7 
           8450      3.28378e+7 
           8470      3.22706e+7 
           8490       3.2624e+7 
           8510       3.1483e+7 
           8530      3.24091e+7 
           8550      3.02416e+7 
           8570      3.24118e+7 
           8590      3.05674e+7 
           8610      3.00368e+7 
           8630      3.22055e+7 
           8650      3.11964e+7 
           8670      2.76791e+7 
           8690      3.15433e+7 
           8710      3.19189e+7 
           8730      3.09925e+7 
           8750      2.65228e+7 
           8770      2.98233e+7 
           8790      3.10741e+7 
           8810       3.0956e+7 
           8830      3.05108e+7 
           8850      2.84391e+7 
           8870      2.54212e+7 
           8890      2.93926e+7 
           8910       2.9714e+7 
           8930      2.95338e+7 
           8950      2.93643e+7 
           8970      2.90551e+7 
           8990       2.8299e+7 
           9010      2.44833e+7 
           9030      2.59786e+7 
           9050      2.79108e+7 
           9070       2.7802e+7 
           9090       2.7704e+7 
           9110       2.7597e+7 
           9130      2.73899e+7 
           9150      2.71789e+7 
           9170      2.68585e+7 
           9190      2.65303e+7 
           9210      2.54625e+7 
           9230      2.17089e+7 
           9250      2.48284e+7 
           9270       2.5514e+7 
           9290      2.56352e+7 
           9310      2.54669e+7 
           9330      2.53211e+7 
           9350      2.51315e+7 
           9370      2.49432e+7 
           9390      2.47452e+7 
           9410      2.44618e+7 
           9430      2.43696e+7 
           9450      2.41873e+7 
           9470       2.3923e+7 
           9490      2.37341e+7 
           9510      2.33261e+7 
           9530      2.22402e+7 
           9550      1.93263e+7 
           9570      2.22698e+7 
           9590      2.27452e+7 
           9610       2.2658e+7 
           9630      2.24575e+7 
           9650      2.24102e+7 
           9670       2.2231e+7 
           9690      2.20675e+7 
           9710      2.18888e+7 
           9730      2.17468e+7 
           9750       2.1582e+7 
           9770      2.14246e+7 
           9790      2.12648e+7 
           9810       2.1107e+7 
           9830      2.09456e+7 
           9850      2.07946e+7 
           9870      2.06404e+7 
           9890      2.04807e+7 
           9910      2.03245e+7 
           9930      2.01884e+7 
           9950      2.00408e+7 
           9970      1.98835e+7 
           9990      1.96881e+7 
          10025       1.8628e+7 
          10075      1.79091e+7 
          10125      1.87274e+7 
          10175       1.8463e+7 
          10225      1.81366e+7 
          10275      1.78175e+7 
          10325      1.74743e+7 
          10375       1.7196e+7 
          10425      1.68963e+7 
          10475      1.66011e+7 
          10525      1.63111e+7 
          10575      1.60323e+7 
          10625      1.57579e+7 
          10675      1.54602e+7 
          10725      1.52214e+7 
          10775      1.49653e+7 
          10825      1.46004e+7 
          10875      1.44123e+7 
          10925      1.30295e+7 
          10975      1.36373e+7 
          11025      1.37079e+7 
          11075      1.35254e+7 
          11125      1.33052e+7 
          11175      1.30865e+7 
          11225      1.28719e+7 
          11275      1.26441e+7 
          11325      1.24479e+7 
          11375      1.22583e+7 
          11425      1.20615e+7 
          11475      1.18694e+7 
          11525      1.16804e+7 
          11575       1.1495e+7 
          11625      1.13091e+7 
          11675      1.11317e+7 
          11725      1.09597e+7 
          11775      1.07777e+7 
          11825      1.06213e+7 
          11875      1.04554e+7 
          11925      1.02964e+7 
          11975      1.01071e+7 
          12025      9.98279e+6 
          12075      9.83052e+6 
          12125      9.68093e+6 
          12175      9.53475e+6 
          12225      9.39088e+6 
          12275      9.24953e+6 
          12325      9.11114e+6 
          12375      8.97543e+6 
          12425      8.84256e+6 
          12475       8.7084e+6 
          12525      8.57802e+6 
          12575      8.45514e+6 
          12625      8.33276e+6 
          12675      8.21203e+6 
          12725      8.08714e+6 
          12775      7.86745e+6 
          12825       7.2098e+6 
          12875      7.69184e+6 
          12925      7.63404e+6 
          12975      7.51466e+6 
          13025      7.42109e+6 
          13075       7.3162e+6 
          13125      7.21289e+6 
          13175      7.10964e+6 
          13225      7.01203e+6 
          13275       6.9142e+6 
          13325      6.81806e+6 
          13375       6.7236e+6 
          13425      6.62907e+6 
          13475      6.53931e+6 
          13525      6.44923e+6 
          13575      6.36154e+6 
          13625      6.27475e+6 
          13675      6.18907e+6 
          13725      6.10545e+6 
          13775       6.0237e+6 
          13825      5.94276e+6 
          13875      5.86322e+6 
          13925      5.78486e+6 
          13975      5.70805e+6 
          14025      5.63235e+6 
          14075        5.558e+6 
          14125      5.48473e+6 
          14175       5.4129e+6 
          14225      5.34215e+6 
          14275      5.27245e+6 
          14325      5.20395e+6 
          14375      5.13646e+6 
          14425      5.06868e+6 
          14475      5.00459e+6 
          14525      4.94019e+6 
          14570      4.88383e+6 
          14620      4.82174e+6 
          14675       4.7554e+6 
          14725      4.69589e+6 
          14775      4.63689e+6 
          14825       4.5796e+6 
          14875      4.52282e+6 
          14925      4.46688e+6 
          14975      4.41121e+6 
          15025      4.35655e+6 
          15075      4.29935e+6 
          15125      4.24725e+6 
          15175      4.19413e+6 
          15225      4.14436e+6 
          15275       4.0856e+6 
          15325      4.03317e+6 
          15375       3.9944e+6 
          15425      3.92135e+6 
          15475      3.89919e+6 
          15525      3.85287e+6 
          15575      3.75502e+6 
          15625      3.78875e+6 
          15675      3.69485e+6 
          15725       3.6083e+6 
          15775      3.66616e+6 
          15825      3.61927e+6 
          15875      3.41682e+6 
          15925      3.50874e+6 
          15975      3.51207e+6 
          16050      3.42534e+6 
          16150      3.26852e+6 
          16250      3.30917e+6 
          16350      3.19228e+6 
          16450      3.04457e+6 
          16550      3.09278e+6 
          16650      3.02419e+6 
          16750      2.91125e+6 
          16850      2.77702e+6 
          16950      2.82434e+6 
          17050      2.75839e+6 
          17150      2.70262e+6 
          17250      2.63985e+6 
          17350       2.4607e+6 
          17450      2.51671e+6 
          17550      2.47588e+6 
          17650      2.42311e+6 
          17750      2.37138e+6 
          17850      2.32147e+6 
          17950      2.27276e+6 
          18050      2.22197e+6 
          18150      2.08182e+6 
          18250      2.11325e+6 
          18350      2.08961e+6 
          18450      2.04699e+6 
          18550      2.00472e+6 
          18650      1.95696e+6 
          18750      1.84045e+6 
          18850      1.88215e+6 
          18950      1.84849e+6 
          19050      1.81025e+6 
          19150      1.77608e+6 
          19250       1.7411e+6 
          19350      1.70213e+6 
          19450      1.59335e+6 
          19550      1.63594e+6 
          19650      1.60967e+6 
          19750      1.57873e+6 
          19850      1.54862e+6 
          19950      1.51912e+6 
          20050      1.49042e+6 
          20150       1.4623e+6 
          20250      1.43485e+6 
          20350      1.40814e+6 
          20450      1.38188e+6 
          20550      1.35517e+6 
          20650      1.33138e+6 
          20750      1.30704e+6 
          20850      1.28317e+6 
          20950      1.25988e+6 
          21050      1.23714e+6 
          21150      1.21385e+6 
          21250      1.19311e+6 
          21350      1.17179e+6 
          21450      1.15098e+6 
          21550      1.12816e+6 
          21650      1.05965e+6 
          21750      1.08616e+6 
          21850      1.07222e+6 
          21950      1.05371e+6 
          22050      1.03558e+6 
          22150      1.01772e+6 
          22250       1.0003e+6 
          22350          983226 
          22450          966489 
          22550          950156 
          22650          934147 
          22750          918456 
          22850          903218 
          22950          888213 
          23050          873574 
          23150          859223 
          23250          845157 
          23350          831369 
          23450          817924 
          23550          804676 
          23650          791689 
          23750          778957 
          23850          766479 
          23950          754179 
          24050          742058 
          24150          730178 
          24250          718914 
          24350          707303 
          24450          695857 
          24550          685637 
          24650          674197 
          24750          663594 
          24850          655211 
          24950          640650 
          25050          635425 
          25150          625976 
          25250          609505 
          25350          606699 
          25450          598916 
          25550          588583 
          25650          570253 
          25750          571803 
          25850          564455 
          25950          556019 
          26050          544426 
          26150          525015 
          26250          507845 
          26350          521795 
          26450          517298 
          26550          510253 
          26650          500498 
          26750          477551 
          26850          486107 
          26950          481805 
          27050          474955 
          27150          468222 
          27250          461605 
          27350          455100 
          27450          447791 
          27550          426874 
          27650          430232 
          27750          429947 
          27850          424269 
          27950          418420 
          28050          412673 
          28150          407019 
          28250          401461 
          28350          395990 
          28450          390633 
          28550          385191 
          28650          376485 
          28750          359748 
          28850          368886 
          28950          365078 
          29050          360270 
          29150          355494 
          29250          350808 
          29350          346191 
          29450          341649 
          29550          337189 
          29650          332797 
          29750          328474 
          29850          324226 
          29950          320040 
          30050          315921 
          30150          311871 
          30250          307338 
          30350          293896 
          30450          294362 
          30550          296003 
          30650          292575 
          30750          288894 
          30850          285235 
          30950          281711 
          31050          278200 
          31150          274747 
          31250          271344 
          31350          267998 
          31450          264697 
          31550          261455 
          31650          258256 
          31750          255107 
          31850          252007 
          31950          248956 
          32100          244459 
          32300          238625 
          32500          232965 
          32700          227460 
          32900          216273 
          33100          215535 
          33300          211629 
          33500          206816 
          33700          202097 
          33900          197510 
          34100          193045 
          34300          188706 
          34500          184493 
          34700          180388 
          34900          176397 
          35100          172521 
          35300          168745 
          35500          165062 
          35700          161465 
          35900          158054 
          36100          154565 
          36300          151391 
          36500          148006 
          36700          145108 
          36900          141707 
          37100          139009 
          37300          134687 
          37500          130707 
          37700          130649 
          37900          128073 
          38100          124949 
          38300          122528 
          38500          120686 
          38700          118285 
          38900          115665 
          39100          112274 
          39300          111273 
          39500          109174 
          39700          107049 
          39900          104963 
          40100          102105 
          40300         99711.9 
          40500         96731.3 
          40700         97006.5 
          40900         95267.4 
          41100         93463.9 
          41300         91695.1 
          41500         89877.2 
          41700         86441.3 
          41900         86517.1 
          42100         85063.4 
          42300         83496.7 
          42500         81963.9 
          42700         80472.7 
          42900         78993.5 
          43100         77584.5 
          43300         76188.4 
          43500         74806.6 
          43700         71959.2 
          43900         71760.7 
          44100         70905.7 
          44300         69660.4 
          44500         68440.2 
          44700         67365.5 
          44900         66194.8 
          45100         65049.6 
          45300         63918.5 
          45500         62828.1 
          45700         61754.5 
          45900         60704.4 
          46100         59579.6 
          46300         58489.5 
          46500         56022.2 
          46700         55102.8 
          46900           55485 
          47100         54758.6 
          47300         53947.7 
          47500         53055.2 
          47700         52190.9 
          47900         51338.9 
          48100         50505.7 
          48300         49687.9 
          48500         48886.6 
          48700         48101.4 
          48900         47332.1 
          49100         46578.5 
          49300         45840.4 
          49500         45115.5 
          49700         44405.3 
          49900         43709.7 
          50100         43026.5 
          50300         42323.2 
          50500         41700.8 
          50700         41057.2 
          50900         40323.6 
          51100           39638 
          51300         38082.6 
          51500         38473.6 
          51700         37905.8 
          51900           37445 
          52100         36881.7 
          52300         36330.3 
          52500         35742.5 
          52700         35148.9 
          52900           34734 
          53100         34221.6 
          53300         33717.4 
          53500         33223.6 
          53700         32635.7 
          53900         32164.4 
          54100         31795.7 
          54300         31335.8 
          54500         30885.5 
          54700         30442.1 
          54900         30007.1 
          55100         29520.4 
          55300         28963.5 
          55500         28744.2 
          55700         28343.8 
          55900         27946.1 
          56100         27555.6 
          56300         27171.2 
          56500         26793.9 
          56700         26422.4 
          56900         26032.2 
          57100         25421.5 
          57300         25302.8 
          57500         25001.8 
          57700         24662.4 
          57900         24327.1 
          58100         23999.3 
          58300         23675.3 
          58500         23380.5 
          58700         23054.1 
          58900         22651.3 
          59100         21771.3 
          59300           22065 
          59500         21539.2 
          59700         21428.9 
          59900         21278.7 
          60100         21017.4 
          60300         20743.5 
          60500         20473.8 
          60700         20209.2 
          60900         19947.7 
          61100         19691.2 
          61300         19438.6 
          61500         19189.9 
          61700         18945.9 
          61900         18704.7 
          62100         18468.2 
          62300         18235.3 
          62500         18004.9 
          62700         17722.6 
          62900         17162.5 
          63100         17255.4 
          63300         17121.1 
          63500         16910.7 
          63700         16701.6 
          63900         16495.8 
          64200           16193 
          64600         15799.9 
          65000         15418.7 
          65400         15049.3 
          65800         14691.1 
          66200           14343 
          66600         14004.8 
          67000         13676.9 
          67400         13331.8 
          67800         12847.1 
          68200         12741.4 
          68600         12457.2 
          69000         12173.9 
          69400         11897.9 
          69800         11630.4 
          70200         11370.6 
          70600         11117.4 
          71000         10864.7 
          71400         10632.5 
          71800         10399.6 
          72200         10173.4 
          72600         9938.66 
          73000         9737.44 
          73400         9530.22 
          73800         9326.87 
          74200         9119.84 
          74600         8765.06 
          75000         8491.68 
          75400         8538.99 
          75800         8389.42 
          76200         8216.59 
          76600         8047.54 
          77000         7883.43 
          77400         7721.66 
          77800         7527.34 
          78200         7412.94 
          78600         7266.34 
          79000         7121.12 
          79400         6980.22 
          79800          6842.4 
          80200         6708.13 
          80600         6576.76 
          81000         6448.81 
          81400         6284.94 
          81800          6187.6 
          82200         6083.48 
          82600         5967.28 
          83000         5854.11 
          83400         5743.39 
          83800         5635.59 
          84200         5530.09 
          84600         5426.87 
          85000         5326.35 
          85400         5228.02 
          85800         5131.82 
          86200         5035.97 
          86600         4888.18 
          87000         4849.56 
          87400         4715.92 
          87800         4631.97 
          88200         4599.33 
          88600         4517.42 
          89000         4437.35 
          89400         4359.01 
          89800         4282.39 
          90200         4207.41 
          90600         4134.08 
          91000         4062.34 
          91400         3992.16 
          91800         3923.47 
          92200         3856.23 
          92600          3790.4 
          93000         3726.06 
          93400          3661.7 
          93800         3548.43 
          94200         3527.03 
          94600         3481.79 
          95000         3422.52 
          95400         3365.02 
          95800         3311.57 
          96200         3257.19 
          96600         3203.85 
          97000         3151.63 
          97400         3100.45 
          97800         3050.33 
          98200         2999.96 
          98600         2948.37 
          99000         2905.87 
          99400         2859.62 
          99800         2814.31 
         100200         2769.86 
         200000         175.019 
         400000         10.8065 
         600000         2.11199 
         800000        0.662868 
         1.0e+6         0.26984 
         1.2e+6        0.129509 
         1.4e+6       0.0696394 
         1.6e+6       0.0406914 
