# Kurucz ODFNEW /NOVER models
# teff = 5750 K (value for the effective temperature for the model. Temperatures are given in K)
# logg = 3.50 log(cm/s2) (value for Log(G) for the model.)
# meta = -0.5  (value for the Metallicity for the model.)
# lh = 1.25  (l/Hp where l is the  mixing length of the convective element and Hp is the pressure scale height)
# vtur = 2.0 km/s (Microturbulence velocity)
#
# column 1: WAVELENGTH (ANGSTROM), Wavelength in Angstrom
# column 2: FLUX (ERG/CM2/S/A), Flux in erg/cm2/s/A
              0               0 
           90.9               0 
           93.5               0 
           96.1               0 
           97.7               0 
           99.6               0 
            102               0 
          103.8               0 
          105.6               0 
          107.7               0 
          110.4               0 
            114               0 
          117.8               0 
          121.3               0 
          124.8               0 
          127.1               0 
          128.4               0 
          130.5               0 
          132.4               0 
          133.9               0 
          136.6               0 
          139.8               0 
          143.3               0 
          147.2               0 
            151               0 
          155.2               0 
          158.8               0 
            162               0 
            166               0 
          170.3               0 
          173.4               0 
          176.8               0 
          180.2               0 
          181.7               0 
          186.1               0 
            191               0 
          193.9               0 
          198.4               0 
          201.8               0 
            205               0 
          210.5               0 
          216.2               0 
          219.8               0 
            223               0 
          226.8               0 
            230               0 
            234               0 
            240               0 
          246.5               0 
          252.4               0 
          256.8               0 
            260               0 
            264               0 
          268.5               0 
          273.5               0 
          278.5               0 
            284               0 
            290               0 
            296               0 
            301               0 
            308               0 
            318               0 
            328               0 
            338               0 
            348               0 
            357               0 
            366               0 
            375               0 
            385               0 
            395               0 
            405               0 
            414               0 
            422               0 
            430               0 
            441               0 
            451               0 
            460               0 
            470     8.43184e-25 
            480     3.84628e-24 
            490     1.64421e-23 
            500     6.60302e-23 
            506     1.96696e-22 
            512     4.84522e-22 
            520     1.33745e-21 
            530     4.57507e-21 
            540     1.46868e-20 
            550     4.55873e-20 
            560     1.34763e-19 
            570     3.82481e-19 
            580      1.0331e-18 
            590     2.74912e-18 
            600     6.98939e-18 
            610     1.71964e-17 
            620     4.09933e-17 
            630     9.48594e-17 
            640     2.13484e-16 
            650     4.67646e-16 
            658      8.5952e-16 
            665     1.44456e-15 
            675     2.97358e-15 
            685     5.98266e-15 
            695     1.17732e-14 
            705      2.2658e-14 
            716     4.56068e-14 
            726     8.43412e-14 
            735     1.44409e-13 
            745     2.58147e-13 
            755     4.53721e-13 
            765     7.84908e-13 
            775     1.33625e-12 
            785     2.24195e-12 
            795     3.69182e-12 
            805     6.03674e-12 
            815     9.72419e-12 
            825     1.54506e-11 
            835      2.4251e-11 
            845     3.76132e-11 
            855     5.76774e-11 
            865     8.74627e-11 
            875     1.31143e-10 
            885     1.94882e-10 
            895     2.86593e-10 
            905     4.17371e-10 
            915      1.55016e-6 
            925      5.49448e-6 
            935      8.05581e-6 
            945      1.17918e-5 
            955      1.77343e-5 
            965      2.54982e-5 
            975      3.61733e-5 
            985       5.1266e-5 
            995      7.18698e-5 
           1005     0.000102188 
           1015     0.000141064 
           1025     0.000184918 
           1035     0.000265639 
           1045     0.000360989 
           1055     0.000486116 
           1065     0.000651575 
           1075     0.000869662 
           1085      0.00115404 
           1095      0.00151823 
           1105      0.00422171 
           1115       0.0138917 
           1125       0.0214681 
           1135       0.0334406 
           1145       0.0439969 
           1155         0.05042 
           1165        0.066515 
           1175       0.0816125 
           1185       0.0891427 
           1195       0.0475495 
           1205       0.0370549 
           1215       0.0195268 
           1225       0.0506691 
           1235         0.13169 
           1245         0.27146 
           1255        0.416286 
           1265        0.475108 
           1275        0.637716 
           1285        0.815325 
           1295         1.01242 
           1305          1.0823 
           1315         1.39224 
           1325         1.55821 
           1335         1.78912 
           1345         2.07217 
           1355         2.39372 
           1365         2.65701 
           1375         2.95666 
           1385         3.31202 
           1395         3.75274 
           1405         4.47623 
           1415         5.04314 
           1425         5.67072 
           1435          6.5519 
           1442         8.07755 
           1447         7.55129 
           1455         8.80973 
           1465         10.4187 
           1475         10.5269 
           1485         12.3567 
           1495         15.8658 
           1505         18.9677 
           1512         16.1659 
           1517         20.4958 
           1525         26.5163 
           1535         67.9552 
           1545         72.6529 
           1555          105.96 
           1565         101.816 
           1575         161.725 
           1585         194.197 
           1595         224.585 
           1605         245.135 
           1615         285.297 
           1625          326.48 
           1635         383.815 
           1645         532.416 
           1655         335.726 
           1665         618.061 
           1672         439.289 
           1677         696.589 
           1685         1132.36 
           1695          1624.4 
           1705         1950.51 
           1715         2260.59 
           1725         3007.52 
           1735         4274.89 
           1745          5733.8 
           1755         9177.85 
           1765          7176.1 
           1775         9592.28 
           1785         12624.2 
           1795           19062 
           1805         14961.6 
           1815         13340.2 
           1825         16194.1 
           1835         19421.5 
           1845           11221 
           1855         21705.9 
           1865         30555.7 
           1875           31718 
           1885         35027.5 
           1895         44143.5 
           1905         39928.5 
           1915         43576.6 
           1925         34805.9 
           1935         17595.8 
           1945         54026.5 
           1955         56439.2 
           1967         74828.2 
           1976           61637 
           1984         62913.5 
           1995         75196.9 
           2005         79260.9 
           2015         87181.4 
           2025         68288.8 
           2035          105499 
           2045          125405 
           2055          114428 
           2065          111555 
           2074          117377 
           2078          214544 
           2085          220731 
           2095          332515 
           2105          465991 
           2115          570751 
           2125          459012 
           2135          433143 
           2145          617626 
           2155          638579 
           2165          546630 
           2175          578495 
           2185          739570 
           2195          761542 
           2205          716147 
           2215          493389 
           2225          626449 
           2235          878848 
           2245          823869 
           2255          575308 
           2265          536829 
           2275          666490 
           2285          857835 
           2295          691315 
           2305          889526 
           2315          729317 
           2325          682927 
           2335          408845 
           2345          226934 
           2355          622219 
           2365          260663 
           2375          406402 
           2385          162581 
           2395          242719 
           2405          237410 
           2415          372039 
           2425          806553 
           2435          823704 
           2445      1.02816e+6 
           2455      1.07105e+6 
           2465          919532 
           2475          796312 
           2485          429102 
           2495          611724 
           2505          963044 
           2513          404879 
           2518          237994 
           2525          249114 
           2535          385704 
           2545          533616 
           2555      1.07253e+6 
           2565          807374 
           2575      1.05571e+6 
           2585          863711 
           2595          734659 
           2605          545874 
           2615          492571 
           2625          749784 
           2635      1.49542e+6 
           2645      2.18919e+6 
           2655      2.76248e+6 
           2665      1.84354e+6 
           2675       2.1243e+6 
           2685      2.37653e+6 
           2695      1.77441e+6 
           2705      2.17671e+6 
           2715       1.5379e+6 
           2725      1.35688e+6 
           2735      1.62583e+6 
           2745          735610 
           2755      1.11421e+6 
           2765      1.52087e+6 
           2775      1.71017e+6 
           2785          825811 
           2795          242395 
           2805          318074 
           2815       1.3808e+6 
           2825      2.33696e+6 
           2835      2.22971e+6 
           2845      1.66535e+6 
           2855          771483 
           2865      2.22461e+6 
           2875      2.71367e+6 
           2885      2.42218e+6 
           2895      2.67608e+6 
           2910      3.49027e+6 
           2930      3.16173e+6 
           2950      3.09158e+6 
           2970      3.35222e+6 
           2990       3.3369e+6 
           3010      3.52664e+6 
           3030      3.57946e+6 
           3050      3.76584e+6 
           3070      3.61852e+6 
           3090      3.58261e+6 
           3110      3.72786e+6 
           3130      3.56777e+6 
           3150      3.41284e+6 
           3170      3.70373e+6 
           3190      3.36622e+6 
           3210       3.7764e+6 
           3230      3.24603e+6 
           3250      4.16124e+6 
           3270      4.72848e+6 
           3290      4.60223e+6 
           3310      4.51961e+6 
           3330      4.50729e+6 
           3350      4.40899e+6 
           3370      3.58189e+6 
           3390      4.15506e+6 
           3410      4.29764e+6 
           3430      4.54995e+6 
           3450      4.67808e+6 
           3470      4.74257e+6 
           3490      4.96582e+6 
           3510      5.18062e+6 
           3530      4.87627e+6 
           3550      5.56256e+6 
           3570      4.61776e+6 
           3590      4.58371e+6 
           3610       4.8918e+6 
           3630      4.92838e+6 
           3640      4.94571e+6 
           3650      5.47061e+6 
           3670      5.47409e+6 
           3690      5.33936e+6 
           3710      5.77955e+6 
           3730      5.13556e+6 
           3750      5.69792e+6 
           3770      6.35461e+6 
           3790      6.67875e+6 
           3810      6.94466e+6 
           3830      5.25536e+6 
           3850      6.47983e+6 
           3870      6.35668e+6 
           3890      6.18793e+6 
           3910      6.91037e+6 
           3930      3.91148e+6 
           3950      6.40701e+6 
           3970        4.439e+6 
           3990      7.81118e+6 
           4010      8.24936e+6 
           4030      8.21221e+6 
           4050       8.0631e+6 
           4070      7.93515e+6 
           4090      8.52277e+6 
           4110      8.09167e+6 
           4130      8.46428e+6 
           4150      8.56993e+6 
           4170      8.53599e+6 
           4190      8.26738e+6 
           4210      8.25341e+6 
           4230      7.96606e+6 
           4250      8.00347e+6 
           4270      7.68818e+6 
           4290      7.01155e+6 
           4310      5.90117e+6 
           4330      8.02733e+6 
           4350      7.61605e+6 
           4370      8.34247e+6 
           4390      7.85945e+6 
           4410      8.30806e+6 
           4430      8.72732e+6 
           4450      8.61747e+6 
           4470      8.87596e+6 
           4490      8.97702e+6 
           4510      9.50063e+6 
           4530      8.84322e+6 
           4550      9.00768e+6 
           4570      9.44871e+6 
           4590      9.05127e+6 
           4610       9.2599e+6 
           4630      9.15953e+6 
           4650      9.21943e+6 
           4670      9.38003e+6 
           4690      9.27213e+6 
           4710      9.00726e+6 
           4730      9.28754e+6 
           4750      9.35694e+6 
           4770      9.31275e+6 
           4790      9.26584e+6 
           4810      9.23828e+6 
           4830      9.25109e+6 
           4850      8.83365e+6 
           4870      7.95194e+6 
           4890      8.94871e+6 
           4910      8.92941e+6 
           4930      8.78689e+6 
           4950      9.00433e+6 
           4970      9.10632e+6 
           4990       8.6351e+6 
           5010       8.3697e+6 
           5030      8.74504e+6 
           5050       8.7028e+6 
           5070      8.93471e+6 
           5090      8.69248e+6 
           5110      8.76206e+6 
           5130      8.60482e+6 
           5150      8.40219e+6 
           5170      8.07404e+6 
           5190      8.07779e+6 
           5210       8.3333e+6 
           5230      8.43484e+6 
           5250      8.60359e+6 
           5270      7.96722e+6 
           5290      8.52379e+6 
           5310      8.64808e+6 
           5330      8.15591e+6 
           5350      8.51135e+6 
           5370      8.45996e+6 
           5390      8.38951e+6 
           5410      8.21653e+6 
           5430       8.3125e+6 
           5450       8.4289e+6 
           5470      8.33126e+6 
           5490      8.31891e+6 
           5510      8.30368e+6 
           5530      8.31112e+6 
           5550       8.3768e+6 
           5570      8.18877e+6 
           5590      8.08855e+6 
           5610      8.17822e+6 
           5630      8.23098e+6 
           5650      8.18733e+6 
           5670      8.04943e+6 
           5690      8.11988e+6 
           5710      7.98857e+6 
           5730      8.24441e+6 
           5750      8.09224e+6 
           5770      8.11196e+6 
           5790      7.99511e+6 
           5810      8.05377e+6 
           5830      8.08019e+6 
           5850      7.94972e+6 
           5870      7.94648e+6 
           5890      7.65568e+6 
           5910      7.87252e+6 
           5930      7.84209e+6 
           5950       7.8346e+6 
           5970      7.81388e+6 
           5990       7.7574e+6 
           6010      7.67163e+6 
           6030      7.65637e+6 
           6050      7.72214e+6 
           6070      7.67184e+6 
           6090      7.58061e+6 
           6110      7.51169e+6 
           6130      7.33169e+6 
           6150      7.36596e+6 
           6170      7.23201e+6 
           6190       7.4109e+6 
           6210       7.4076e+6 
           6230      7.27914e+6 
           6250      7.10766e+6 
           6270      7.29554e+6 
           6290      7.28703e+6 
           6310       7.1389e+6 
           6330      7.15272e+6 
           6350      7.16417e+6 
           6370      7.12936e+6 
           6390      7.11192e+6 
           6410      6.99068e+6 
           6430      7.01553e+6 
           6450      6.95803e+6 
           6470       6.9366e+6 
           6490      6.83326e+6 
           6510      6.92317e+6 
           6530      6.91759e+6 
           6550      6.72833e+6 
           6570       6.0317e+6 
           6590      6.75897e+6 
           6610      6.80601e+6 
           6630      6.78086e+6 
           6650      6.74746e+6 
           6670      6.67809e+6 
           6690      6.71868e+6 
           6710       6.6357e+6 
           6730      6.65045e+6 
           6750      6.59169e+6 
           6770       6.5716e+6 
           6790      6.54447e+6 
           6810      6.50439e+6 
           6830      6.49971e+6 
           6850      6.41613e+6 
           6870      6.42335e+6 
           6890       6.4143e+6 
           6910      6.37281e+6 
           6930      6.34736e+6 
           6950      6.31183e+6 
           6970      6.29882e+6 
           6990      6.26647e+6 
           7010      6.16568e+6 
           7030      6.19008e+6 
           7050      6.18169e+6 
           7070      6.14098e+6 
           7090      6.11118e+6 
           7110       6.0869e+6 
           7130      6.02784e+6 
           7150      5.99387e+6 
           7170      5.97315e+6 
           7190      5.87911e+6 
           7210      5.90234e+6 
           7230      5.89677e+6 
           7250      5.89524e+6 
           7270      5.86784e+6 
           7290      5.77415e+6 
           7310      5.79421e+6 
           7330       5.7657e+6 
           7350      5.76333e+6 
           7370      5.75281e+6 
           7390      5.66047e+6 
           7410      5.58726e+6 
           7430      5.61415e+6 
           7450      5.60576e+6 
           7470      5.60846e+6 
           7490      5.56016e+6 
           7510      5.54481e+6 
           7530      5.53054e+6 
           7550      5.52613e+6 
           7570      5.48087e+6 
           7590       5.4543e+6 
           7610      5.42984e+6 
           7630      5.41779e+6 
           7650      5.39276e+6 
           7670      5.30072e+6 
           7690      5.34332e+6 
           7710      5.28102e+6 
           7730      5.27863e+6 
           7750      5.22835e+6 
           7770      5.23884e+6 
           7790      5.23024e+6 
           7810      5.21003e+6 
           7830      5.15799e+6 
           7850      5.14201e+6 
           7870      5.14864e+6 
           7890      5.12052e+6 
           7910      5.07702e+6 
           7930      5.00866e+6 
           7950       4.9982e+6 
           7970      5.02743e+6 
           7990      5.00968e+6 
           8010      4.95767e+6 
           8030      4.94322e+6 
           8050      4.90469e+6 
           8070       4.9127e+6 
           8090      4.85223e+6 
           8110      4.86731e+6 
           8130      4.85556e+6 
           8150      4.82795e+6 
           8170      4.80495e+6 
           8190      4.71085e+6 
           8210      4.71445e+6 
           8230      4.68672e+6 
           8250      4.69112e+6 
           8270      4.70168e+6 
           8290      4.67442e+6 
           8310      4.62376e+6 
           8330      4.57522e+6 
           8350      4.59462e+6 
           8370      4.58404e+6 
           8390      4.52174e+6 
           8410      4.54581e+6 
           8430        4.489e+6 
           8450      4.48331e+6 
           8470      4.44577e+6 
           8490      4.41157e+6 
           8510      4.23073e+6 
           8530      4.36384e+6 
           8550      3.84091e+6 
           8570      4.39655e+6 
           8590      4.32777e+6 
           8610       4.2918e+6 
           8630      4.33611e+6 
           8650      4.28865e+6 
           8670      3.79759e+6 
           8690      4.21574e+6 
           8710      4.25385e+6 
           8730      4.23133e+6 
           8750      4.08656e+6 
           8770      4.20201e+6 
           8790      4.18088e+6 
           8810      4.12463e+6 
           8830      4.13225e+6 
           8850      4.10413e+6 
           8870      3.96137e+6 
           8890       4.1026e+6 
           8910      4.08962e+6 
           8930      4.04249e+6 
           8950      4.03509e+6 
           8970      4.02924e+6 
           8990      4.01692e+6 
           9010      3.81546e+6 
           9030       3.9405e+6 
           9050      3.97813e+6 
           9070      3.91418e+6 
           9090      3.83656e+6 
           9110      3.87461e+6 
           9130       3.8994e+6 
           9150      3.87913e+6 
           9170      3.85842e+6 
           9190      3.85116e+6 
           9210      3.77879e+6 
           9230      3.62491e+6 
           9250      3.72729e+6 
           9270      3.75838e+6 
           9290      3.75742e+6 
           9310      3.75139e+6 
           9330      3.73005e+6 
           9350      3.71149e+6 
           9370      3.69113e+6 
           9390      3.68232e+6 
           9410      3.57784e+6 
           9430      3.63552e+6 
           9450       3.6074e+6 
           9470      3.62107e+6 
           9490      3.61094e+6 
           9510      3.58798e+6 
           9530      3.55605e+6 
           9550      3.39656e+6 
           9570      3.52355e+6 
           9590        3.532e+6 
           9610      3.50077e+6 
           9630      3.47331e+6 
           9650      3.46224e+6 
           9670      3.43859e+6 
           9690      3.44944e+6 
           9710      3.43889e+6 
           9730      3.42465e+6 
           9750      3.39206e+6 
           9770      3.39008e+6 
           9790      3.37207e+6 
           9810      3.36937e+6 
           9830      3.35381e+6 
           9850      3.34005e+6 
           9870      3.31666e+6 
           9890      3.29958e+6 
           9910      3.28624e+6 
           9930      3.28779e+6 
           9950      3.27445e+6 
           9970      3.26183e+6 
           9990       3.2466e+6 
          10025      3.20049e+6 
          10075      3.13145e+6 
          10125       3.1483e+6 
          10175      3.10663e+6 
          10225      3.08447e+6 
          10275      3.06115e+6 
          10325      3.01001e+6 
          10375      2.98579e+6 
          10425      2.96627e+6 
          10475      2.91621e+6 
          10525      2.90337e+6 
          10575      2.86604e+6 
          10625      2.83215e+6 
          10675      2.77266e+6 
          10725      2.77045e+6 
          10775      2.73821e+6 
          10825      2.69606e+6 
          10875      2.67687e+6 
          10925      2.59889e+6 
          10975      2.61042e+6 
          11025      2.61159e+6 
          11075      2.59706e+6 
          11125      2.56488e+6 
          11175      2.53713e+6 
          11225      2.52256e+6 
          11275      2.47626e+6 
          11325      2.46158e+6 
          11375      2.44007e+6 
          11425      2.40552e+6 
          11475       2.4066e+6 
          11525      2.38452e+6 
          11575      2.35392e+6 
          11625      2.31535e+6 
          11675      2.29824e+6 
          11725      2.29871e+6 
          11775      2.24994e+6 
          11825      2.23359e+6 
          11875      2.20753e+6 
          11925      2.21666e+6 
          11975      2.15697e+6 
          12025      2.15976e+6 
          12075      2.13607e+6 
          12125      2.12407e+6 
          12175      2.11688e+6 
          12225      2.09733e+6 
          12275      2.07208e+6 
          12325      2.05882e+6 
          12375      2.03899e+6 
          12425      2.02072e+6 
          12475      2.00629e+6 
          12525      1.98579e+6 
          12575      1.96667e+6 
          12625      1.94921e+6 
          12675      1.93222e+6 
          12725      1.92011e+6 
          12775      1.89849e+6 
          12825      1.79111e+6 
          12875      1.86477e+6 
          12925      1.85003e+6 
          12975      1.83974e+6 
          13025      1.82093e+6 
          13075      1.80961e+6 
          13125      1.78435e+6 
          13175      1.76732e+6 
          13225      1.76427e+6 
          13275      1.74036e+6 
          13325      1.73174e+6 
          13375      1.71664e+6 
          13425      1.70741e+6 
          13475      1.69282e+6 
          13525      1.67863e+6 
          13575      1.65726e+6 
          13625       1.6482e+6 
          13675      1.63508e+6 
          13725      1.61803e+6 
          13775      1.60825e+6 
          13825      1.59674e+6 
          13875      1.58619e+6 
          13925      1.57321e+6 
          13975      1.56056e+6 
          14025      1.54363e+6 
          14075       1.5367e+6 
          14125      1.51723e+6 
          14175       1.5134e+6 
          14225      1.48943e+6 
          14275       1.4724e+6 
          14325      1.47563e+6 
          14375      1.46856e+6 
          14425      1.42945e+6 
          14475      1.44424e+6 
          14525      1.41767e+6 
          14570      1.41617e+6 
          14620      1.40664e+6 
          14675      1.39748e+6 
          14725      1.37795e+6 
          14775      1.36867e+6 
          14825      1.36146e+6 
          14875      1.33665e+6 
          14925      1.34931e+6 
          14975      1.33222e+6 
          15025      1.30721e+6 
          15075      1.29811e+6 
          15125      1.30457e+6 
          15175      1.29729e+6 
          15225      1.27935e+6 
          15275      1.27422e+6 
          15325      1.26335e+6 
          15375      1.25392e+6 
          15425      1.24205e+6 
          15475      1.23632e+6 
          15525      1.22412e+6 
          15575      1.20703e+6 
          15625      1.21188e+6 
          15675      1.18927e+6 
          15725       1.1755e+6 
          15775      1.16107e+6 
          15825      1.16388e+6 
          15875      1.11698e+6 
          15925      1.14361e+6 
          15975      1.14073e+6 
          16050       1.1225e+6 
          16150      1.08603e+6 
          16250      1.09392e+6 
          16350      1.06176e+6 
          16450      1.02085e+6 
          16550       1.0338e+6 
          16650      1.01312e+6 
          16750          977629 
          16850          935367 
          16950          954365 
          17050          929623 
          17150          911294 
          17250          888936 
          17350          832662 
          17450          850313 
          17550          840615 
          17650          823038 
          17750          807587 
          17850          792981 
          17950          778417 
          18050          760705 
          18150          715029 
          18250          724610 
          18350          717484 
          18450          700687 
          18550          689813 
          18650          673337 
          18750          627232 
          18850          648076 
          18950          630595 
          19050          627741 
          19150          614925 
          19250          603977 
          19350          589251 
          19450          552961 
          19550          569075 
          19650          559997 
          19750          547880 
          19850          539956 
          19950          530222 
          20050          522283 
          20150          514033 
          20250          502878 
          20350          492016 
          20450          486980 
          20550          477890 
          20650          467724 
          20750          460691 
          20850          452971 
          20950          443489 
          21050          437715 
          21150          429642 
          21250          422315 
          21350          415431 
          21450          408974 
          21550          401470 
          21650          377804 
          21750          385974 
          21850          380712 
          21950          376042 
          22050          367764 
          22150          363214 
          22250          357308 
          22350          351480 
          22450          345859 
          22550          339212 
          22650          334086 
          22750          329400 
          22850          323212 
          22950          317885 
          23050          313799 
          23150          308471 
          23250          302883 
          23350          298297 
          23450          294553 
          23550          288565 
          23650          285214 
          23750          280226 
          23850          274953 
          23950          272005 
          24050          267820 
          24150          262790 
          24250          259461 
          24350          255283 
          24450          251585 
          24550          246864 
          24650          244537 
          24750          240252 
          24850          235736 
          24950          233142 
          25050          230492 
          25150          226798 
          25250          223121 
          25350          220449 
          25450          217004 
          25550          213693 
          25650          209431 
          25750          208313 
          25850          204038 
          25950          202233 
          26050          199212 
          26150          194689 
          26250          186489 
          26350          190296 
          26450          187896 
          26550          185313 
          26650          181883 
          26750          178430 
          26850          178310 
          26950          175957 
          27050          173526 
          27150          171131 
          27250          168807 
          27350          166552 
          27450          164351 
          27550          159562 
          27650          159104 
          27750          157691 
          27850          155627 
          27950          153657 
          28050          151577 
          28150          149637 
          28250          147631 
          28350          145780 
          28450          143617 
          28550          141882 
          28650          139641 
          28750          135417 
          28850          136299 
          28950          134689 
          29050          132942 
          29150          131216 
          29250          129334 
          29350          127899 
          29450          126154 
          29550          124680 
          29650          123100 
          29750          121541 
          29850          120069 
          29950          118449 
          30050          116970 
          30150          115594 
          30250          114111 
          30350          110608 
          30450          110552 
          30550          109935 
          30650          108493 
          30750          107334 
          30850          105860 
          30950          104587 
          31050          103433 
          31150          101699 
          31250          100899 
          31350         99684.9 
          31450           98534 
          31550         97142.1 
          31650         96186.9 
          31750         94969.2 
          31850         93894.4 
          31950         92853.8 
          32100         91147.1 
          32300         89046.8 
          32500         86991.4 
          32700         84979.2 
          32900         81916.5 
          33100         81001.8 
          33300         79172.2 
          33500         77534.7 
          33700         75744.7 
          33900         73965.4 
          34100         72322.5 
          34300         70895.8 
          34500         69363.9 
          34700         67856.5 
          34900         66400.4 
          35100         64961.1 
          35300         63519.4 
          35500         62219.8 
          35700           60845 
          35900         59566.7 
          36100         58396.9 
          36300         57157.5 
          36500         55879.5 
          36700           54710 
          36900         53479.4 
          37100         52417.2 
          37300         51258.2 
          37500         49807.5 
          37700         49386.3 
          37900         48399.7 
          38100         47420.6 
          38300         46528.4 
          38500         45642.2 
          38700         44706.3 
          38900         43819.8 
          39100         42963.6 
          39300         42180.8 
          39500         41322.5 
          39700         40575.1 
          39900         39693.7 
          40100           38952 
          40300         38246.3 
          40500         37168.9 
          40700         36845.4 
          40900         36170.6 
          41100         35525.1 
          41300           34888 
          41500         34209.3 
          41700         33496.1 
          41900           32982 
          42100         32303.8 
          42300         31834.7 
          42500         31229.4 
          42700         30695.7 
          42900         29980.1 
          43100         29301.1 
          43300         28840.2 
          43500         28127.6 
          43700         27466.3 
          43900         27150.2 
          44100         26458.9 
          44300         26080.4 
          44500         25654.4 
          44700         25048.2 
          44900         24737.8 
          45100         24300.3 
          45300         23779.6 
          45500         23463.6 
          45700         23114.4 
          45900         22609.4 
          46100         22328.6 
          46300         21948.1 
          46500         21477.4 
          46700           21204 
          46900         20958.5 
          47100         20631.4 
          47300         20356.3 
          47500         20006.6 
          47700         19686.8 
          47900           19398 
          48100         19049.7 
          48300         18811.6 
          48500         18496.6 
          48700         18203.6 
          48900         17927.4 
          49100         17661.3 
          49300         17380.3 
          49500           17111 
          49700         16845.5 
          49900           16620 
          50100         16328.4 
          50300         16118.4 
          50500         15831.5 
          50700           15613 
          50900         15403.3 
          51100         15145.9 
          51300           14862 
          51500         14708.4 
          51700         14528.6 
          51900         14281.2 
          52100         14067.6 
          52300         13862.5 
          52500         13679.1 
          52700         13493.4 
          52900         13265.2 
          53100         13100.7 
          53300         12901.1 
          53500         12730.2 
          53700           12545 
          53900         12374.7 
          54100         12203.5 
          54300         12008.4 
          54500         11866.7 
          54700           11689 
          54900         11526.4 
          55100         11381.2 
          55300         11231.6 
          55500         11059.6 
          55700         10932.4 
          55900         10757.2 
          56100         10623.7 
          56300         10476.3 
          56500         10351.1 
          56700         10213.3 
          56900         10062.2 
          57100         9934.13 
          57300         9808.13 
          57500          9676.1 
          57700         9547.91 
          57900         9425.21 
          58100         9298.69 
          58300         9178.81 
          58500         9063.33 
          58700         8939.36 
          58900         8818.04 
          59100            8667 
          59300         8599.22 
          59500         8468.81 
          59700         8380.13 
          59900         8274.51 
          60100         8166.74 
          60300         8065.74 
          60500         7962.46 
          60700         7859.15 
          60900         7758.27 
          61100         7653.85 
          61300          7567.6 
          61500         7474.94 
          61700         7381.52 
          61900         7290.44 
          62100         7199.91 
          62300         7100.76 
          62500         7018.26 
          62700         6932.82 
          62900         6838.45 
          63100          6760.8 
          63300         6685.91 
          63500         6603.02 
          63700         6522.91 
          63900         6442.57 
          64200         6328.56 
          64600         6175.25 
          65000         6027.87 
          65400         5888.91 
          65800         5751.76 
          66200         5616.25 
          66600         5487.25 
          67000         5359.99 
          67400         5235.79 
          67800         5112.54 
          68200         5001.98 
          68600         4889.29 
          69000         4779.74 
          69400         4672.18 
          69800         4569.83 
          70200         4466.91 
          70600         4370.85 
          71000          4275.7 
          71400         4182.79 
          71800         4092.47 
          72200         4004.24 
          72600         3918.71 
          73000         3836.23 
          73400         3754.03 
          73800         3676.12 
          74200         3598.53 
          74600         3511.32 
          75000         3438.11 
          75400         3379.86 
          75800         3311.06 
          76200         3243.48 
          76600         3177.98 
          77000         3113.34 
          77400         3051.38 
          77800         2990.52 
          78200         2931.11 
          78600         2873.12 
          79000         2816.57 
          79400         2761.44 
          79800         2707.61 
          80200         2654.84 
          80600         2603.33 
          81000         2553.91 
          81400         2504.03 
          81800         2456.96 
          82200         2410.92 
          82600         2365.37 
          83000         2321.08 
          83400         2277.21 
          83800         2235.24 
          84200         2194.18 
          84600         2153.74 
          85000         2114.33 
          85400         2075.77 
          85800         2037.98 
          86200         2001.06 
          86600         1964.79 
          87000         1930.04 
          87400         1894.17 
          87800         1860.48 
          88200         1828.68 
          88600         1796.51 
          89000         1764.99 
          89400         1734.38 
          89800         1703.83 
          90200         1674.72 
          90600         1646.15 
          91000         1617.38 
          91400         1589.81 
          91800         1563.11 
          92200         1536.73 
          92600         1510.74 
          93000         1485.53 
          93400         1460.49 
          93800         1435.47 
          94200         1412.56 
          94600         1388.98 
          95000         1366.37 
          95400         1343.84 
          95800         1321.85 
          96200         1300.46 
          96600          1279.3 
          97000         1258.96 
          97400         1238.27 
          97800          1218.4 
          98200         1199.47 
          98600         1180.45 
          99000         1161.75 
          99400         1143.23 
          99800         1125.65 
         100200         1108.09 
         200000         72.0488 
         400000         4.54314 
         600000         0.89488 
         800000        0.281818 
         1.0e+6        0.114873 
         1.2e+6       0.0551465 
         1.4e+6       0.0296406 
         1.6e+6        0.017309 
