# Kurucz ODFNEW /NOVER models
# teff = 12000 K (value for the effective temperature for the model. Temperatures are given in K)
# logg = 3.00 log(cm/s2) (value for Log(G) for the model.)
# meta = -0.5  (value for the Metallicity for the model.)
# lh = 1.25  (l/Hp where l is the  mixing length of the convective element and Hp is the pressure scale height)
# vtur = 2.0 km/s (Microturbulence velocity)
#
# column 1: WAVELENGTH (ANGSTROM), Wavelength in Angstrom
# column 2: FLUX (ERG/CM2/S/A), Flux in erg/cm2/s/A
              0               0 
           90.9               0 
           93.5               0 
           96.1               0 
           97.7               0 
           99.6               0 
            102               0 
          103.8               0 
          105.6               0 
          107.7               0 
          110.4               0 
            114               0 
          117.8               0 
          121.3               0 
          124.8               0 
          127.1               0 
          128.4               0 
          130.5               0 
          132.4               0 
          133.9               0 
          136.6               0 
          139.8               0 
          143.3               0 
          147.2               0 
            151               0 
          155.2               0 
          158.8               0 
            162               0 
            166               0 
          170.3               0 
          173.4               0 
          176.8               0 
          180.2               0 
          181.7               0 
          186.1               0 
            191               0 
          193.9               0 
          198.4               0 
          201.8               0 
            205               0 
          210.5               0 
          216.2               0 
          219.8               0 
            223               0 
          226.8     5.27161e-23 
            230     1.75553e-22 
            234     6.78131e-22 
            240     4.54857e-21 
          246.5     3.23779e-20 
          252.4     1.76616e-19 
          256.8     5.95376e-19 
            260     1.40694e-18 
            264     4.01893e-18 
          268.5     1.26033e-17 
          273.5     4.29627e-17 
          278.5     1.40434e-16 
            284     4.91138e-16 
            290       1.829e-15 
            296     6.47375e-15 
            301     1.78891e-14 
            308     6.98666e-14 
            318     4.41277e-13 
            328     2.50213e-12 
            338     1.27495e-11 
            348     5.89746e-11 
            357     2.18106e-10 
            366     7.55255e-10 
            375      2.45487e-9 
            385       8.4966e-9 
            395      2.76055e-8 
            405      8.46344e-8 
            414       2.2079e-7 
            422      4.98975e-7 
            430      1.09237e-6 
            441      3.06625e-6 
            451      7.48789e-6 
            460      1.61376e-5 
            470      3.64946e-5 
            480      7.96465e-5 
            490     0.000168375 
            500     0.000344602 
            506      0.00267514 
            512      0.00572259 
            520      0.00899527 
            530        0.015776 
            540       0.0259254 
            550       0.0447194 
            560       0.0730648 
            570         0.11797 
            580        0.177894 
            590        0.287835 
            600        0.442218 
            610        0.672536 
            620        0.999943 
            630         1.47503 
            640         2.12913 
            650         3.08429 
            658         4.09531 
            665         5.20176 
            675         7.26034 
            685         10.0673 
            695         13.8743 
            705         18.8454 
            716         26.1441 
            726         34.9681 
            735         44.9782 
            745         59.2663 
            755         77.4247 
            765         100.191 
            775         129.153 
            785         165.145 
            795         209.226 
            805          264.37 
            815         331.484 
            825         413.525 
            835         509.485 
            845         632.559 
            855         775.131 
            865         948.339 
            875         1149.59 
            885          1392.2 
            895         1674.16 
            905         1989.25 
            915         29437.4 
            925          174235 
            935          300815 
            945      1.49831e+6 
            955      1.61556e+7 
            965      2.58918e+7 
            975      4.30616e+6 
            985      7.01994e+7 
            995      8.47013e+7 
           1005      9.59929e+7 
           1015      5.96713e+7 
           1025      1.83097e+6 
           1035      2.88615e+7 
           1045      1.25163e+8 
           1055      1.58135e+8 
           1065      1.40575e+8 
           1075      1.71308e+8 
           1085      1.64651e+8 
           1095      1.81587e+8 
           1105      1.97593e+8 
           1115      2.60515e+8 
           1125      2.79845e+8 
           1135      3.16596e+8 
           1145      2.96752e+8 
           1155      3.21599e+8 
           1165        3.541e+8 
           1175      3.33939e+8 
           1185       2.8709e+8 
           1195      4.54839e+7 
           1205      3.18476e+7 
           1215      1.97531e+6 
           1225      2.16934e+7 
           1235      1.79885e+8 
           1245      3.71449e+8 
           1255      4.19539e+8 
           1265      3.06898e+8 
           1275      4.42215e+8 
           1285      5.03373e+8 
           1295      4.00918e+8 
           1305      2.76958e+8 
           1315      4.56179e+8 
           1325      4.81056e+8 
           1335      4.16211e+8 
           1345      5.20023e+8 
           1355      4.93395e+8 
           1365      4.28748e+8 
           1375      4.74125e+8 
           1385       4.8814e+8 
           1395      4.90478e+8 
           1405      4.96118e+8 
           1415      4.54566e+8 
           1425      4.70638e+8 
           1435      4.45971e+8 
           1442      4.84282e+8 
           1447      5.06041e+8 
           1455      4.99514e+8 
           1465      4.70566e+8 
           1475      4.49158e+8 
           1485      4.63956e+8 
           1495      4.77725e+8 
           1505       4.7336e+8 
           1512      4.48028e+8 
           1517       4.7479e+8 
           1525      4.46901e+8 
           1535      4.22006e+8 
           1545       4.6165e+8 
           1555      4.22812e+8 
           1565      4.03074e+8 
           1575      4.09591e+8 
           1585      4.40218e+8 
           1595      4.52414e+8 
           1605      4.24389e+8 
           1615      4.27078e+8 
           1625      3.96131e+8 
           1635      4.09211e+8 
           1645      4.14607e+8 
           1655      3.70675e+8 
           1665      4.09028e+8 
           1672      3.41359e+8 
           1677      3.91703e+8 
           1685      4.17728e+8 
           1695      3.97222e+8 
           1705       3.7775e+8 
           1715      3.61625e+8 
           1725      3.57838e+8 
           1735      3.74324e+8 
           1745      3.67893e+8 
           1755      3.93142e+8 
           1765      3.50679e+8 
           1775      3.77673e+8 
           1785      3.76893e+8 
           1795      3.95294e+8 
           1805      3.84718e+8 
           1815      3.75148e+8 
           1825      3.66694e+8 
           1835      3.54061e+8 
           1845       3.3682e+8 
           1855      3.32224e+8 
           1865      3.34973e+8 
           1875      3.59562e+8 
           1885      3.45853e+8 
           1895      3.34469e+8 
           1905       3.4111e+8 
           1915      3.34907e+8 
           1925      3.33204e+8 
           1935      3.36331e+8 
           1945      3.43445e+8 
           1955      3.30341e+8 
           1967      3.46041e+8 
           1976      3.47885e+8 
           1984      3.35696e+8 
           1995      3.21309e+8 
           2005      3.27472e+8 
           2015      3.10396e+8 
           2025      3.23287e+8 
           2035      3.14168e+8 
           2045      3.21048e+8 
           2055      3.04925e+8 
           2065      3.05563e+8 
           2074      3.13718e+8 
           2078      3.12878e+8 
           2085      3.16206e+8 
           2095      3.02859e+8 
           2105      3.01747e+8 
           2115       3.0029e+8 
           2125      3.01978e+8 
           2135      2.74253e+8 
           2145      2.91614e+8 
           2155      2.95785e+8 
           2165      2.82578e+8 
           2175      2.77828e+8 
           2185      2.72947e+8 
           2195      2.86135e+8 
           2205       2.7613e+8 
           2215      2.60359e+8 
           2225      2.49638e+8 
           2235      2.71377e+8 
           2245      2.49822e+8 
           2255      2.45455e+8 
           2265      2.48683e+8 
           2275       2.5889e+8 
           2285      2.63152e+8 
           2295      2.50985e+8 
           2305      2.42558e+8 
           2315      2.34394e+8 
           2325      2.34849e+8 
           2335      2.23852e+8 
           2345      2.12911e+8 
           2355      2.28177e+8 
           2365      2.11352e+8 
           2375      2.18072e+8 
           2385      1.99471e+8 
           2395      2.15693e+8 
           2405      2.04556e+8 
           2415      2.08337e+8 
           2425      2.16091e+8 
           2435      2.06002e+8 
           2445      2.18431e+8 
           2455      2.10654e+8 
           2465      2.10666e+8 
           2475      2.02411e+8 
           2485      2.15055e+8 
           2495      2.08039e+8 
           2505      2.19841e+8 
           2513      2.05123e+8 
           2518      2.11392e+8 
           2525      1.97831e+8 
           2535      1.98131e+8 
           2545       1.9446e+8 
           2555      2.02821e+8 
           2565      1.99908e+8 
           2575       2.1146e+8 
           2585      2.09078e+8 
           2595      2.08801e+8 
           2605      2.00028e+8 
           2615      1.98568e+8 
           2625      2.02563e+8 
           2635      2.03459e+8 
           2645       2.1537e+8 
           2655      2.11832e+8 
           2665      2.00724e+8 
           2675      2.06739e+8 
           2685      2.04867e+8 
           2695      1.98972e+8 
           2705      2.01576e+8 
           2715      1.94165e+8 
           2725      1.94808e+8 
           2735      2.03197e+8 
           2745      1.83365e+8 
           2755      1.82274e+8 
           2765      1.87182e+8 
           2775      1.94069e+8 
           2785       1.9379e+8 
           2795      1.77075e+8 
           2805       1.8587e+8 
           2815      1.94393e+8 
           2825      1.92868e+8 
           2835      1.86068e+8 
           2845      1.80038e+8 
           2855      1.79754e+8 
           2865      1.84633e+8 
           2875       1.8042e+8 
           2885      1.83372e+8 
           2895      1.80008e+8 
           2910      1.87865e+8 
           2930      1.81671e+8 
           2950      1.80077e+8 
           2970      1.79104e+8 
           2990      1.77676e+8 
           3010      1.79278e+8 
           3030      1.77304e+8 
           3050      1.74339e+8 
           3070      1.71967e+8 
           3090      1.71614e+8 
           3110      1.67914e+8 
           3130      1.65868e+8 
           3150      1.65268e+8 
           3170       1.6296e+8 
           3190      1.58324e+8 
           3210      1.59213e+8 
           3230      1.57071e+8 
           3250      1.55782e+8 
           3270      1.54837e+8 
           3290      1.53478e+8 
           3310      1.52531e+8 
           3330      1.50174e+8 
           3350      1.47671e+8 
           3370      1.46358e+8 
           3390      1.44459e+8 
           3410      1.43994e+8 
           3430       1.4239e+8 
           3450      1.41194e+8 
           3470      1.39183e+8 
           3490      1.37833e+8 
           3510       1.3708e+8 
           3530      1.35994e+8 
           3550      1.34628e+8 
           3570      1.33032e+8 
           3590      1.31612e+8 
           3610      1.30282e+8 
           3630      1.28788e+8 
           3640      1.28323e+8 
           3650      1.28511e+8 
           3670      1.26717e+8 
           3690      1.21974e+8 
           3710      1.33888e+8 
           3730      1.46886e+8 
           3750       1.9018e+8 
           3770      1.94527e+8 
           3790      2.15805e+8 
           3810      2.34531e+8 
           3830      1.97168e+8 
           3850      2.41382e+8 
           3870      2.49705e+8 
           3890      1.82548e+8 
           3910      2.44506e+8 
           3930      2.41675e+8 
           3950      2.38978e+8 
           3970      1.71646e+8 
           3990      2.30571e+8 
           4010      2.31177e+8 
           4030       2.2529e+8 
           4050      2.25974e+8 
           4070        2.212e+8 
           4090      2.02219e+8 
           4110      1.66825e+8 
           4130      2.09095e+8 
           4150      2.09532e+8 
           4170      2.06881e+8 
           4190      2.04437e+8 
           4210      2.01831e+8 
           4230      1.98736e+8 
           4250      1.95908e+8 
           4270      1.92728e+8 
           4290      1.90585e+8 
           4310      1.86579e+8 
           4330      1.65651e+8 
           4350      1.45553e+8 
           4370      1.79043e+8 
           4390      1.76049e+8 
           4410      1.75554e+8 
           4430      1.72826e+8 
           4450      1.70991e+8 
           4470      1.66849e+8 
           4490      1.64589e+8 
           4510      1.63681e+8 
           4530       1.6141e+8 
           4550      1.58426e+8 
           4570      1.57753e+8 
           4590      1.54822e+8 
           4610      1.53847e+8 
           4630      1.50797e+8 
           4650      1.49821e+8 
           4670      1.47661e+8 
           4690       1.4587e+8 
           4710      1.42961e+8 
           4730      1.42011e+8 
           4750      1.40098e+8 
           4770      1.38679e+8 
           4790      1.36861e+8 
           4810      1.34776e+8 
           4830      1.32303e+8 
           4850      1.19791e+8 
           4870      1.02039e+8 
           4890      1.26998e+8 
           4910      1.26429e+8 
           4930       1.2415e+8 
           4950      1.23596e+8 
           4970       1.2216e+8 
           4990      1.20521e+8 
           5010      1.17829e+8 
           5030      1.17268e+8 
           5050      1.14916e+8 
           5070      1.14615e+8 
           5090      1.13218e+8 
           5110      1.11683e+8 
           5130      1.10567e+8 
           5150      1.08975e+8 
           5170       1.0739e+8 
           5190       1.0641e+8 
           5210      1.04979e+8 
           5230      1.03633e+8 
           5250      1.02748e+8 
           5270      1.01081e+8 
           5290      1.00484e+8 
           5310      9.89012e+7 
           5330      9.80957e+7 
           5350      9.69805e+7 
           5370      9.58622e+7 
           5390      9.47542e+7 
           5410      9.35823e+7 
           5430       9.2474e+7 
           5450      9.15173e+7 
           5470      9.04051e+7 
           5490      8.94299e+7 
           5510      8.83701e+7 
           5530      8.74438e+7 
           5550      8.64781e+7 
           5570      8.54966e+7 
           5590      8.45385e+7 
           5610       8.3634e+7 
           5630      8.27187e+7 
           5650      8.16233e+7 
           5670      8.07719e+7 
           5690      7.99675e+7 
           5710      7.90999e+7 
           5730      7.82275e+7 
           5750      7.73629e+7 
           5770      7.65187e+7 
           5790      7.56313e+7 
           5810      7.48246e+7 
           5830       7.4023e+7 
           5850      7.32237e+7 
           5870      7.18564e+7 
           5890      7.15713e+7 
           5910      7.08718e+7 
           5930      7.01385e+7 
           5950      6.92134e+7 
           5970      6.85931e+7 
           5990      6.77588e+7 
           6010      6.71844e+7 
           6030      6.64721e+7 
           6050      6.57616e+7 
           6070      6.50643e+7 
           6090      6.43816e+7 
           6110      6.37236e+7 
           6130      6.30518e+7 
           6150      6.22141e+7 
           6170      6.17393e+7 
           6190      6.11127e+7 
           6210      6.04852e+7 
           6230      5.98299e+7 
           6250       5.9054e+7 
           6270      5.86403e+7 
           6290      5.80299e+7 
           6310      5.73971e+7 
           6330      5.68505e+7 
           6350      5.58828e+7 
           6370      5.54256e+7 
           6390      5.51327e+7 
           6410      5.45508e+7 
           6430      5.40427e+7 
           6450      5.34119e+7 
           6470      5.29751e+7 
           6490      5.23923e+7 
           6510      5.17963e+7 
           6530      5.10448e+7 
           6550      4.80474e+7 
           6570      4.06746e+7 
           6590      4.91887e+7 
           6610      4.92502e+7 
           6630      4.89072e+7 
           6650      4.84594e+7 
           6670      4.78948e+7 
           6690      4.74449e+7 
           6710      4.70611e+7 
           6730      4.66003e+7 
           6750      4.61584e+7 
           6770      4.57192e+7 
           6790      4.52738e+7 
           6810      4.48394e+7 
           6830      4.43954e+7 
           6850      4.39817e+7 
           6870      4.35679e+7 
           6890      4.31614e+7 
           6910      4.27462e+7 
           6930      4.23241e+7 
           6950      4.19482e+7 
           6970       4.1559e+7 
           6990      4.11765e+7 
           7010      4.07763e+7 
           7030      4.04111e+7 
           7050        3.998e+7 
           7070      3.95678e+7 
           7090      3.93007e+7 
           7110      3.89176e+7 
           7130      3.85689e+7 
           7150      3.82187e+7 
           7170      3.78725e+7 
           7190       3.7528e+7 
           7210      3.71896e+7 
           7230      3.68235e+7 
           7250      3.65081e+7 
           7270      3.61861e+7 
           7290      3.58354e+7 
           7310      3.55305e+7 
           7330      3.52154e+7 
           7350      3.49069e+7 
           7370      3.45949e+7 
           7390      3.42852e+7 
           7410      3.39782e+7 
           7430      3.36571e+7 
           7450      3.33672e+7 
           7470      3.30512e+7 
           7490      3.27787e+7 
           7510      3.24816e+7 
           7530      3.22181e+7 
           7550      3.19354e+7 
           7570      3.16572e+7 
           7590      3.13775e+7 
           7610      3.11113e+7 
           7630      3.08382e+7 
           7650      3.05638e+7 
           7670      3.03048e+7 
           7690      3.00422e+7 
           7710      2.97783e+7 
           7730      2.95304e+7 
           7750      2.92766e+7 
           7770      2.87336e+7 
           7790      2.87774e+7 
           7810      2.85388e+7 
           7830      2.82943e+7 
           7850      2.80201e+7 
           7870      2.77495e+7 
           7890      2.74765e+7 
           7910      2.73479e+7 
           7930      2.71233e+7 
           7950      2.68607e+7 
           7970      2.66703e+7 
           7990      2.63599e+7 
           8010      2.62278e+7 
           8030      2.60103e+7 
           8050      2.57923e+7 
           8070      2.55801e+7 
           8090      2.53674e+7 
           8110       2.5156e+7 
           8130      2.49531e+7 
           8150       2.4748e+7 
           8170      2.45485e+7 
           8190      2.43327e+7 
           8210      2.41395e+7 
           8230      2.39316e+7 
           8250      2.38096e+7 
           8270      2.36406e+7 
           8290      2.34297e+7 
           8310       2.3269e+7 
           8330       2.3057e+7 
           8350      2.28537e+7 
           8370      2.25951e+7 
           8390      2.23623e+7 
           8410      2.20931e+7 
           8430      2.20302e+7 
           8450      2.18047e+7 
           8470      2.11006e+7 
           8490      2.20738e+7 
           8510      2.05942e+7 
           8530      2.21603e+7 
           8550      1.97547e+7 
           8570      2.22966e+7 
           8590      2.07853e+7 
           8610      2.02284e+7 
           8630      2.23878e+7 
           8650      2.17617e+7 
           8670      1.84213e+7 
           8690      2.20657e+7 
           8710      2.23583e+7 
           8730      2.17888e+7 
           8750      1.78262e+7 
           8770      2.09356e+7 
           8790       2.1742e+7 
           8810      2.16444e+7 
           8830      2.13372e+7 
           8850      1.99735e+7 
           8870      1.72145e+7 
           8890       2.0614e+7 
           8910      2.07892e+7 
           8930      2.06523e+7 
           8950      2.05389e+7 
           8970      2.03346e+7 
           8990      1.99039e+7 
           9010      1.67765e+7 
           9030      1.81276e+7 
           9050      1.95788e+7 
           9070      1.95045e+7 
           9090        1.939e+7 
           9110      1.93127e+7 
           9130       1.9159e+7 
           9150      1.90461e+7 
           9170       1.8843e+7 
           9190      1.85911e+7 
           9210      1.79802e+7 
           9230      1.47326e+7 
           9250       1.7438e+7 
           9270       1.7839e+7 
           9290      1.79901e+7 
           9310       1.7909e+7 
           9330        1.777e+7 
           9350      1.76483e+7 
           9370       1.7516e+7 
           9390      1.73714e+7 
           9410       1.7156e+7 
           9430       1.7121e+7 
           9450      1.69996e+7 
           9470      1.68624e+7 
           9490      1.67031e+7 
           9510      1.64813e+7 
           9530      1.57651e+7 
           9550       1.3205e+7 
           9570      1.57344e+7 
           9590       1.6035e+7 
           9610      1.59798e+7 
           9630      1.58099e+7 
           9650      1.57841e+7 
           9670      1.56528e+7 
           9690      1.55537e+7 
           9710      1.54429e+7 
           9730       1.5331e+7 
           9750      1.52186e+7 
           9770      1.51106e+7 
           9790      1.50002e+7 
           9810      1.48905e+7 
           9830      1.47785e+7 
           9850      1.46739e+7 
           9870      1.45693e+7 
           9890      1.44553e+7 
           9910      1.43621e+7 
           9930      1.42596e+7 
           9950      1.41571e+7 
           9970      1.40545e+7 
           9990      1.39258e+7 
          10025      1.31825e+7 
          10075       1.2588e+7 
          10125      1.32593e+7 
          10175      1.30692e+7 
          10225      1.28491e+7 
          10275      1.26273e+7 
          10325      1.24063e+7 
          10375      1.21975e+7 
          10425       1.1991e+7 
          10475      1.17848e+7 
          10525      1.15822e+7 
          10575      1.13921e+7 
          10625      1.12027e+7 
          10675      1.09886e+7 
          10725      1.08268e+7 
          10775      1.06519e+7 
          10825      1.04496e+7 
          10875      1.02753e+7 
          10925      9.21124e+6 
          10975      9.73552e+6 
          11025      9.79959e+6 
          11075      9.65419e+6 
          11125       9.4991e+6 
          11175      9.34702e+6 
          11225      9.19844e+6 
          11275      9.02549e+6 
          11325       8.8928e+6 
          11375      8.76878e+6 
          11425      8.63129e+6 
          11475      8.49732e+6 
          11525      8.36532e+6 
          11575      8.23557e+6 
          11625      8.10297e+6 
          11675       7.9779e+6 
          11725      7.86068e+6 
          11775      7.72721e+6 
          11825      7.62186e+6 
          11875      7.50518e+6 
          11925      7.39549e+6 
          11975      7.28079e+6 
          12025      7.17505e+6 
          12075      7.06794e+6 
          12125      6.96289e+6 
          12175      6.86006e+6 
          12225      6.75894e+6 
          12275      6.65923e+6 
          12325      6.56192e+6 
          12375      6.46643e+6 
          12425      6.37302e+6 
          12475      6.27651e+6 
          12525      6.18975e+6 
          12575      6.09871e+6 
          12625      6.01291e+6 
          12675      5.92804e+6 
          12725      5.84155e+6 
          12775      5.70517e+6 
          12825      5.15988e+6 
          12875      5.56508e+6 
          12925      5.52122e+6 
          12975      5.44405e+6 
          13025       5.3688e+6 
          13075      5.29454e+6 
          13125      5.22125e+6 
          13175      5.14654e+6 
          13225      5.07884e+6 
          13275      5.00944e+6 
          13325      4.94115e+6 
          13375      4.87418e+6 
          13425      4.80783e+6 
          13475      4.74275e+6 
          13525      4.67871e+6 
          13575       4.6165e+6 
          13625      4.55469e+6 
          13675      4.49344e+6 
          13725      4.43396e+6 
          13775       4.3764e+6 
          13825      4.31878e+6 
          13875      4.26209e+6 
          13925      4.20609e+6 
          13975      4.15135e+6 
          14025      4.09747e+6 
          14075      4.04447e+6 
          14125       3.9921e+6 
          14175      3.94092e+6 
          14225      3.89035e+6 
          14275      3.84058e+6 
          14325      3.79163e+6 
          14375      3.74342e+6 
          14425      3.69359e+6 
          14475      3.64907e+6 
          14525      3.60258e+6 
          14570      3.56276e+6 
          14620      3.52082e+6 
          14675      3.47385e+6 
          14725      3.43136e+6 
          14775      3.38867e+6 
          14825      3.34835e+6 
          14875      3.30734e+6 
          14925      3.26744e+6 
          14975      3.22652e+6 
          15025      3.18622e+6 
          15075      3.14521e+6 
          15125      3.10471e+6 
          15175      3.06595e+6 
          15225       3.0366e+6 
          15275      2.98186e+6 
          15325      2.94528e+6 
          15375      2.93093e+6 
          15425      2.85528e+6 
          15475       2.8669e+6 
          15525      2.83878e+6 
          15575      2.72569e+6 
          15625      2.80364e+6 
          15675      2.71878e+6 
          15725      2.62793e+6 
          15775      2.71893e+6 
          15825      2.68643e+6 
          15875      2.48014e+6 
          15925      2.60408e+6 
          15975      2.61216e+6 
          16050      2.54817e+6 
          16150      2.41127e+6 
          16250      2.46757e+6 
          16350      2.37857e+6 
          16450      2.25257e+6 
          16550      2.30534e+6 
          16650      2.25436e+6 
          16750      2.17206e+6 
          16850      2.05905e+6 
          16950      2.10773e+6 
          17050      2.06209e+6 
          17150      2.01774e+6 
          17250      1.97213e+6 
          17350      1.82719e+6 
          17450      1.88203e+6 
          17550      1.85037e+6 
          17650      1.81156e+6 
          17750      1.77339e+6 
          17850      1.73655e+6 
          17950      1.70065e+6 
          18050       1.6629e+6 
          18150      1.55039e+6 
          18250      1.58344e+6 
          18350      1.56522e+6 
          18450      1.53369e+6 
          18550      1.50242e+6 
          18650      1.46978e+6 
          18750      1.37163e+6 
          18850       1.4114e+6 
          18950      1.38668e+6 
          19050       1.3595e+6 
          19150      1.33301e+6 
          19250        1.307e+6 
          19350      1.27873e+6 
          19450      1.19133e+6 
          19550      1.23003e+6 
          19650      1.20945e+6 
          19750      1.18651e+6 
          19850      1.16416e+6 
          19950      1.14221e+6 
          20050      1.12091e+6 
          20150      1.09997e+6 
          20250      1.07958e+6 
          20350      1.05972e+6 
          20450      1.04019e+6 
          20550      1.02117e+6 
          20650      1.00265e+6 
          20750          984431 
          20850          966693 
          20950          949332 
          21050          932427 
          21150          915713 
          21250          899521 
          21350          883593 
          21450          868088 
          21550          851534 
          21650          796192 
          21750          820097 
          21850          809452 
          21950          795523 
          22050          781970 
          22150          768629 
          22250          755594 
          22350          742838 
          22450          730351 
          22550          718126 
          22650          706152 
          22750          694424 
          22850          683194 
          22950          672018 
          23050          661078 
          23150          650349 
          23250          639844 
          23350          629540 
          23450          619434 
          23550          609517 
          23650          599753 
          23750          590186 
          23850          580776 
          23950          571524 
          24050          562252 
          24150          553078 
          24250          545239 
          24350          535936 
          24450          527035 
          24550          520356 
          24650          510942 
          24750          503223 
          24850          498369 
          24950          483478 
          25050          483601 
          25150          476634 
          25250          459342 
          25350          462037 
          25450          456467 
          25550          448555 
          25650          429396 
          25750          436096 
          25850          430631 
          25950          424314 
          26050          415180 
          26150          396161 
          26250          385308 
          26350          398568 
          26450          395285 
          26550          390009 
          26650          382574 
          26750          360776 
          26850          371770 
          26950          368280 
          27050          363085 
          27150          357976 
          27250          352961 
          27350          348026 
          27450          342630 
          27550          323998 
          27650          328842 
          27750          329016 
          27850          324621 
          27950          320181 
          28050          315813 
          28150          311520 
          28250          307299 
          28350          303147 
          28450          299070 
          28550          295056 
          28650          288401 
          28750          273536 
          28850          282696 
          28950          279627 
          29050          275991 
          29150          272358 
          29250          268795 
          29350          265283 
          29450          261834 
          29550          258438 
          29650          255100 
          29750          251808 
          29850          248577 
          29950          245391 
          30050          242258 
          30150          239174 
          30250          235813 
          30350          224499 
          30450          225554 
          30550          227152 
          30650          224481 
          30750          221676 
          30850          218872 
          30950          216206 
          31050          213530 
          31150          210899 
          31250          208305 
          31350          205756 
          31450          203238 
          31550          200767 
          31650          198327 
          31750          195929 
          31850          193564 
          31950          191236 
          32100          187808 
          32300          183355 
          32500          179033 
          32700          174834 
          32900          165807 
          33100          165673 
          33300          162676 
          33500          158997 
          33700          155397 
          33900          151897 
          34100          148494 
          34300          145183 
          34500          141966 
          34700          138832 
          34900          135776 
          35100          132815 
          35300          129932 
          35500          127094 
          35700          124321 
          35900          121811 
          36100          119008 
          36300          116734 
          36500          113942 
          36700          111957 
          36900          109045 
          37100          107314 
          37300          103943 
          37500          100483 
          37700          100909 
          37900         98939.6 
          38100           96240 
          38300           94485 
          38500         93142.5 
          38700         91321.9 
          38900         89374.4 
          39100         86286.6 
          39300         86052.1 
          39500         84480.3 
          39700         82847.3 
          39900         81235.7 
          40100         78859.8 
          40300         76893.8 
          40500         74723.6 
          40700         75114.5 
          40900           73778 
          41100         72390.6 
          41300         71033.1 
          41500         69632.5 
          41700         66609.1 
          41900         67045.3 
          42100         65916.9 
          42300         64711.7 
          42500         63532.6 
          42700         62381.1 
          42900         61254.2 
          43100         60153.7 
          43300         59076.8 
          43500         58019.1 
          43700         55609.4 
          43900         55657.1 
          44100         55004.1 
          44300         54042.1 
          44500         53098.9 
          44700         52236.4 
          44900         51273.2 
          45100         50393.3 
          45300           49529 
          45500         48686.9 
          45700         47859.5 
          45900         47048.2 
          46100           46249 
          46300           45427 
          46500         43454.9 
          46700         42672.5 
          46900         43117.7 
          47100           42528 
          47300         41842.3 
          47500         41160.3 
          47700           40493 
          47900           39837 
          48100         39193.7 
          48300         38564.7 
          48500         37941.4 
          48700         37339.8 
          48900         36741.7 
          49100         36164.9 
          49300         35585.4 
          49500           35040 
          49700         34465.6 
          49900         33969.2 
          50100         33435.9 
          50300           32871 
          50500         32450.4 
          50700         31929.4 
          50900         31347.5 
          51100         30857.3 
          51300         29590.8 
          51500         29955.2 
          51700         29461.7 
          51900         29137.2 
          52100         28733.5 
          52300         28304.8 
          52500         27810.7 
          52700         27313.8 
          52900         27064.6 
          53100         26668.7 
          53300         26279.3 
          53500           25895 
          53700         25370.6 
          53900         25011.5 
          54100         24787.1 
          54300           24431 
          54500         24080.8 
          54700         23737.6 
          54900         23399.9 
          55100         22999.6 
          55300         22481.2 
          55500         22412.4 
          55700         22108.5 
          55900         21798.6 
          56100         21495.1 
          56300         21197.6 
          56500         20903.8 
          56700           20616 
          56900         20306.1 
          57100         19718.1 
          57300         19740.2 
          57500         19511.9 
          57700         19247.9 
          57900         18988.2 
          58100         18732.7 
          58300         18481.3 
          58500           18233 
          58700         17977.7 
          58900         17689.7 
          59100         16984.5 
          59300         17233.3 
          59500         16732.5 
          59700         16717.8 
          59900         16606.3 
          60100           16424 
          60300         16210.6 
          60500         16000.7 
          60700         15794.2 
          60900         15591.1 
          61100         15391.3 
          61300         15194.8 
          61500         15001.5 
          61700         14811.4 
          61900         14623.4 
          62100         14439.5 
          62300         14257.6 
          62500         14073.9 
          62700           13852 
          62900         13353.7 
          63100         13489.6 
          63300         13382.9 
          63500         13225.9 
          63700         13063.1 
          63900           12903 
          64200         12666.6 
          64600         12361.3 
          65000         12064.3 
          65400         11776.2 
          65800           11496 
          66200         11224.3 
          66600         10961.6 
          67000         10705.2 
          67400         10433.4 
          67800         10042.7 
          68200         9968.13 
          68600         9755.37 
          69000         9534.18 
          69400         9304.93 
          69800         9110.42 
          70200         8907.52 
          70600         8710.14 
          71000         8498.67 
          71400         8331.29 
          71800         8149.56 
          72200          7972.8 
          72600         7777.25 
          73000         7628.64 
          73400         7470.89 
          73800         7311.97 
          74200         7149.18 
          74600         6870.31 
          75000         6647.81 
          75400         6696.13 
          75800         6579.75 
          76200         6444.67 
          76600         6312.82 
          77000         6184.39 
          77400         6056.74 
          77800         5889.99 
          78200          5815.7 
          78600         5702.08 
          79000         5588.97 
          79400         5478.59 
          79800         5370.93 
          80200         5265.94 
          80600         5163.42 
          81000         5063.37 
          81400         4920.43 
          81800         4856.16 
          82200         4777.58 
          82600         4686.81 
          83000         4598.16 
          83400         4511.64 
          83800          4427.1 
          84200         4344.53 
          84600         4263.86 
          85000         4185.07 
          85400         4108.09 
          85800         4032.84 
          86200         3957.77 
          86600         3829.91 
          87000         3811.71 
          87400         3706.75 
          87800         3641.94 
          88200         3615.89 
          88600          3551.7 
          89000         3488.98 
          89400         3427.62 
          89800         3367.57 
          90200         3308.84 
          90600         3251.07 
          91000         3195.19 
          91400         3140.18 
          91800          3086.3 
          92200         3033.63 
          92600         2976.85 
          93000         2931.56 
          93400         2881.63 
          93800         2786.59 
          94200         2775.84 
          94600         2740.03 
          95000         2691.63 
          95400         2646.05 
          95800         2606.55 
          96200         2563.88 
          96600         2522.06 
          97000         2481.08 
          97400         2440.97 
          97800         2401.62 
          98200         2360.69 
          98600          2318.4 
          99000         2288.25 
          99400         2251.99 
          99800         2216.38 
         100200         2181.54 
         200000         138.891 
         400000         8.60123 
         600000         1.68043 
         800000        0.526627 
         1.0e+6        0.213971 
         1.2e+6        0.102473 
         1.4e+6       0.0549795 
         1.6e+6       0.0320559 
