# Kurucz ODFNEW /NOVER models
# teff = 5250 K (value for the effective temperature for the model. Temperatures are given in K)
# logg = 5.00 log(cm/s2) (value for Log(G) for the model.)
# meta = -0.5  (value for the Metallicity for the model.)
# lh = 1.25  (l/Hp where l is the  mixing length of the convective element and Hp is the pressure scale height)
# vtur = 2.0 km/s (Microturbulence velocity)
#
# column 1: WAVELENGTH (ANGSTROM), Wavelength in Angstrom
# column 2: FLUX (ERG/CM2/S/A), Flux in erg/cm2/s/A
              0               0 
           90.9               0 
           93.5               0 
           96.1               0 
           97.7               0 
           99.6               0 
            102               0 
          103.8               0 
          105.6               0 
          107.7               0 
          110.4               0 
            114               0 
          117.8               0 
          121.3               0 
          124.8               0 
          127.1               0 
          128.4               0 
          130.5               0 
          132.4               0 
          133.9               0 
          136.6               0 
          139.8               0 
          143.3               0 
          147.2               0 
            151               0 
          155.2               0 
          158.8               0 
            162               0 
            166               0 
          170.3               0 
          173.4               0 
          176.8               0 
          180.2               0 
          181.7               0 
          186.1               0 
            191               0 
          193.9               0 
          198.4               0 
          201.8               0 
            205               0 
          210.5               0 
          216.2               0 
          219.8               0 
            223               0 
          226.8               0 
            230               0 
            234               0 
            240               0 
          246.5               0 
          252.4               0 
          256.8               0 
            260               0 
            264               0 
          268.5               0 
          273.5               0 
          278.5               0 
            284               0 
            290               0 
            296               0 
            301               0 
            308               0 
            318               0 
            328               0 
            338               0 
            348               0 
            357               0 
            366               0 
            375               0 
            385               0 
            395               0 
            405               0 
            414               0 
            422               0 
            430               0 
            441               0 
            451               0 
            460               0 
            470               0 
            480               0 
            490               0 
            500               0 
            506     8.87443e-25 
            512     2.36175e-24 
            520     7.22044e-24 
            530     2.79363e-23 
            540     1.01016e-22 
            550     3.51561e-22 
            560      1.1607e-21 
            570     3.66469e-21 
            580     1.09735e-20 
            590     3.22487e-20 
            600     9.02624e-20 
            610     2.43705e-19 
            620     6.35659e-19 
            630     1.60478e-18 
            640     3.92974e-18 
            650     9.34201e-18 
            658     1.82986e-17 
            665     3.24795e-17 
            675     7.21181e-17 
            685     1.56168e-16 
            695     3.30077e-16 
            705     6.81278e-16 
            716     1.47626e-15 
            726     2.91463e-15 
            735     5.28522e-15 
            745     1.00545e-14 
            755     1.87756e-14 
            765     3.44483e-14 
            775     6.21134e-14 
            785     1.10196e-13 
            795     1.91928e-13 
            805     3.30638e-13 
            815     5.60708e-13 
            825     9.37142e-13 
            835     1.54545e-12 
            845     2.51541e-12 
            855     4.04315e-12 
            865     6.41961e-12 
            875     1.00699e-11 
            885     1.56339e-11 
            895     2.39985e-11 
            905     3.64452e-11 
            915      1.11625e-7 
            925      5.61733e-7 
            935      8.16356e-7 
            945      1.19466e-6 
            955      1.89186e-6 
            965      2.99801e-6 
            975      3.71422e-6 
            985      5.95757e-6 
            995      8.58848e-6 
           1005      1.19894e-5 
           1015      1.56338e-5 
           1025      1.87504e-5 
           1035      3.30584e-5 
           1045      4.75699e-5 
           1055      5.64845e-5 
           1065      8.55113e-5 
           1075     0.000113427 
           1085     0.000159573 
           1095     0.000192119 
           1105      0.00027722 
           1115     0.000400388 
           1125     0.000565648 
           1135     0.000836499 
           1145      0.00109959 
           1155      0.00135253 
           1165      0.00171799 
           1175      0.00224975 
           1185      0.00259409 
           1195      0.00262686 
           1205      0.00250501 
           1215      0.00138573 
           1225      0.00362263 
           1235      0.00677495 
           1245      0.00955496 
           1255       0.0117806 
           1265       0.0142561 
           1275       0.0172416 
           1285        0.020497 
           1295       0.0247803 
           1305        0.029116 
           1315       0.0359775 
           1325       0.0404405 
           1335       0.0470009 
           1345       0.0558819 
           1355       0.0683788 
           1365       0.0772982 
           1375       0.0897318 
           1385        0.102768 
           1395         0.11976 
           1405        0.146488 
           1415        0.171625 
           1425        0.201145 
           1435        0.239039 
           1442        0.285352 
           1447        0.283527 
           1455        0.328465 
           1465        0.395261 
           1475        0.425939 
           1485        0.504494 
           1495        0.630119 
           1505        0.755996 
           1512         0.71037 
           1517        0.863456 
           1525         1.12088 
           1535         3.87776 
           1545         4.20255 
           1555         6.96975 
           1565         6.73867 
           1575         12.8179 
           1585         15.4023 
           1595         17.8057 
           1605         19.9727 
           1615         23.5479 
           1625         26.6259 
           1635         33.9422 
           1645         50.3346 
           1655         36.9491 
           1665         61.6199 
           1672         45.1404 
           1677         75.4002 
           1685         122.444 
           1695         168.183 
           1705         202.126 
           1715         191.412 
           1725         256.237 
           1735         298.133 
           1745          406.42 
           1755         526.915 
           1765         485.772 
           1775         537.852 
           1785          736.89 
           1795         800.587 
           1805         929.192 
           1815          893.96 
           1825         1062.26 
           1835         1192.21 
           1845         896.577 
           1855         1257.07 
           1865         1530.33 
           1875         1649.71 
           1885         1811.44 
           1895         2339.15 
           1905          2258.5 
           1915         2662.63 
           1925         2738.74 
           1935         1914.53 
           1945         3344.93 
           1955         3650.48 
           1967         4648.49 
           1976         4535.83 
           1984         4718.49 
           1995          5061.7 
           2005         5002.25 
           2015         5838.16 
           2025          4474.7 
           2035         6452.91 
           2045         7531.15 
           2055         7835.65 
           2065         7935.66 
           2074         8110.94 
           2078         10032.3 
           2085         10219.8 
           2095         16274.2 
           2105         31137.3 
           2115         50149.9 
           2125         38658.8 
           2135         48834.4 
           2145         68780.5 
           2155         59632.3 
           2165         44904.1 
           2175         42631.1 
           2185         80550.6 
           2195         74232.2 
           2205         75224.8 
           2215         50480.9 
           2225         86020.6 
           2235          142163 
           2245          133223 
           2255         76701.6 
           2265         54197.7 
           2275         53446.4 
           2285          107913 
           2295         72377.4 
           2305          107084 
           2315         96965.8 
           2325         86495.2 
           2335         86840.6 
           2345         53795.7 
           2355          114696 
           2365         61784.5 
           2375         79939.4 
           2385         48796.3 
           2395         64406.5 
           2405         70043.8 
           2415         74109.3 
           2425          157589 
           2435          151671 
           2445          202033 
           2455          211279 
           2465          153669 
           2475          113629 
           2485         38173.8 
           2495         68464.8 
           2505          104914 
           2513           53536 
           2518           38166 
           2525         40297.5 
           2535         63155.5 
           2545         73635.6 
           2555          184890 
           2565          166978 
           2575          280493 
           2585          268461 
           2595          236561 
           2605          186272 
           2615          170052 
           2625          243765 
           2635          549370 
           2645          694385 
           2655      1.10678e+6 
           2665          635362 
           2675          740706 
           2685          954051 
           2695          547223 
           2705          737343 
           2715          436765 
           2725          238003 
           2735          381999 
           2745          230992 
           2755          359322 
           2765          515727 
           2775          462544 
           2785          230447 
           2795          113525 
           2805          138439 
           2815          375052 
           2825          491789 
           2835          320373 
           2845          166084 
           2855         96121.3 
           2865          228588 
           2875          478205 
           2885          578953 
           2895          942296 
           2910      1.35422e+6 
           2930      1.21183e+6 
           2950      1.05688e+6 
           2970      1.03214e+6 
           2990      1.02213e+6 
           3010          921733 
           3030      1.14485e+6 
           3050      1.19258e+6 
           3070      1.43247e+6 
           3090      1.16285e+6 
           3110      1.60393e+6 
           3130      1.44864e+6 
           3150      1.41162e+6 
           3170      1.59088e+6 
           3190      1.41191e+6 
           3210      1.52603e+6 
           3230      1.31256e+6 
           3250      1.98218e+6 
           3270      2.48768e+6 
           3290      2.42871e+6 
           3310      2.10828e+6 
           3330      2.11996e+6 
           3350      2.02127e+6 
           3370       1.2594e+6 
           3390      1.59634e+6 
           3410      1.63436e+6 
           3430      1.89965e+6 
           3450      1.81688e+6 
           3470      1.97296e+6 
           3490      2.36367e+6 
           3510       2.5752e+6 
           3530      2.30829e+6 
           3550      2.86889e+6 
           3570      1.79901e+6 
           3590       1.8017e+6 
           3610      2.24993e+6 
           3630      2.32295e+6 
           3640      2.48214e+6 
           3650      2.76596e+6 
           3670      3.08513e+6 
           3690      2.73982e+6 
           3710      2.74937e+6 
           3730       1.5723e+6 
           3750      1.85754e+6 
           3770       2.6978e+6 
           3790      2.83254e+6 
           3810      2.57932e+6 
           3830      1.24569e+6 
           3850      1.98731e+6 
           3870      1.92459e+6 
           3890      2.30164e+6 
           3910       2.8092e+6 
           3930      1.41692e+6 
           3950      2.66736e+6 
           3970       1.8432e+6 
           3990      3.85011e+6 
           4010      4.20165e+6 
           4030      4.01482e+6 
           4050      3.83036e+6 
           4070      3.60291e+6 
           4090      4.48028e+6 
           4110      4.33689e+6 
           4130      4.23292e+6 
           4150      4.03341e+6 
           4170      4.27711e+6 
           4190      3.90806e+6 
           4210      3.94986e+6 
           4230      3.64143e+6 
           4250      3.76491e+6 
           4270      3.41131e+6 
           4290      3.10036e+6 
           4310      2.62935e+6 
           4330      4.14949e+6 
           4350      4.03856e+6 
           4370      4.27333e+6 
           4390      3.80461e+6 
           4410      4.20759e+6 
           4430      4.79626e+6 
           4450      4.71385e+6 
           4470       5.0319e+6 
           4490       5.1787e+6 
           4510      5.65481e+6 
           4530      5.10346e+6 
           4550      5.38277e+6 
           4570      5.64422e+6 
           4590      5.40883e+6 
           4610      5.50647e+6 
           4630      5.52874e+6 
           4650      5.51126e+6 
           4670      5.70271e+6 
           4690      5.62576e+6 
           4710      5.45104e+6 
           4730      5.61958e+6 
           4750      5.65502e+6 
           4770      5.64245e+6 
           4790      5.63649e+6 
           4810      5.67828e+6 
           4830      5.66494e+6 
           4850      5.52383e+6 
           4870      5.03966e+6 
           4890       5.4094e+6 
           4910      5.46684e+6 
           4930      5.28354e+6 
           4950      5.44849e+6 
           4970      5.58393e+6 
           4990      5.22337e+6 
           5010      4.98993e+6 
           5030      5.29398e+6 
           5050       5.1957e+6 
           5070      5.37876e+6 
           5090      5.20119e+6 
           5110       5.2321e+6 
           5130       5.1397e+6 
           5150      4.89504e+6 
           5170      4.06641e+6 
           5190      4.23262e+6 
           5210      4.89732e+6 
           5230      5.21996e+6 
           5250      5.48356e+6 
           5270      4.79443e+6 
           5290      5.42355e+6 
           5310      5.64092e+6 
           5330      5.08427e+6 
           5350      5.45002e+6 
           5370      5.38127e+6 
           5390      5.34308e+6 
           5410       5.1963e+6 
           5430      5.28867e+6 
           5450       5.3703e+6 
           5470      5.38424e+6 
           5490      5.42358e+6 
           5510       5.3772e+6 
           5530      5.43692e+6 
           5550      5.51315e+6 
           5570      5.31808e+6 
           5590      5.19774e+6 
           5610      5.34113e+6 
           5630      5.43461e+6 
           5650       5.4546e+6 
           5670      5.34647e+6 
           5690      5.39309e+6 
           5710      5.26154e+6 
           5730      5.51564e+6 
           5750      5.41476e+6 
           5770      5.43173e+6 
           5790      5.31976e+6 
           5810      5.40844e+6 
           5830      5.45361e+6 
           5850      5.33912e+6 
           5870      5.33876e+6 
           5890      4.69955e+6 
           5910      5.28594e+6 
           5930      5.29332e+6 
           5950      5.30045e+6 
           5970      5.29745e+6 
           5990      5.26939e+6 
           6010      5.19058e+6 
           6030      5.20281e+6 
           6050      5.27572e+6 
           6070      5.22271e+6 
           6090      5.16267e+6 
           6110      5.11863e+6 
           6130      4.92949e+6 
           6150      5.05543e+6 
           6170      4.81392e+6 
           6190      5.06799e+6 
           6210      5.07369e+6 
           6230      4.96459e+6 
           6250       4.8665e+6 
           6270      4.99967e+6 
           6290      5.01754e+6 
           6310      4.89645e+6 
           6330      4.91501e+6 
           6350      4.95083e+6 
           6370      4.93677e+6 
           6390      4.91597e+6 
           6410      4.81494e+6 
           6430      4.84854e+6 
           6450      4.78945e+6 
           6470      4.76916e+6 
           6490      4.70689e+6 
           6510      4.81844e+6 
           6530      4.83766e+6 
           6550        4.728e+6 
           6570      4.37808e+6 
           6590      4.72854e+6 
           6610      4.77533e+6 
           6630       4.7518e+6 
           6650      4.72941e+6 
           6670      4.67397e+6 
           6690      4.72428e+6 
           6710      4.64645e+6 
           6730      4.68764e+6 
           6750      4.64208e+6 
           6770      4.63581e+6 
           6790       4.6225e+6 
           6810      4.59075e+6 
           6830      4.60559e+6 
           6850      4.52968e+6 
           6870       4.5438e+6 
           6890       4.5489e+6 
           6910      4.52222e+6 
           6930      4.50351e+6 
           6950       4.4756e+6 
           6970      4.47974e+6 
           6990      4.44865e+6 
           7010      4.38719e+6 
           7030      4.41022e+6 
           7050      4.41034e+6 
           7070      4.37688e+6 
           7090      4.35718e+6 
           7110      4.36303e+6 
           7130      4.29651e+6 
           7150       4.2534e+6 
           7170      4.27405e+6 
           7190      4.18252e+6 
           7210      4.21047e+6 
           7230      4.24137e+6 
           7250      4.23436e+6 
           7270         4.22e+6 
           7290      4.14301e+6 
           7310      4.17344e+6 
           7330      4.13726e+6 
           7350      4.14943e+6 
           7370      4.15273e+6 
           7390      4.07745e+6 
           7410      4.02582e+6 
           7430      4.06069e+6 
           7450      4.05065e+6 
           7470      4.06261e+6 
           7490      4.02414e+6 
           7510      4.01452e+6 
           7530      4.01845e+6 
           7550      4.01809e+6 
           7570      3.98595e+6 
           7590        3.965e+6 
           7610      3.95249e+6 
           7630       3.9498e+6 
           7650      3.93523e+6 
           7670      3.83767e+6 
           7690      3.90764e+6 
           7710      3.85449e+6 
           7730      3.86546e+6 
           7750      3.81627e+6 
           7770      3.86627e+6 
           7790      3.83812e+6 
           7810      3.82838e+6 
           7830       3.7796e+6 
           7850       3.7787e+6 
           7870      3.79255e+6 
           7890      3.76959e+6 
           7910      3.72822e+6 
           7930      3.67039e+6 
           7950      3.65552e+6 
           7970      3.70621e+6 
           7990      3.69311e+6 
           8010      3.64775e+6 
           8030      3.65045e+6 
           8050      3.61154e+6 
           8070      3.63034e+6 
           8090      3.57263e+6 
           8110      3.58933e+6 
           8130      3.59124e+6 
           8150      3.57416e+6 
           8170       3.5607e+6 
           8190      3.44749e+6 
           8210      3.48041e+6 
           8230      3.46152e+6 
           8250      3.49135e+6 
           8270      3.49984e+6 
           8290      3.47972e+6 
           8310      3.43697e+6 
           8330      3.38304e+6 
           8350      3.41422e+6 
           8370       3.4132e+6 
           8390      3.32737e+6 
           8410      3.39401e+6 
           8430      3.33495e+6 
           8450      3.36049e+6 
           8470      3.31969e+6 
           8490      3.28635e+6 
           8510      3.15358e+6 
           8530      3.24435e+6 
           8550      2.83899e+6 
           8570      3.29064e+6 
           8590      3.25302e+6 
           8610      3.23806e+6 
           8630      3.24666e+6 
           8650      3.21045e+6 
           8670      2.83036e+6 
           8690       3.1233e+6 
           8710      3.18625e+6 
           8730      3.17429e+6 
           8750      3.14533e+6 
           8770      3.16425e+6 
           8790       3.1412e+6 
           8810      3.04733e+6 
           8830      3.09128e+6 
           8850      3.10735e+6 
           8870      3.05884e+6 
           8890      3.10558e+6 
           8910      3.09904e+6 
           8930      3.05977e+6 
           8950      3.04148e+6 
           8970      3.04514e+6 
           8990      3.04562e+6 
           9010       2.9356e+6 
           9030      3.00692e+6 
           9050      3.02116e+6 
           9070      2.99356e+6 
           9090      2.92747e+6 
           9110      2.94363e+6 
           9130      2.95791e+6 
           9150      2.93388e+6 
           9170      2.91411e+6 
           9190      2.91228e+6 
           9210      2.86545e+6 
           9230       2.8469e+6 
           9250      2.82883e+6 
           9270      2.85202e+6 
           9290      2.84241e+6 
           9310      2.84934e+6 
           9330      2.83549e+6 
           9350      2.81751e+6 
           9370      2.80069e+6 
           9390      2.79967e+6 
           9410       2.7175e+6 
           9430       2.7677e+6 
           9450      2.73478e+6 
           9470      2.75845e+6 
           9490      2.75302e+6 
           9510      2.74233e+6 
           9530      2.72477e+6 
           9550      2.68421e+6 
           9570      2.69896e+6 
           9590      2.70631e+6 
           9610      2.68784e+6 
           9630      2.67039e+6 
           9650      2.64266e+6 
           9670      2.63984e+6 
           9690      2.65311e+6 
           9710      2.63576e+6 
           9730      2.62478e+6 
           9750      2.60447e+6 
           9770      2.60522e+6 
           9790      2.58464e+6 
           9810      2.59568e+6 
           9830      2.58439e+6 
           9850      2.58129e+6 
           9870      2.56105e+6 
           9890      2.55359e+6 
           9910      2.54345e+6 
           9930      2.54655e+6 
           9950      2.53613e+6 
           9970      2.52877e+6 
           9990      2.51696e+6 
          10025      2.49795e+6 
          10075      2.46297e+6 
          10125      2.45293e+6 
          10175      2.42026e+6 
          10225      2.40414e+6 
          10275      2.38994e+6 
          10325      2.35214e+6 
          10375      2.33226e+6 
          10425      2.32488e+6 
          10475      2.29439e+6 
          10525      2.28254e+6 
          10575      2.24979e+6 
          10625       2.2283e+6 
          10675      2.19263e+6 
          10725      2.19084e+6 
          10775      2.15783e+6 
          10825      2.11534e+6 
          10875      2.10919e+6 
          10925      2.09346e+6 
          10975      2.05166e+6 
          11025      2.04968e+6 
          11075      2.04598e+6 
          11125      2.02279e+6 
          11175      2.00657e+6 
          11225      1.99786e+6 
          11275      1.95875e+6 
          11325      1.96167e+6 
          11375      1.93576e+6 
          11425      1.91227e+6 
          11475      1.91991e+6 
          11525      1.90689e+6 
          11575      1.88151e+6 
          11625      1.85092e+6 
          11675      1.84767e+6 
          11725      1.84861e+6 
          11775      1.81471e+6 
          11825      1.78552e+6 
          11875      1.77618e+6 
          11925      1.79025e+6 
          11975      1.72144e+6 
          12025      1.73762e+6 
          12075       1.7153e+6 
          12125      1.72155e+6 
          12175      1.71964e+6 
          12225      1.70555e+6 
          12275      1.68446e+6 
          12325      1.67786e+6 
          12375      1.66391e+6 
          12425      1.64738e+6 
          12475      1.64028e+6 
          12525      1.62538e+6 
          12575      1.61434e+6 
          12625      1.59992e+6 
          12675      1.58432e+6 
          12725      1.57837e+6 
          12775       1.5674e+6 
          12825      1.51271e+6 
          12875      1.53994e+6 
          12925      1.52336e+6 
          12975      1.52052e+6 
          13025      1.50632e+6 
          13075      1.49909e+6 
          13125      1.47007e+6 
          13175      1.46095e+6 
          13225      1.46575e+6 
          13275      1.44445e+6 
          13325      1.43878e+6 
          13375      1.42969e+6 
          13425      1.42571e+6 
          13475      1.41442e+6 
          13525      1.40553e+6 
          13575      1.38558e+6 
          13625      1.37836e+6 
          13675      1.37271e+6 
          13725      1.36594e+6 
          13775      1.35466e+6 
          13825      1.34748e+6 
          13875      1.33518e+6 
          13925      1.32858e+6 
          13975      1.31903e+6 
          14025      1.30384e+6 
          14075      1.30066e+6 
          14125      1.28177e+6 
          14175      1.28204e+6 
          14225      1.25923e+6 
          14275      1.23937e+6 
          14325      1.25346e+6 
          14375      1.25046e+6 
          14425      1.21943e+6 
          14475      1.23362e+6 
          14525       1.2101e+6 
          14570      1.20633e+6 
          14620      1.20629e+6 
          14675      1.19625e+6 
          14725      1.17947e+6 
          14775      1.17635e+6 
          14825      1.17045e+6 
          14875       1.1306e+6 
          14925      1.16512e+6 
          14975      1.14993e+6 
          15025      1.09246e+6 
          15075      1.10979e+6 
          15125       1.1323e+6 
          15175      1.12793e+6 
          15225      1.11106e+6 
          15275        1.109e+6 
          15325      1.10301e+6 
          15375       1.0961e+6 
          15425      1.09399e+6 
          15475      1.08761e+6 
          15525      1.07404e+6 
          15575      1.06669e+6 
          15625      1.06434e+6 
          15675      1.04923e+6 
          15725      1.04035e+6 
          15775          997919 
          15825      1.02308e+6 
          15875          997796 
          15925      1.01266e+6 
          15975      1.00446e+6 
          16050          996936 
          16150          977998 
          16250          969253 
          16350          948693 
          16450          928883 
          16550          920980 
          16650          901497 
          16750          874060 
          16850          856633 
          16950          852154 
          17050          828761 
          17150          807071 
          17250          794450 
          17350          768185 
          17450          762648 
          17550          753064 
          17650          737540 
          17750          723096 
          17850          711102 
          17950          697647 
          18050          682226 
          18150          660857 
          18250          653545 
          18350          643262 
          18450          625373 
          18550          619209 
          18650          604615 
          18750          574073 
          18850          583105 
          18950          564713 
          19050          563928 
          19150          552179 
          19250          542846 
          19350          529484 
          19450          508997 
          19550          512477 
          19650          503603 
          19750          490433 
          19850          484531 
          19950          476685 
          20050          471181 
          20150          463908 
          20250          453367 
          20350          443747 
          20450          439778 
          20550          431395 
          20650          420495 
          20750          416007 
          20850          409277 
          20950          399422 
          21050          395678 
          21150          388351 
          21250          382343 
          21350          375703 
          21450          370187 
          21550          363984 
          21650          349909 
          21750          349795 
          21850          344162 
          21950          340612 
          22050          331415 
          22150          329775 
          22250          323392 
          22350          318302 
          22450          313289 
          22550          308133 
          22650          302614 
          22750          298990 
          22850          292367 
          22950          285511 
          23050          283458 
          23150          279025 
          23250          270051 
          23350          267895 
          23450          266245 
          23550          256639 
          23650          256716 
          23750          252802 
          23850          244626 
          23950          244749 
          24050          241838 
          24150          234724 
          24250          233445 
          24350          230407 
          24450          225791 
          24550          221043 
          24650          220722 
          24750          216150 
          24850          209912 
          24950          210914 
          25050          208206 
          25150          203808 
          25250          201961 
          25350          199145 
          25450          195536 
          25550          192901 
          25650          190294 
          25750          188688 
          25850          183803 
          25950          182960 
          26050          180764 
          26150          178013 
          26250          171454 
          26350          172342 
          26450          169894 
          26550          167489 
          26650          164421 
          26750          164010 
          26850          162053 
          26950          159644 
          27050          157642 
          27150          155430 
          27250          153389 
          27350          151302 
          27450          149482 
          27550          147183 
          27650          145139 
          27750          143376 
          27850          141571 
          27950          139701 
          28050          137788 
          28150          136107 
          28250          134366 
          28350          132731 
          28450          130771 
          28550          129181 
          28650          127428 
          28750          125522 
          28850          124264 
          28950          122728 
          29050          121081 
          29150          119640 
          29250          117608 
          29350          116484 
          29450          114865 
          29550          113610 
          29650          112103 
          29750          110798 
          29850          109456 
          29950          107962 
          30050          106531 
          30150          105432 
          30250          104049 
          30350          102337 
          30450          101199 
          30550          100287 
          30650         98944.4 
          30750         97907.4 
          30850         96505.9 
          30950         95320.8 
          31050           94407 
          31150         92388.5 
          31250         92091.4 
          31350         90795.7 
          31450         89914.7 
          31550         88452.3 
          31650         87766.3 
          31750         86579.2 
          31850         85597.9 
          31950         84694.1 
          32100         83169.3 
          32300         81142.4 
          32500         79383.5 
          32700         77545.2 
          32900         75397.5 
          33100         73908.1 
          33300         72071.6 
          33500         70723.4 
          33700         69170.2 
          33900         67320.5 
          34100         65959.7 
          34300         64738.1 
          34500         63223.5 
          34700         61927.5 
          34900         60625.8 
          35100         59267.2 
          35300         57932.5 
          35500         56806.2 
          35700         55485.9 
          35900         54331.4 
          36100         53326.5 
          36300         52154.3 
          36500         50993.2 
          36700         49868.4 
          36900         48748.4 
          37100         47783.3 
          37300         46893.2 
          37500         45751.3 
          37700         45057.9 
          37900         44184.9 
          38100           43302 
          38300         42493.8 
          38500         41664.6 
          38700           40800 
          38900         39995.6 
          39100         39281.8 
          39300         38507.4 
          39500         37720.2 
          39700         37051.6 
          39900         36191.5 
          40100         35601.9 
          40300         34970.8 
          40500         34072.9 
          40700         33613.6 
          40900         33035.6 
          41100         32411.8 
          41300         31853.5 
          41500           31230 
          41700         30669.1 
          41900           30083 
          42100           29362 
          42300         29068.2 
          42500           28497 
          42700           28024 
          42900         27061.2 
          43100         26267.2 
          43300           26021 
          43500         25071.6 
          43700           24527 
          43900         24227.8 
          44100         23297.6 
          44300         23053.1 
          44500           22717 
          44700         21935.4 
          44900         21831.9 
          45100           21398 
          45300         20790.8 
          45500         20632.1 
          45700         20397.8 
          45900           19768 
          46100           19643 
          46300         19308.5 
          46500           19033 
          46700         18804.6 
          46900         18519.6 
          47100           18220 
          47300           18073 
          47500         17712.4 
          47700         17438.3 
          47900         17202.7 
          48100           16845 
          48300         16741.3 
          48500         16454.6 
          48700         16157.7 
          48900         15931.2 
          49100         15709.5 
          49300         15458.2 
          49500         15211.6 
          49700           14993 
          49900         14804.5 
          50100         14504.8 
          50300         14382.4 
          50500         14092.9 
          50700         13919.5 
          50900         13754.1 
          51100         13496.3 
          51300         13341.4 
          51500         13128.9 
          51700         13010.6 
          51900         12765.5 
          52100         12583.6 
          52300         12392.2 
          52500         12255.2 
          52700         12112.8 
          52900         11866.4 
          53100         11737.6 
          53300         11566.8 
          53500           11425 
          53700         11267.6 
          53900         11121.5 
          54100         10967.3 
          54300         10769.3 
          54500         10669.5 
          54700         10518.4 
          54900         10362.8 
          55100           10242 
          55300         10143.4 
          55500         9944.63 
          55700         9869.59 
          55900         9698.29 
          56100         9578.28 
          56300         9442.59 
          56500         9350.26 
          56700         9229.08 
          56900         9074.72 
          57100         8990.48 
          57300          8868.4 
          57500         8752.23 
          57700         8635.52 
          57900         8538.66 
          58100         8414.57 
          58300         8311.18 
          58500         8213.71 
          58700         8095.42 
          58900         7990.46 
          59100         7897.52 
          59300         7798.92 
          59500         7691.69 
          59700         7609.66 
          59900         7513.07 
          60100         7417.88 
          60300         7325.13 
          60500         7228.21 
          60700         7138.21 
          60900         7044.46 
          61100         6949.19 
          61300         6876.46 
          61500         6795.25 
          61700         6712.86 
          61900         6632.67 
          62100         6550.56 
          62300         6457.41 
          62500         6378.26 
          62700         6304.19 
          62900         6234.27 
          63100          6154.2 
          63300         6087.92 
          63500         6010.39 
          63700          5939.1 
          63900         5864.72 
          64200         5763.69 
          64600         5623.93 
          65000         5488.75 
          65400         5365.54 
          65800         5241.06 
          66200         5118.09 
          66600         5000.51 
          67000         4884.82 
          67400         4771.53 
          67800         4664.68 
          68200         4558.91 
          68600         4456.74 
          69000         4356.01 
          69400         4258.01 
          69800         4165.35 
          70200         4070.16 
          70600         3983.94 
          71000         3897.33 
          71400         3812.64 
          71800         3730.08 
          72200         3650.06 
          72600         3571.79 
          73000         3496.48 
          73400         3421.62 
          73800         3350.54 
          74200         3280.09 
          74600         3207.57 
          75000          3144.1 
          75400         3080.55 
          75800         3017.56 
          76200         2955.94 
          76600         2896.19 
          77000          2837.2 
          77400         2780.72 
          77800         2725.19 
          78200         2671.02 
          78600         2618.17 
          79000         2566.61 
          79400         2516.31 
          79800         2467.25 
          80200         2419.15 
          80600         2371.83 
          81000         2327.05 
          81400         2281.66 
          81800         2238.85 
          82200         2196.65 
          82600         2155.22 
          83000         2114.75 
          83400          2074.8 
          83800         2036.37 
          84200            1999 
          84600         1962.09 
          85000         1926.15 
          85400         1891.05 
          85800         1856.57 
          86200         1823.05 
          86600         1790.28 
          87000         1758.17 
          87400         1726.78 
          87800         1696.08 
          88200         1665.96 
          88600         1636.02 
          89000         1607.42 
          89400         1579.87 
          89800         1552.04 
          90200         1525.53 
          90600         1499.37 
          91000         1473.17 
          91400         1447.85 
          91800         1423.59 
          92200         1399.52 
          92600         1375.82 
          93000         1352.99 
          93400         1329.94 
          93800          1307.7 
          94200         1286.51 
          94600         1264.63 
          95000          1244.4 
          95400         1224.01 
          95800         1203.34 
          96200         1184.44 
          96600         1164.44 
          97000         1146.41 
          97400          1127.4 
          97800         1108.82 
          98200         1092.27 
          98600          1074.9 
          99000         1057.54 
          99400         1040.62 
          99800         1025.07 
         100200         1009.06 
         200000          65.519 
         400000         4.13369 
         600000        0.814974 
         800000        0.256795 
         1.0e+6        0.104701 
         1.2e+6        0.050262 
         1.4e+6       0.0270112 
         1.6e+6       0.0157682 
