# Kurucz ODFNEW /NOVER models
# teff = 11500 K (value for the effective temperature for the model. Temperatures are given in K)
# logg = 3.00 log(cm/s2) (value for Log(G) for the model.)
# meta = -0.5  (value for the Metallicity for the model.)
# lh = 1.25  (l/Hp where l is the  mixing length of the convective element and Hp is the pressure scale height)
# vtur = 2.0 km/s (Microturbulence velocity)
#
# column 1: WAVELENGTH (ANGSTROM), Wavelength in Angstrom
# column 2: FLUX (ERG/CM2/S/A), Flux in erg/cm2/s/A
              0               0 
           90.9               0 
           93.5               0 
           96.1               0 
           97.7               0 
           99.6               0 
            102               0 
          103.8               0 
          105.6               0 
          107.7               0 
          110.4               0 
            114               0 
          117.8               0 
          121.3               0 
          124.8               0 
          127.1               0 
          128.4               0 
          130.5               0 
          132.4               0 
          133.9               0 
          136.6               0 
          139.8               0 
          143.3               0 
          147.2               0 
            151               0 
          155.2               0 
          158.8               0 
            162               0 
            166               0 
          170.3               0 
          173.4               0 
          176.8               0 
          180.2               0 
          181.7               0 
          186.1               0 
            191               0 
          193.9               0 
          198.4               0 
          201.8               0 
            205               0 
          210.5               0 
          216.2               0 
          219.8               0 
            223               0 
          226.8               0 
            230               0 
            234     1.55258e-23 
            240     2.19557e-22 
          246.5     1.68679e-21 
          252.4     9.59303e-21 
          256.8     3.33894e-20 
            260     8.07185e-20 
            264      2.3664e-19 
          268.5     7.62633e-19 
          273.5     2.68065e-18 
          278.5     9.06246e-18 
            284     3.29463e-17 
            290     1.27609e-16 
            296     4.67517e-16 
            301     1.33156e-15 
            308      5.4454e-15 
            318     3.66352e-14 
            328     2.20021e-13 
            338     1.18783e-12 
            348     5.82434e-12 
            357     2.26096e-11 
            366     8.20052e-11 
            375     2.78934e-10 
            385      1.01593e-9 
            395      3.45958e-9 
            405      1.10887e-8 
            414      3.00863e-8 
            422      7.04215e-8 
            430      1.59345e-7 
            441      4.67442e-7 
            451      1.18482e-6 
            460      2.63978e-6 
            470      6.19005e-6 
            480      1.39913e-5 
            490       3.0562e-5 
            500      6.45459e-5 
            506     0.000388609 
            512     0.000803045 
            520      0.00130759 
            530       0.0023843 
            540      0.00412401 
            550      0.00732201 
            560       0.0124299 
            570       0.0207706 
            580       0.0328911 
            590       0.0544588 
            600       0.0863297 
            610        0.135212 
            620        0.207496 
            630        0.314815 
            640        0.468513 
            650        0.695716 
            658        0.942949 
            665          1.2206 
            675         1.74852 
            685         2.48258 
            695         3.49591 
            705         4.85694 
            716         6.90431 
            726         9.42047 
            735         12.3474 
            745         16.5733 
            755         22.0543 
            765         29.0891 
            775         38.1558 
            785         49.6417 
            795          63.982 
            805         82.1623 
            815         104.712 
            825         132.576 
            835         165.929 
            845         208.841 
            855         259.636 
            865         321.752 
            875         395.564 
            885         485.136 
            895         591.086 
            905         712.409 
            915         12263.6 
            925         75141.2 
            935          124147 
            945          401686 
            955      5.24022e+6 
            965      8.49642e+6 
            975      1.28456e+6 
            985      2.90322e+7 
            995      3.88516e+7 
           1005      4.31812e+7 
           1015      2.23191e+7 
           1025          654297 
           1035        1.111e+7 
           1045      5.76468e+7 
           1055      7.82587e+7 
           1065      7.12823e+7 
           1075      8.82049e+7 
           1085      8.67467e+7 
           1095      9.48654e+7 
           1105       1.1654e+8 
           1115      1.78622e+8 
           1125      1.96482e+8 
           1135      2.21053e+8 
           1145      2.06494e+8 
           1155      2.24856e+8 
           1165      2.45523e+8 
           1175      2.28383e+8 
           1185      1.84791e+8 
           1195      1.90327e+7 
           1205      1.11032e+7 
           1215          907918 
           1225      6.90812e+6 
           1235      8.46173e+7 
           1245      2.37681e+8 
           1255      2.92386e+8 
           1265      2.14527e+8 
           1275      3.24166e+8 
           1285      3.76497e+8 
           1295      3.05827e+8 
           1305      2.04153e+8 
           1315      3.41715e+8 
           1325      3.66083e+8 
           1335      3.19441e+8 
           1345      3.99216e+8 
           1355      3.77975e+8 
           1365      3.26846e+8 
           1375      3.64371e+8 
           1385      3.75232e+8 
           1395      3.79049e+8 
           1405      3.82298e+8 
           1415      3.49762e+8 
           1425      3.63849e+8 
           1435      3.41928e+8 
           1442      3.73784e+8 
           1447      3.93625e+8 
           1455      3.88756e+8 
           1465       3.6414e+8 
           1475      3.46665e+8 
           1485      3.60225e+8 
           1495      3.73236e+8 
           1505      3.71188e+8 
           1512      3.50604e+8 
           1517      3.72246e+8 
           1525      3.49009e+8 
           1535      3.29865e+8 
           1545      3.62869e+8 
           1555      3.30203e+8 
           1565      3.12693e+8 
           1575      3.18667e+8 
           1585       3.4465e+8 
           1595      3.55194e+8 
           1605         3.33e+8 
           1615      3.34955e+8 
           1625      3.09644e+8 
           1635      3.20031e+8 
           1645      3.25425e+8 
           1655      2.89677e+8 
           1665      3.20601e+8 
           1672      2.62282e+8 
           1677      3.06079e+8 
           1685      3.28719e+8 
           1695      3.12042e+8 
           1705      2.96392e+8 
           1715      2.84877e+8 
           1725      2.81849e+8 
           1735      2.94766e+8 
           1745      2.90086e+8 
           1755      3.11143e+8 
           1765      2.76596e+8 
           1775      2.98981e+8 
           1785      2.97887e+8 
           1795      3.13997e+8 
           1805      3.04505e+8 
           1815      2.98425e+8 
           1825      2.90446e+8 
           1835      2.80453e+8 
           1845      2.66432e+8 
           1855      2.65581e+8 
           1865      2.66857e+8 
           1875      2.85632e+8 
           1885      2.76481e+8 
           1895      2.67969e+8 
           1905      2.70166e+8 
           1915      2.67537e+8 
           1925      2.66706e+8 
           1935      2.68455e+8 
           1945      2.74624e+8 
           1955      2.65425e+8 
           1967       2.7686e+8 
           1976      2.77557e+8 
           1984      2.68547e+8 
           1995      2.57349e+8 
           2005      2.61545e+8 
           2015      2.47209e+8 
           2025      2.56882e+8 
           2035       2.5107e+8 
           2045      2.56809e+8 
           2055       2.4428e+8 
           2065       2.4374e+8 
           2074      2.50746e+8 
           2078      2.51422e+8 
           2085       2.5342e+8 
           2095      2.43212e+8 
           2105       2.4163e+8 
           2115      2.40344e+8 
           2125      2.41591e+8 
           2135      2.17539e+8 
           2145      2.33152e+8 
           2155      2.36461e+8 
           2165      2.25818e+8 
           2175       2.2174e+8 
           2185      2.18452e+8 
           2195      2.29603e+8 
           2205      2.21225e+8 
           2215      2.07668e+8 
           2225      1.99589e+8 
           2235      2.17498e+8 
           2245       1.9927e+8 
           2255      1.96173e+8 
           2265      1.98785e+8 
           2275      2.07588e+8 
           2285      2.11287e+8 
           2295      2.01246e+8 
           2305      1.94604e+8 
           2315      1.88027e+8 
           2325      1.88427e+8 
           2335      1.79333e+8 
           2345      1.69963e+8 
           2355      1.83487e+8 
           2365         1.69e+8 
           2375      1.75073e+8 
           2385      1.59124e+8 
           2395      1.72575e+8 
           2405      1.63731e+8 
           2415      1.67093e+8 
           2425      1.73707e+8 
           2435      1.65745e+8 
           2445      1.76101e+8 
           2455        1.696e+8 
           2465      1.69572e+8 
           2475      1.62909e+8 
           2485        1.731e+8 
           2495      1.67449e+8 
           2505      1.77816e+8 
           2513      1.65303e+8 
           2518       1.7015e+8 
           2525       1.5918e+8 
           2535      1.59164e+8 
           2545      1.56764e+8 
           2555       1.6367e+8 
           2565      1.61452e+8 
           2575      1.71007e+8 
           2585      1.69179e+8 
           2595       1.6837e+8 
           2605      1.61301e+8 
           2615      1.60284e+8 
           2625      1.64106e+8 
           2635      1.64908e+8 
           2645      1.75489e+8 
           2655      1.72497e+8 
           2665      1.62834e+8 
           2675      1.67958e+8 
           2685      1.66553e+8 
           2695      1.61408e+8 
           2705      1.63919e+8 
           2715      1.57638e+8 
           2725      1.58381e+8 
           2735      1.66038e+8 
           2745      1.48672e+8 
           2755      1.47947e+8 
           2765      1.52018e+8 
           2775      1.58409e+8 
           2785      1.57935e+8 
           2795      1.41948e+8 
           2805      1.50179e+8 
           2815      1.59022e+8 
           2825      1.58158e+8 
           2835      1.52436e+8 
           2845      1.47466e+8 
           2855      1.46666e+8 
           2865      1.51202e+8 
           2875      1.47554e+8 
           2885      1.50285e+8 
           2895      1.46965e+8 
           2910      1.54619e+8 
           2930      1.49268e+8 
           2950      1.48237e+8 
           2970      1.47717e+8 
           2990      1.46784e+8 
           3010      1.48333e+8 
           3030      1.46668e+8 
           3050      1.44298e+8 
           3070      1.42344e+8 
           3090      1.42306e+8 
           3110      1.39208e+8 
           3130      1.37577e+8 
           3150      1.37351e+8 
           3170      1.35518e+8 
           3190      1.31647e+8 
           3210      1.32611e+8 
           3230      1.30739e+8 
           3250      1.29881e+8 
           3270      1.29248e+8 
           3290      1.28301e+8 
           3310      1.27618e+8 
           3330      1.25577e+8 
           3350      1.23501e+8 
           3370      1.22587e+8 
           3390      1.20997e+8 
           3410      1.20933e+8 
           3430      1.19665e+8 
           3450      1.18762e+8 
           3470      1.17097e+8 
           3490      1.16021e+8 
           3510      1.15553e+8 
           3530       1.1477e+8 
           3550      1.13705e+8 
           3570      1.12393e+8 
           3590      1.11282e+8 
           3610      1.10217e+8 
           3630       1.0902e+8 
           3640      1.08655e+8 
           3650      1.09251e+8 
           3670      1.07708e+8 
           3690      1.03727e+8 
           3710      1.15189e+8 
           3730      1.27921e+8 
           3750      1.69145e+8 
           3770      1.73369e+8 
           3790      1.94509e+8 
           3810      2.12622e+8 
           3830       1.7729e+8 
           3850      2.19562e+8 
           3870      2.28293e+8 
           3890       1.6339e+8 
           3910      2.23319e+8 
           3930      2.21295e+8 
           3950      2.18597e+8 
           3970      1.53731e+8 
           3990      2.10916e+8 
           4010      2.11975e+8 
           4030       2.0707e+8 
           4050      2.07152e+8 
           4070      2.02712e+8 
           4090      1.84146e+8 
           4110      1.50421e+8 
           4130      1.91816e+8 
           4150      1.92437e+8 
           4170      1.89859e+8 
           4190      1.87645e+8 
           4210      1.85289e+8 
           4230      1.82395e+8 
           4250      1.79807e+8 
           4270      1.77015e+8 
           4290      1.74948e+8 
           4310      1.71089e+8 
           4330      1.50725e+8 
           4350      1.31689e+8 
           4370      1.64384e+8 
           4390      1.61795e+8 
           4410      1.61284e+8 
           4430      1.58897e+8 
           4450      1.57179e+8 
           4470      1.53721e+8 
           4490      1.51273e+8 
           4510      1.50415e+8 
           4530      1.48359e+8 
           4550      1.45515e+8 
           4570      1.45065e+8 
           4590      1.42289e+8 
           4610      1.41585e+8 
           4630      1.38655e+8 
           4650      1.37914e+8 
           4670      1.35922e+8 
           4690      1.34275e+8 
           4710      1.31651e+8 
           4730      1.30805e+8 
           4750      1.29074e+8 
           4770      1.27726e+8 
           4790      1.26069e+8 
           4810      1.24129e+8 
           4830      1.21788e+8 
           4850      1.09413e+8 
           4870      9.24461e+7 
           4890      1.16883e+8 
           4910      1.16475e+8 
           4930      1.14525e+8 
           4950       1.1393e+8 
           4970       1.1262e+8 
           4990      1.11118e+8 
           5010       1.0869e+8 
           5030      1.08147e+8 
           5050      1.06068e+8 
           5070      1.05715e+8 
           5090      1.04441e+8 
           5110      1.03038e+8 
           5130      1.02023e+8 
           5150      1.00554e+8 
           5170       9.9011e+7 
           5190      9.81458e+7 
           5210      9.69316e+7 
           5230      9.56023e+7 
           5250      9.48411e+7 
           5270      9.32624e+7 
           5290      9.27606e+7 
           5310      9.12589e+7 
           5330      9.05634e+7 
           5350      8.95783e+7 
           5370      8.85293e+7 
           5390      8.75157e+7 
           5410      8.64323e+7 
           5430      8.54364e+7 
           5450      8.45631e+7 
           5470      8.35429e+7 
           5490      8.26378e+7 
           5510      8.16656e+7 
           5530      8.08124e+7 
           5550      7.99325e+7 
           5570      7.90316e+7 
           5590      7.81538e+7 
           5610      7.73282e+7 
           5630      7.64789e+7 
           5650      7.54982e+7 
           5670      7.47101e+7 
           5690      7.39588e+7 
           5710      7.31596e+7 
           5730      7.23573e+7 
           5750       7.1562e+7 
           5770      7.07873e+7 
           5790      6.99722e+7 
           5810      6.92323e+7 
           5830      6.84942e+7 
           5850      6.77624e+7 
           5870      6.66106e+7 
           5890       6.6237e+7 
           5910      6.55997e+7 
           5930      6.49246e+7 
           5950      6.40854e+7 
           5970      6.35056e+7 
           5990       6.2743e+7 
           6010      6.22084e+7 
           6030       6.1557e+7 
           6050      6.09016e+7 
           6070      6.02616e+7 
           6090      5.96338e+7 
           6110       5.9027e+7 
           6130      5.84092e+7 
           6150      5.76174e+7 
           6170      5.72019e+7 
           6190      5.66245e+7 
           6210      5.60483e+7 
           6230      5.54472e+7 
           6250      5.47265e+7 
           6270      5.43503e+7 
           6290        5.379e+7 
           6310      5.32081e+7 
           6330      5.27032e+7 
           6350      5.18149e+7 
           6370      5.13982e+7 
           6390      5.11212e+7 
           6410      5.05873e+7 
           6430      5.01154e+7 
           6450      4.95236e+7 
           6470      4.91342e+7 
           6490      4.85928e+7 
           6510      4.80211e+7 
           6530      4.73183e+7 
           6550       4.4318e+7 
           6570      3.71863e+7 
           6590      4.55747e+7 
           6610      4.56839e+7 
           6630      4.53754e+7 
           6650      4.49725e+7 
           6670      4.44703e+7 
           6690      4.40542e+7 
           6710      4.36873e+7 
           6730      4.32577e+7 
           6750       4.2852e+7 
           6770       4.2447e+7 
           6790      4.20372e+7 
           6810      4.16364e+7 
           6830       4.1229e+7 
           6850      4.08449e+7 
           6870      4.04636e+7 
           6890      4.00885e+7 
           6910      3.97054e+7 
           6930      3.93196e+7 
           6950      3.89697e+7 
           6970        3.861e+7 
           6990      3.82574e+7 
           7010      3.78854e+7 
           7030       3.7552e+7 
           7050      3.71602e+7 
           7070      3.67989e+7 
           7090      3.65264e+7 
           7110        3.617e+7 
           7130      3.58501e+7 
           7150       3.5526e+7 
           7170      3.52073e+7 
           7190      3.48898e+7 
           7210      3.45763e+7 
           7230      3.42432e+7 
           7250      3.39464e+7 
           7270      3.36487e+7 
           7290      3.33318e+7 
           7310      3.30416e+7 
           7330      3.27517e+7 
           7350      3.24669e+7 
           7370      3.21791e+7 
           7390      3.18928e+7 
           7410      3.16083e+7 
           7430      3.13103e+7 
           7450      3.10432e+7 
           7470      3.07509e+7 
           7490      3.05003e+7 
           7510       3.0226e+7 
           7530      2.99831e+7 
           7550      2.97221e+7 
           7570      2.94646e+7 
           7590      2.92062e+7 
           7610      2.89599e+7 
           7630      2.87073e+7 
           7650      2.84531e+7 
           7670       2.8214e+7 
           7690      2.79712e+7 
           7710      2.77255e+7 
           7730      2.74978e+7 
           7750      2.72632e+7 
           7770      2.67324e+7 
           7790      2.68014e+7 
           7810      2.65803e+7 
           7830      2.63538e+7 
           7850      2.61047e+7 
           7870      2.58469e+7 
           7890      2.55926e+7 
           7910      2.54778e+7 
           7930      2.52697e+7 
           7950      2.50248e+7 
           7970      2.48513e+7 
           7990      2.45547e+7 
           8010      2.44411e+7 
           8030      2.42394e+7 
           8050      2.40395e+7 
           8070      2.38412e+7 
           8090      2.36452e+7 
           8110      2.34491e+7 
           8130      2.32615e+7 
           8150      2.30715e+7 
           8170      2.28864e+7 
           8190      2.26843e+7 
           8210       2.2527e+7 
           8230      2.23347e+7 
           8250      2.22249e+7 
           8270      2.20724e+7 
           8290      2.18778e+7 
           8310      2.17284e+7 
           8330       2.1527e+7 
           8350      2.13397e+7 
           8370      2.10916e+7 
           8390      2.08702e+7 
           8410      2.06144e+7 
           8430      2.05698e+7 
           8450      2.03554e+7 
           8470      1.96639e+7 
           8490      2.06621e+7 
           8510      1.91834e+7 
           8530      2.07763e+7 
           8550      1.83813e+7 
           8570      2.09388e+7 
           8590      1.94486e+7 
           8610      1.89056e+7 
           8630      2.10751e+7 
           8650      2.04657e+7 
           8670      1.71418e+7 
           8690      2.07886e+7 
           8710      2.11024e+7 
           8730      2.05436e+7 
           8750      1.66005e+7 
           8770      1.97082e+7 
           8790      2.05304e+7 
           8810      2.04436e+7 
           8830      2.01448e+7 
           8850      1.87854e+7 
           8870        1.605e+7 
           8890      1.94466e+7 
           8910      1.96361e+7 
           8930      1.95114e+7 
           8950      1.94074e+7 
           8970      1.92114e+7 
           8990      1.87885e+7 
           9010      1.56776e+7 
           9030       1.7021e+7 
           9050      1.84887e+7 
           9070      1.84274e+7 
           9090      1.83126e+7 
           9110      1.82523e+7 
           9130      1.81105e+7 
           9150      1.80048e+7 
           9170      1.78041e+7 
           9190      1.75656e+7 
           9210      1.69591e+7 
           9230      1.37288e+7 
           9250      1.64253e+7 
           9270      1.68372e+7 
           9290      1.70036e+7 
           9310      1.69345e+7 
           9330      1.68023e+7 
           9350      1.66878e+7 
           9370       1.6563e+7 
           9390      1.64233e+7 
           9410      1.62212e+7 
           9430      1.61902e+7 
           9450      1.60758e+7 
           9470      1.59445e+7 
           9490      1.57895e+7 
           9510      1.55799e+7 
           9530      1.48629e+7 
           9550      1.23194e+7 
           9570      1.48438e+7 
           9590       1.5158e+7 
           9610      1.51084e+7 
           9630      1.49495e+7 
           9650      1.49296e+7 
           9670      1.48027e+7 
           9690      1.47123e+7 
           9710      1.46086e+7 
           9730      1.45025e+7 
           9750      1.43967e+7 
           9770      1.42944e+7 
           9790      1.41905e+7 
           9810      1.40865e+7 
           9830      1.39809e+7 
           9850      1.38826e+7 
           9870      1.37839e+7 
           9890      1.36746e+7 
           9910      1.35892e+7 
           9930      1.34917e+7 
           9950      1.33953e+7 
           9970      1.32988e+7 
           9990      1.31723e+7 
          10025      1.24365e+7 
          10075      1.18598e+7 
          10125      1.25463e+7 
          10175      1.23691e+7 
          10225      1.21616e+7 
          10275      1.19522e+7 
          10325      1.17445e+7 
          10375      1.15461e+7 
          10425      1.13514e+7 
          10475      1.11561e+7 
          10525      1.09646e+7 
          10575      1.07858e+7 
          10625      1.06074e+7 
          10675      1.04008e+7 
          10725      1.02507e+7 
          10775      1.00866e+7 
          10825      9.90173e+6 
          10875      9.72872e+6 
          10925      8.67213e+6 
          10975      9.20351e+6 
          11025      9.28199e+6 
          11075      9.14493e+6 
          11125      8.99839e+6 
          11175       8.8547e+6 
          11225       8.7144e+6 
          11275      8.54807e+6 
          11325      8.42342e+6 
          11375      8.30818e+6 
          11425      8.17819e+6 
          11475      8.05186e+6 
          11525      7.92711e+6 
          11575       7.8048e+6 
          11625       7.6787e+6 
          11675      7.55999e+6 
          11725      7.45044e+6 
          11775      7.32264e+6 
          11825      7.22419e+6 
          11875      7.11354e+6 
          11925      7.01056e+6 
          11975      6.90248e+6 
          12025      6.80196e+6 
          12075      6.70078e+6 
          12125      6.60131e+6 
          12175      6.50424e+6 
          12225      6.40854e+6 
          12275      6.31393e+6 
          12325      6.22213e+6 
          12375      6.13187e+6 
          12425      6.04358e+6 
          12475      5.95214e+6 
          12525      5.87036e+6 
          12575      5.78375e+6 
          12625       5.7028e+6 
          12675      5.62273e+6 
          12725      5.53977e+6 
          12775      5.40832e+6 
          12825      4.86485e+6 
          12875      5.27647e+6 
          12925      5.23728e+6 
          12975        5.165e+6 
          13025      5.09365e+6 
          13075      5.02326e+6 
          13125      4.95401e+6 
          13175      4.88284e+6 
          13225      4.81928e+6 
          13275      4.75354e+6 
          13325      4.68887e+6 
          13375      4.62547e+6 
          13425      4.56263e+6 
          13475      4.50123e+6 
          13525      4.44044e+6 
          13575      4.38141e+6 
          13625      4.32313e+6 
          13675        4.265e+6 
          13725      4.20858e+6 
          13775      4.15425e+6 
          13825       4.0996e+6 
          13875      4.04606e+6 
          13925      3.99297e+6 
          13975      3.94128e+6 
          14025      3.89026e+6 
          14075      3.84004e+6 
          14125      3.79025e+6 
          14175       3.7418e+6 
          14225      3.69395e+6 
          14275      3.64686e+6 
          14325      3.60051e+6 
          14375      3.55491e+6 
          14425       3.5073e+6 
          14475      3.46548e+6 
          14525      3.42114e+6 
          14570      3.38373e+6 
          14620      3.34526e+6 
          14675      3.30083e+6 
          14725      3.26054e+6 
          14775      3.22007e+6 
          14825      3.18209e+6 
          14875      3.14302e+6 
          14925      3.10525e+6 
          14975      3.06643e+6 
          15025      3.02802e+6 
          15075      2.98907e+6 
          15125      2.95056e+6 
          15175      2.91365e+6 
          15225      2.88642e+6 
          15275        2.833e+6 
          15325      2.79834e+6 
          15375      2.78654e+6 
          15425      2.71166e+6 
          15475      2.72626e+6 
          15525      2.70013e+6 
          15575      2.58701e+6 
          15625      2.66923e+6 
          15675      2.58492e+6 
          15725      2.49462e+6 
          15775       2.5898e+6 
          15825      2.55887e+6 
          15875      2.35128e+6 
          15925      2.47915e+6 
          15975      2.48993e+6 
          16050      2.42752e+6 
          16150       2.2924e+6 
          16250      2.35358e+6 
          16350      2.26639e+6 
          16450      2.14216e+6 
          16550      2.19888e+6 
          16650      2.15053e+6 
          16750      2.06947e+6 
          16850      1.95834e+6 
          16950       2.0107e+6 
          17050      1.96761e+6 
          17150      1.92526e+6 
          17250      1.88148e+6 
          17350      1.73696e+6 
          17450      1.79481e+6 
          17550       1.7656e+6 
          17650       1.7286e+6 
          17750      1.69232e+6 
          17850      1.65721e+6 
          17950      1.62301e+6 
          18050       1.5867e+6 
          18150       1.4748e+6 
          18250      1.51014e+6 
          18350      1.49395e+6 
          18450      1.46386e+6 
          18550      1.43411e+6 
          18650      1.40295e+6 
          18750      1.30466e+6 
          18850      1.34694e+6 
          18950      1.32374e+6 
          19050      1.29784e+6 
          19150      1.27261e+6 
          19250      1.24783e+6 
          19350      1.22058e+6 
          19450      1.13337e+6 
          19550      1.17415e+6 
          19650      1.15481e+6 
          19750      1.13291e+6 
          19850      1.11158e+6 
          19950      1.09071e+6 
          20050       1.0703e+6 
          20150      1.05033e+6 
          20250      1.03089e+6 
          20350      1.01196e+6 
          20450          993347 
          20550          975228 
          20650          957501 
          20750          940158 
          20850          923274 
          20950          906671 
          21050          890510 
          21150          874615 
          21250          859142 
          21350          843925 
          21450          829196 
          21550          813082 
          21650          758070 
          21750          783097 
          21850          773231 
          21950          759962 
          22050          746996 
          22150          734261 
          22250          721852 
          22350          709684 
          22450          697761 
          22550          686090 
          22650          674671 
          22750          663483 
          22850          652876 
          22950          642212 
          23050          631774 
          23150          621542 
          23250          611514 
          23350          601686 
          23450          592036 
          23550          582578 
          23650          573263 
          23750          564116 
          23850          555132 
          23950          546291 
          24050          537417 
          24150          528630 
          24250          521216 
          24350          512261 
          24450          503717 
          24550          497461 
          24650          488356 
          24750          480996 
          24850          476592 
          24950          461782 
          25050          462508 
          25150          455885 
          25250          438584 
          25350          441900 
          25450          436690 
          25550          429036 
          25650          409831 
          25750          417188 
          25850          412050 
          25950          406009 
          26050          397036 
          26150          378011 
          26250          367480 
          26350          381231 
          26450          378182 
          26550          373329 
          26650          366053 
          26750          344183 
          26850          355728 
          26950          352547 
          27050          347576 
          27150          342690 
          27250          337893 
          27350          333168 
          27450          327907 
          27550          309305 
          27650          314437 
          27750          314974 
          27850          310783 
          27950          306538 
          28050          302359 
          28150          298252 
          28250          294214 
          28350          290248 
          28450          286340 
          28550          282457 
          28650          275908 
          28750          261107 
          28850          270611 
          28950          267734 
          29050          264264 
          29150          260778 
          29250          257378 
          29350          254017 
          29450          250714 
          29550          247467 
          29650          244271 
          29750          241125 
          29850          238032 
          29950          234983 
          30050          231983 
          30150          229033 
          30250          225788 
          30350          214516 
          30450          215673 
          30550          217476 
          30650          214972 
          30750          212290 
          30850          209609 
          30950          207054 
          31050          204495 
          31150          201977 
          31250          199494 
          31350          197051 
          31450          194645 
          31550          192278 
          31650          189944 
          31750          187647 
          31850          185386 
          31950          183157 
          32100          179878 
          32300          175617 
          32500          171482 
          32700          167460 
          32900          158557 
          33100          158613 
          33300          155810 
          33500          152297 
          33700          148849 
          33900          145502 
          34100          142245 
          34300          139076 
          34500          136000 
          34700          133000 
          34900          130076 
          35100          127240 
          35300          124481 
          35500          121764 
          35700          119103 
          35900          116713 
          36100          114016 
          36300          111856 
          36500          109158 
          36700          107286 
          36900          104455 
          37100          102839 
          37300         99535.3 
          37500         96169.8 
          37700         96710.6 
          37900         94832.4 
          38100         92196.7 
          38300         90527.4 
          38500         89284.2 
          38700         87523.8 
          38900         85665.1 
          39100         82619.8 
          39300         82481.3 
          39500         81000.9 
          39700         79436.3 
          39900         77891.8 
          40100         75556.4 
          40300         73650.9 
          40500         71549.4 
          40700         72019.1 
          40900         70746.8 
          41100         69415.4 
          41300         68117.6 
          41500         66767.1 
          41700           63771 
          41900         64285.7 
          42100           63213 
          42300         62056.7 
          42500         60927.7 
          42700           59823 
          42900         58742.5 
          43100         57687.6 
          43300         56655.4 
          43500         55636.1 
          43700         53261.7 
          43900         53354.1 
          44100         52753.3 
          44300         51830.8 
          44500         50928.1 
          44700         50105.8 
          44900         49180.4 
          45100         48335.8 
          45300         47507.8 
          45500         46699.9 
          45700         45907.8 
          45900         45129.6 
          46100         44361.2 
          46300         43569.1 
          46500         41627.1 
          46700         40870.7 
          46900         41350.1 
          47100         40794.3 
          47300         40138.3 
          47500         39485.4 
          47700         38845.6 
          47900         38216.3 
          48100         37599.7 
          48300         36996.5 
          48500         36400.5 
          48700         35822.5 
          48900         35249.9 
          49100         34695.9 
          49300         34140.7 
          49500         33619.3 
          49700         33065.6 
          49900         32578.7 
          50100           32067 
          50300           31537 
          50500         31094.2 
          50700         30613.3 
          50900         30073.7 
          51100         29602.2 
          51300         28356.9 
          51500         28739.3 
          51700         28263.7 
          51900         27955.4 
          52100           27576 
          52300         27164.4 
          52500         26685.8 
          52700         26202.9 
          52900         25967.4 
          53100         25595.8 
          53300         25221.1 
          53500         24853.9 
          53700         24339.9 
          53900         23996.2 
          54100         23790.8 
          54300         23448.4 
          54500         23113.1 
          54700         22783.2 
          54900           22460 
          55100         22066.4 
          55300         21563.4 
          55500         21508.6 
          55700         21220.8 
          55900         20924.6 
          56100         20633.2 
          56300         20346.6 
          56500         20065.9 
          56700         19788.7 
          56900         19489.2 
          57100         18909.3 
          57300           18945 
          57500         18730.3 
          57700         18476.2 
          57900         18227.4 
          58100         17982.7 
          58300         17734.3 
          58500         17495.4 
          58700         17257.3 
          58900         16977.4 
          59100         16286.7 
          59300         16540.2 
          59500         16048.2 
          59700         16041.3 
          59900         15938.6 
          60100         15763.8 
          60300         15565.1 
          60500         15363.6 
          60700         15165.4 
          60900         14970.4 
          61100         14778.7 
          61300         14590.2 
          61500         14403.9 
          61700         14221.6 
          61900         14041.3 
          62100           13865 
          62300         13690.8 
          62500         13510.7 
          62700         13298.1 
          62900         12808.1 
          63100         12948.4 
          63300         12845.1 
          63500         12699.8 
          63700         12544.1 
          63900           12390 
          64200         12163.9 
          64600         11870.2 
          65000         11585.4 
          65400         11308.5 
          65800         11040.1 
          66200           10779 
          66600         10526.7 
          67000         10279.7 
          67400         10017.1 
          67800         9637.82 
          68200         9572.07 
          68600         9368.69 
          69000         9156.74 
          69400         8935.73 
          69800          8750.1 
          70200         8555.12 
          70600         8364.72 
          71000         8162.36 
          71400          8001.7 
          71800         7828.03 
          72200         7658.41 
          72600         7469.18 
          73000         7327.47 
          73400          7175.8 
          73800         7023.54 
          74200         6865.22 
          74600         6595.67 
          75000         6381.32 
          75400         6429.47 
          75800         6320.88 
          76200         6191.04 
          76600         6064.53 
          77000          5941.2 
          77400         5817.44 
          77800         5656.33 
          78200         5586.12 
          78600         5478.17 
          79000         5369.55 
          79400         5263.58 
          79800         5160.18 
          80200         5059.36 
          80600         4960.97 
          81000         4864.88 
          81400         4725.81 
          81800         4664.35 
          82200         4590.45 
          82600          4503.3 
          83000         4418.16 
          83400         4335.06 
          83800         4253.91 
          84200         4174.64 
          84600         4097.14 
          85000         4021.51 
          85400         3947.61 
          85800         3875.33 
          86200         3803.14 
          86600         3678.51 
          87000         3661.93 
          87400         3561.08 
          87800         3498.94 
          88200         3474.86 
          88600         3413.23 
          89000            3353 
          89400         3294.06 
          89800         3236.44 
          90200         3179.96 
          90600         3124.23 
          91000          3070.8 
          91400         3017.95 
          91800         2966.28 
          92200         2915.65 
          92600          2860.9 
          93000         2817.61 
          93400         2769.09 
          93800         2677.23 
          94200         2667.57 
          94600         2633.61 
          95000         2586.56 
          95400         2543.18 
          95800         2505.41 
          96200         2464.43 
          96600         2424.24 
          97000          2384.9 
          97400         2346.33 
          97800         2308.55 
          98200         2269.12 
          98600         2227.99 
          99000         2199.65 
          99400         2164.79 
          99800         2130.64 
         100200         2097.11 
         200000          133.72 
         400000         8.29277 
         600000         1.62141 
         800000         0.50834 
         1.0e+6        0.206595 
         1.2e+6       0.0989651 
         1.4e+6       0.0531073 
         1.6e+6       0.0309698 
