# Kurucz ODFNEW /NOVER models
# teff = 37000 K (value for the effective temperature for the model. Temperatures are given in K)
# logg = 4.50 log(cm/s2) (value for Log(G) for the model.)
# meta = -0.5  (value for the Metallicity for the model.)
# lh = 1.25  (l/Hp where l is the  mixing length of the convective element and Hp is the pressure scale height)
# vtur = 2.0 km/s (Microturbulence velocity)
#
# column 1: WAVELENGTH (ANGSTROM), Wavelength in Angstrom
# column 2: FLUX (ERG/CM2/S/A), Flux in erg/cm2/s/A
              0               0 
           90.9     1.17508e-11 
           93.5     4.73204e-11 
           96.1     1.77139e-10 
           97.7     3.87617e-10 
           99.6     9.50393e-10 
            102       2.8207e-9 
          103.8      6.19164e-9 
          105.6      1.32525e-8 
          107.7      3.12393e-8 
          110.4      8.99404e-8 
            114      3.42264e-7 
          117.8      1.29315e-6 
          121.3      4.10536e-6 
          124.8      1.22517e-5 
          127.1      2.43747e-5 
          128.4      3.55878e-5 
          130.5      6.45897e-5 
          132.4      0.00010909 
          133.9     0.000163399 
          136.6     0.000331292 
          139.8      0.00074201 
          143.3       0.0017237 
          147.2      0.00420252 
            151      0.00967526 
          155.2       0.0231634 
          158.8       0.0473231 
            162       0.0870453 
            166        0.181379 
          170.3        0.384367 
          173.4        0.646997 
          176.8         1.12363 
          180.2         1.91138 
          181.7         2.40223 
          186.1         4.60901 
            191         9.20435 
          193.9         13.6505 
          198.4         24.6055 
          201.8         37.7349 
            205         55.7713 
          210.5         106.276 
          216.2         200.002 
          219.8          294.19 
            223         409.594 
          226.8         597.897 
            230          483562 
            234      1.78871e+6 
            240      2.79644e+6 
          246.5      4.28958e+6 
          252.4      6.69952e+6 
          256.8      7.62357e+6 
            260      1.22281e+7 
            264      4.13854e+7 
          268.5      6.00691e+7 
          273.5      7.17077e+7 
          278.5      5.81157e+7 
            284      1.26948e+8 
            290      1.61613e+8 
            296      1.33702e+8 
            301      1.62737e+8 
            308       7.3135e+8 
            318      1.14173e+9 
            328      1.61924e+9 
            338      1.83409e+9 
            348      2.23489e+9 
            357      4.03692e+9 
            366      6.41046e+9 
            375      7.11267e+9 
            385      7.05145e+9 
            395      9.29698e+9 
            405     1.08372e+10 
            414     1.08173e+10 
            422      1.0754e+10 
            430     1.02701e+10 
            441     1.14744e+10 
            451     1.18875e+10 
            460     1.11525e+10 
            470     1.15001e+10 
            480     1.25377e+10 
            490     1.16677e+10 
            500     1.34029e+10 
            506     1.90384e+10 
            512     5.38097e+10 
            520     4.97886e+10 
            530     4.53298e+10 
            540     4.07415e+10 
            550     4.15587e+10 
            560     5.17679e+10 
            570     5.35771e+10 
            580     5.03322e+10 
            590     5.14792e+10 
            600     4.45788e+10 
            610     4.73399e+10 
            620     5.46054e+10 
            630     5.26235e+10 
            640     5.41863e+10 
            650     5.23633e+10 
            658     4.73067e+10 
            665     5.17025e+10 
            675     5.45988e+10 
            685     4.74227e+10 
            695     5.30258e+10 
            705      4.6675e+10 
            716     5.39584e+10 
            726     5.32914e+10 
            735     5.36332e+10 
            745     5.08835e+10 
            755     5.02233e+10 
            765     4.87451e+10 
            775     4.95914e+10 
            785     4.88506e+10 
            795     4.93282e+10 
            805     4.82423e+10 
            815     4.81134e+10 
            825     4.84624e+10 
            835     4.29438e+10 
            845     4.67658e+10 
            855     4.58751e+10 
            865     4.64265e+10 
            875     4.59837e+10 
            885     4.54581e+10 
            895     4.50285e+10 
            905     4.38249e+10 
            915     3.86304e+10 
            925     7.55465e+10 
            935     1.05556e+11 
            945     1.31523e+11 
            955     1.42637e+11 
            965     1.60207e+11 
            975     1.06235e+11 
            985     1.43629e+11 
            995     1.30334e+11 
           1005     1.32072e+11 
           1015     1.34273e+11 
           1025     1.08384e+11 
           1035     1.30868e+11 
           1045     1.35937e+11 
           1055     1.32025e+11 
           1065      1.2334e+11 
           1075     1.22683e+11 
           1085      1.1373e+11 
           1095     1.18289e+11 
           1105     1.13517e+11 
           1115      1.1118e+11 
           1125     1.02813e+11 
           1135     1.07036e+11 
           1145      1.0433e+11 
           1155     9.91342e+10 
           1165     9.59156e+10 
           1175     7.90775e+10 
           1185     8.86462e+10 
           1195     8.65462e+10 
           1205     8.38496e+10 
           1215     6.68492e+10 
           1225     7.94219e+10 
           1235     8.12531e+10 
           1245     7.91242e+10 
           1255     7.83325e+10 
           1265     7.83208e+10 
           1275     7.77922e+10 
           1285     7.67709e+10 
           1295     7.37813e+10 
           1305     7.23498e+10 
           1315     7.25998e+10 
           1325     7.05298e+10 
           1335     6.88198e+10 
           1345     6.82561e+10 
           1355     6.58593e+10 
           1365     6.39352e+10 
           1375     6.22315e+10 
           1385     6.09925e+10 
           1395     5.70217e+10 
           1405     5.53504e+10 
           1415     5.77715e+10 
           1425     5.35423e+10 
           1435     5.49064e+10 
           1442     5.39486e+10 
           1447     5.34686e+10 
           1455     5.17094e+10 
           1465     5.11764e+10 
           1475     5.02578e+10 
           1485     5.01163e+10 
           1495     4.85733e+10 
           1505     4.81925e+10 
           1512     4.76652e+10 
           1517     4.70126e+10 
           1525     4.59228e+10 
           1535      4.2474e+10 
           1545     3.77343e+10 
           1555     3.77879e+10 
           1565     3.95276e+10 
           1575     4.02166e+10 
           1585     3.99267e+10 
           1595      3.9349e+10 
           1605     3.71827e+10 
           1615     3.59871e+10 
           1625     3.59664e+10 
           1635     3.54798e+10 
           1645      3.4245e+10 
           1655     3.54019e+10 
           1665     3.46707e+10 
           1672     3.28516e+10 
           1677      3.5315e+10 
           1685     3.43316e+10 
           1695     3.36457e+10 
           1705     3.28647e+10 
           1715     3.17717e+10 
           1725     3.10387e+10 
           1735     3.15741e+10 
           1745     3.10426e+10 
           1755     3.02533e+10 
           1765     2.99428e+10 
           1775     2.93636e+10 
           1785     2.91467e+10 
           1795     2.83715e+10 
           1805     2.80522e+10 
           1815     2.75346e+10 
           1825     2.69781e+10 
           1835     2.68202e+10 
           1845     2.62215e+10 
           1855     2.58268e+10 
           1865     2.54358e+10 
           1875     2.48705e+10 
           1885     2.43656e+10 
           1895     2.42161e+10 
           1905     2.40165e+10 
           1915     2.35424e+10 
           1925     2.25776e+10 
           1935     2.28661e+10 
           1945     2.26097e+10 
           1955     2.17639e+10 
           1967     2.17318e+10 
           1976     2.15006e+10 
           1984     2.12088e+10 
           1995     2.07238e+10 
           2005     2.06094e+10 
           2015     2.02959e+10 
           2025     1.99655e+10 
           2035     1.96124e+10 
           2045     1.92625e+10 
           2055     1.49371e+10 
           2065     1.43298e+10 
           2074     1.46104e+10 
           2078     1.48255e+10 
           2085       1.574e+10 
           2095     1.71686e+10 
           2105     1.74999e+10 
           2115     1.74089e+10 
           2125     1.70502e+10 
           2135     1.68603e+10 
           2145     1.66232e+10 
           2155     1.65983e+10 
           2165     1.58425e+10 
           2175     1.62012e+10 
           2185     1.55159e+10 
           2195     1.57596e+10 
           2205     1.55348e+10 
           2215     1.48282e+10 
           2225     1.50605e+10 
           2235     1.48498e+10 
           2245     1.45967e+10 
           2255     1.39897e+10 
           2265     1.41962e+10 
           2275     1.40054e+10 
           2285     1.37308e+10 
           2295     1.31744e+10 
           2305      1.2998e+10 
           2315     1.31404e+10 
           2325     1.29983e+10 
           2335     1.28133e+10 
           2345     1.26152e+10 
           2355     1.24179e+10 
           2365      1.2235e+10 
           2375       1.203e+10 
           2385     1.14756e+10 
           2395     1.16197e+10 
           2405     1.15318e+10 
           2415     1.13784e+10 
           2425     1.12546e+10 
           2435     1.10816e+10 
           2445     1.09332e+10 
           2455     1.07593e+10 
           2465     1.06325e+10 
           2475     1.04994e+10 
           2485     1.03162e+10 
           2495      9.24182e+9 
           2505      9.99067e+9 
           2513      9.36582e+9 
           2518      9.70536e+9 
           2525      9.76862e+9 
           2535      9.67235e+9 
           2545      9.53949e+9 
           2555       9.4038e+9 
           2565      9.28709e+9 
           2575      9.16226e+9 
           2585      9.04303e+9 
           2595      8.88618e+9 
           2605      8.81756e+9 
           2615      8.68082e+9 
           2625        8.588e+9 
           2635      8.48119e+9 
           2645       8.3601e+9 
           2655      8.25769e+9 
           2665      8.13853e+9 
           2675      7.99199e+9 
           2685      7.93623e+9 
           2695      7.81571e+9 
           2705      7.74412e+9 
           2715      7.63302e+9 
           2725      7.52686e+9 
           2735      7.26442e+9 
           2745       7.3626e+9 
           2755      7.26754e+9 
           2765      7.15692e+9 
           2775      7.09126e+9 
           2785      6.99329e+9 
           2795      6.86282e+9 
           2805      6.81587e+9 
           2815      6.74377e+9 
           2825      6.64229e+9 
           2835      6.56833e+9 
           2845      6.50457e+9 
           2855      6.42347e+9 
           2865      6.33695e+9 
           2875       6.2656e+9 
           2885      6.19056e+9 
           2895      6.11415e+9 
           2910      5.99879e+9 
           2930      5.86583e+9 
           2950      5.71168e+9 
           2970      5.58417e+9 
           2990      5.43851e+9 
           3010      5.31658e+9 
           3030      5.17933e+9 
           3050      5.07195e+9 
           3070      4.96609e+9 
           3090      4.85073e+9 
           3110      4.74646e+9 
           3130      4.63911e+9 
           3150      4.53976e+9 
           3170      4.43729e+9 
           3190      4.33221e+9 
           3210      4.19539e+9 
           3230      4.15806e+9 
           3250      4.07064e+9 
           3270      3.96254e+9 
           3290      3.89257e+9 
           3310      3.80922e+9 
           3330      3.72792e+9 
           3350      3.63855e+9 
           3370      3.57095e+9 
           3390      3.50206e+9 
           3410       3.4284e+9 
           3430      3.35618e+9 
           3450      3.27718e+9 
           3470       3.2195e+9 
           3490       3.1558e+9 
           3510      3.09485e+9 
           3530      3.03087e+9 
           3550      2.96876e+9 
           3570      2.91626e+9 
           3590      2.85001e+9 
           3610      2.79432e+9 
           3630      2.73686e+9 
           3640      2.68377e+9 
           3650      2.49432e+9 
           3670      2.45054e+9 
           3690      2.40764e+9 
           3710      2.36336e+9 
           3730      2.33993e+9 
           3750      2.33713e+9 
           3770      2.31447e+9 
           3790      2.34636e+9 
           3810      2.37341e+9 
           3830      2.20297e+9 
           3850      2.33803e+9 
           3870      2.31714e+9 
           3890      2.07063e+9 
           3910      2.25642e+9 
           3930      2.20271e+9 
           3950      2.16892e+9 
           3970      1.91347e+9 
           3990      2.09451e+9 
           4010      2.06069e+9 
           4030      1.98204e+9 
           4050      1.99878e+9 
           4070      1.95162e+9 
           4090      1.85815e+9 
           4110      1.72215e+9 
           4130      1.84536e+9 
           4150      1.81693e+9 
           4170      1.79384e+9 
           4190      1.75701e+9 
           4210      1.71321e+9 
           4230      1.70476e+9 
           4250      1.67299e+9 
           4270      1.64272e+9 
           4290      1.61567e+9 
           4310      1.58274e+9 
           4330      1.49953e+9 
           4350      1.41486e+9 
           4370      1.50417e+9 
           4390      1.46801e+9 
           4410      1.45548e+9 
           4430      1.43419e+9 
           4450      1.41098e+9 
           4470      1.36497e+9 
           4490      1.36474e+9 
           4510      1.33931e+9 
           4530      1.31821e+9 
           4550      1.28062e+9 
           4570      1.27894e+9 
           4590      1.25672e+9 
           4610      1.23724e+9 
           4630      1.21316e+9 
           4650      1.17457e+9 
           4670      1.17621e+9 
           4690       1.1289e+9 
           4710      1.13545e+9 
           4730      1.12664e+9 
           4750      1.10893e+9 
           4770      1.09188e+9 
           4790        1.075e+9 
           4810      1.05812e+9 
           4830       1.0397e+9 
           4850      9.95233e+8 
           4870      9.25429e+8 
           4890      9.91246e+8 
           4910      9.79092e+8 
           4930      9.54965e+8 
           4950      9.49695e+8 
           4970      9.36453e+8 
           4990       9.2253e+8 
           5010      9.02993e+8 
           5030      8.94725e+8 
           5050      8.80089e+8 
           5070      8.69098e+8 
           5090      8.56378e+8 
           5110      8.43889e+8 
           5130      8.31552e+8 
           5150      8.19426e+8 
           5170      8.07545e+8 
           5190      7.96033e+8 
           5210      7.84659e+8 
           5230      7.73489e+8 
           5250      7.61923e+8 
           5270      7.51022e+8 
           5290      7.41006e+8 
           5310       7.3057e+8 
           5330      7.20272e+8 
           5350      7.10235e+8 
           5370       7.0033e+8 
           5390      6.90554e+8 
           5410      6.71271e+8 
           5430      6.71601e+8 
           5450      6.62406e+8 
           5470      6.53278e+8 
           5490      6.44377e+8 
           5510      6.35413e+8 
           5530      6.26995e+8 
           5550      6.18523e+8 
           5570      6.10093e+8 
           5590      6.01045e+8 
           5610      5.93931e+8 
           5630      5.85998e+8 
           5650      5.78198e+8 
           5670      5.70457e+8 
           5690        5.569e+8 
           5710      5.32198e+8 
           5730      5.25449e+8 
           5750      5.18701e+8 
           5770      5.12282e+8 
           5790      5.05894e+8 
           5810      4.99112e+8 
           5830      4.93833e+8 
           5850       4.8924e+8 
           5870      4.77668e+8 
           5890      4.79719e+8 
           5910      4.75702e+8 
           5930      4.71651e+8 
           5950      4.67856e+8 
           5970      4.64283e+8 
           5990      4.60769e+8 
           6010      4.56392e+8 
           6030      4.51269e+8 
           6050      4.46592e+8 
           6070      4.41148e+8 
           6090      4.35805e+8 
           6110      4.30244e+8 
           6130      4.24956e+8 
           6150      4.19745e+8 
           6170      4.14187e+8 
           6190      4.09666e+8 
           6210      4.04708e+8 
           6230      3.99105e+8 
           6250        3.948e+8 
           6270      3.90177e+8 
           6290      3.85479e+8 
           6310      3.79861e+8 
           6330      3.76291e+8 
           6350      3.71785e+8 
           6370      3.67381e+8 
           6390      3.63019e+8 
           6410      3.57458e+8 
           6430      3.54508e+8 
           6450      3.50266e+8 
           6470      3.46104e+8 
           6490      3.42123e+8 
           6510      3.38043e+8 
           6530      3.31912e+8 
           6550      3.24681e+8 
           6570      2.99666e+8 
           6590      3.21584e+8 
           6610      3.19072e+8 
           6630      3.15454e+8 
           6650      3.11871e+8 
           6670      3.06193e+8 
           6690      3.01267e+8 
           6710      3.01073e+8 
           6730      2.97797e+8 
           6750      2.94455e+8 
           6770      2.91296e+8 
           6790      2.88038e+8 
           6810      2.84846e+8 
           6830       2.8167e+8 
           6850      2.78534e+8 
           6870      2.75406e+8 
           6890      2.70366e+8 
           6910      2.69276e+8 
           6930      2.66453e+8 
           6950      2.63534e+8 
           6970      2.60651e+8 
           6990      2.57812e+8 
           7010      2.54955e+8 
           7030      2.52021e+8 
           7050      2.49433e+8 
           7070      2.44632e+8 
           7090      2.44176e+8 
           7110      2.41545e+8 
           7130      2.38968e+8 
           7150      2.36425e+8 
           7170      2.32616e+8 
           7190      2.30756e+8 
           7210      2.28977e+8 
           7230      2.26458e+8 
           7250      2.24157e+8 
           7270       2.2182e+8 
           7290      2.18592e+8 
           7310      2.17165e+8 
           7330      2.14943e+8 
           7350      2.12708e+8 
           7370      2.10494e+8 
           7390      2.08328e+8 
           7410      2.06169e+8 
           7430      2.04058e+8 
           7450      2.01939e+8 
           7470      1.99894e+8 
           7490      1.97672e+8 
           7510      1.95819e+8 
           7530      1.93863e+8 
           7550      1.91899e+8 
           7570      1.89947e+8 
           7590      1.86298e+8 
           7610      1.86036e+8 
           7630      1.84273e+8 
           7650      1.82428e+8 
           7670      1.80626e+8 
           7690       1.7872e+8 
           7710      1.77008e+8 
           7730      1.75154e+8 
           7750      1.73567e+8 
           7770      1.71858e+8 
           7790      1.70169e+8 
           7810      1.68471e+8 
           7830      1.66849e+8 
           7850      1.65242e+8 
           7870      1.63619e+8 
           7890      1.62034e+8 
           7910      1.60505e+8 
           7930      1.58954e+8 
           7950      1.57428e+8 
           7970      1.55867e+8 
           7990       1.5441e+8 
           8010      1.52935e+8 
           8030      1.51438e+8 
           8050      1.50029e+8 
           8070      1.48604e+8 
           8090      1.47162e+8 
           8110      1.45733e+8 
           8130      1.44424e+8 
           8150      1.43001e+8 
           8170      1.41692e+8 
           8190       1.3999e+8 
           8210      1.35833e+8 
           8230      1.33944e+8 
           8250      1.33301e+8 
           8270      1.32056e+8 
           8290       1.3102e+8 
           8310      1.29861e+8 
           8330      1.28576e+8 
           8350      1.27258e+8 
           8370      1.26285e+8 
           8390      1.25223e+8 
           8410      1.24128e+8 
           8430      1.23025e+8 
           8450      1.21731e+8 
           8470      1.20916e+8 
           8490      1.19855e+8 
           8510       1.1872e+8 
           8530      1.17864e+8 
           8550      1.16721e+8 
           8570      1.16218e+8 
           8590      1.14385e+8 
           8610      1.13778e+8 
           8630      1.13697e+8 
           8650      1.12114e+8 
           8670      1.09823e+8 
           8690      1.11034e+8 
           8710      1.10614e+8 
           8730      1.08902e+8 
           8750      1.04887e+8 
           8770      1.06642e+8 
           8790       1.0743e+8 
           8810      1.06797e+8 
           8830      1.05734e+8 
           8850      1.02227e+8 
           8870      9.84719e+7 
           8890      1.02524e+8 
           8910      1.02511e+8 
           8930      1.01721e+8 
           8950      1.00938e+8 
           8970      1.00006e+8 
           8990      9.80981e+7 
           9010      9.21637e+7 
           9030      9.38767e+7 
           9050      9.62313e+7 
           9070      9.54638e+7 
           9090      9.51125e+7 
           9110      9.44094e+7 
           9130      9.37115e+7 
           9150      9.29288e+7 
           9170      9.19862e+7 
           9190      9.09573e+7 
           9210      8.83998e+7 
           9230       8.2317e+7 
           9250      8.68841e+7 
           9270      8.78905e+7 
           9290      8.75037e+7 
           9310      8.67198e+7 
           9330       8.6119e+7 
           9350      8.42081e+7 
           9370        8.457e+7 
           9390       8.4039e+7 
           9410      8.33249e+7 
           9430      8.26498e+7 
           9450      8.19839e+7 
           9470      8.11172e+7 
           9490      8.05581e+7 
           9510      7.92408e+7 
           9530      7.69423e+7 
           9550       7.1746e+7 
           9570      7.65679e+7 
           9590      7.71009e+7 
           9610       7.6662e+7 
           9630       7.6019e+7 
           9650      7.55828e+7 
           9670      7.49802e+7 
           9690      7.43581e+7 
           9710      7.32771e+7 
           9730      7.31473e+7 
           9750      7.26016e+7 
           9770      7.18863e+7 
           9790      7.14672e+7 
           9810      7.09021e+7 
           9830      7.03409e+7 
           9850      6.97917e+7 
           9870      6.92422e+7 
           9890      6.86926e+7 
           9910       6.8132e+7 
           9930      6.76284e+7 
           9950      6.71019e+7 
           9970      6.65752e+7 
           9990      6.60221e+7 
          10025      6.34963e+7 
          10075      6.16877e+7 
          10125      6.19065e+7 
          10175      6.15108e+7 
          10225      6.03341e+7 
          10275       5.9206e+7 
          10325      5.79733e+7 
          10375      5.70202e+7 
          10425      5.58609e+7 
          10475      5.49274e+7 
          10525      5.39171e+7 
          10575      5.29332e+7 
          10625       5.1969e+7 
          10675      5.09908e+7 
          10725      5.01037e+7 
          10775      4.92049e+7 
          10825      4.80378e+7 
          10875        4.739e+7 
          10925      4.42871e+7 
          10975      4.51823e+7 
          11025      4.48912e+7 
          11075      4.41951e+7 
          11125      4.34333e+7 
          11175      4.26895e+7 
          11225      4.19425e+7 
          11275      4.12275e+7 
          11325      4.05205e+7 
          11375      3.98304e+7 
          11425      3.91535e+7 
          11475      3.84925e+7 
          11525      3.78443e+7 
          11575       3.7209e+7 
          11625      3.63738e+7 
          11675      3.58639e+7 
          11725      3.53833e+7 
          11775      3.48008e+7 
          11825      3.42243e+7 
          11875       3.3667e+7 
          11925      3.31175e+7 
          11975       3.2395e+7 
          12025      3.20559e+7 
          12075      3.15376e+7 
          12125      3.10294e+7 
          12175      3.05363e+7 
          12225      3.00527e+7 
          12275      2.95757e+7 
          12325      2.91081e+7 
          12375      2.86495e+7 
          12425      2.82022e+7 
          12475      2.77611e+7 
          12525      2.73046e+7 
          12575      2.69068e+7 
          12625      2.64932e+7 
          12675      2.60853e+7 
          12725      2.56853e+7 
          12775      2.50229e+7 
          12825       2.3628e+7 
          12875      2.44426e+7 
          12925      2.41636e+7 
          12975      2.37271e+7 
          13025      2.34431e+7 
          13075      2.30945e+7 
          13125      2.27527e+7 
          13175      2.24154e+7 
          13225      2.20846e+7 
          13275      2.17604e+7 
          13325      2.14425e+7 
          13375      2.11287e+7 
          13425      2.08151e+7 
          13475      2.05211e+7 
          13525      2.02248e+7 
          13575      1.99347e+7 
          13625      1.96486e+7 
          13675      1.93688e+7 
          13725      1.90914e+7 
          13775      1.88228e+7 
          13825      1.85569e+7 
          13875      1.82959e+7 
          13925      1.80388e+7 
          13975      1.77873e+7 
          14025      1.75387e+7 
          14075      1.72962e+7 
          14125      1.70569e+7 
          14175      1.68217e+7 
          14225       1.6591e+7 
          14275      1.63637e+7 
          14325      1.61406e+7 
          14375      1.59211e+7 
          14425      1.57054e+7 
          14475      1.54933e+7 
          14525      1.52849e+7 
          14570      1.51001e+7 
          14620      1.48983e+7 
          14675      1.46805e+7 
          14725      1.44835e+7 
          14775      1.42282e+7 
          14825      1.41058e+7 
          14875      1.39213e+7 
          14925      1.37392e+7 
          14975      1.35601e+7 
          15025      1.33837e+7 
          15075      1.31989e+7 
          15125      1.30393e+7 
          15175      1.28713e+7 
          15225      1.27063e+7 
          15275      1.25425e+7 
          15325      1.23812e+7 
          15375      1.22246e+7 
          15425      1.20649e+7 
          15475      1.19161e+7 
          15525       1.1764e+7 
          15575      1.16066e+7 
          15625      1.14773e+7 
          15675       1.1317e+7 
          15725      1.11664e+7 
          15775      1.10575e+7 
          15825       1.0916e+7 
          15875      1.07212e+7 
          15925      1.06339e+7 
          15975      1.05303e+7 
          16050      1.03165e+7 
          16150      1.00241e+7 
          16250      9.86956e+6 
          16350      9.57939e+6 
          16450      9.28856e+6 
          16550      9.18285e+6 
          16650      8.96769e+6 
          16750      8.69752e+6 
          16850      8.41838e+6 
          16950       8.3571e+6 
          17050      8.13949e+6 
          17150      7.97976e+6 
          17250      7.79331e+6 
          17350       7.4428e+6 
          17450      7.43012e+6 
          17550      7.28565e+6 
          17650      7.12397e+6 
          17750      6.96682e+6 
          17850      6.81389e+6 
          17950      6.66535e+6 
          18050      6.51932e+6 
          18150      6.22135e+6 
          18250      6.20924e+6 
          18350       6.1095e+6 
          18450      5.97972e+6 
          18550      5.85237e+6 
          18650      5.67138e+6 
          18750      5.44495e+6 
          18850      5.49136e+6 
          18950      5.38026e+6 
          19050       5.2583e+6 
          19150      5.16141e+6 
          19250      5.05627e+6 
          19350      4.94589e+6 
          19450      4.70566e+6 
          19550      4.74526e+6 
          19650      4.66129e+6 
          19750      4.56863e+6 
          19850      4.47824e+6 
          19950       4.3901e+6 
          20050      4.30406e+6 
          20150      4.22018e+6 
          20250      4.13834e+6 
          20350      4.05847e+6 
          20450      3.97986e+6 
          20550      3.90093e+6 
          20650         3.83e+6 
          20750      3.75739e+6 
          20850      3.68661e+6 
          20950      3.61742e+6 
          21050      3.54987e+6 
          21150      3.47732e+6 
          21250      3.41937e+6 
          21350      3.35636e+6 
          21450      3.29442e+6 
          21550      3.23083e+6 
          21650      3.07245e+6 
          21750      3.10981e+6 
          21850      3.06136e+6 
          21950      3.00743e+6 
          22050      2.95378e+6 
          22150      2.90129e+6 
          22250      2.84978e+6 
          22350      2.79975e+6 
          22450      2.75064e+6 
          22550      2.70259e+6 
          22650      2.65565e+6 
          22750      2.60964e+6 
          22850      2.56896e+6 
          22950      2.52488e+6 
          23050      2.48118e+6 
          23150      2.43947e+6 
          23250      2.39811e+6 
          23350      2.35765e+6 
          23450      2.31806e+6 
          23550      2.27926e+6 
          23650      2.24123e+6 
          23750      2.20403e+6 
          23850      2.16764e+6 
          23950      2.13191e+6 
          24050      2.09695e+6 
          24150       2.0627e+6 
          24250      2.02894e+6 
          24350       1.9963e+6 
          24450      1.96406e+6 
          24550      1.93253e+6 
          24650      1.90156e+6 
          24750      1.86901e+6 
          24850      1.84155e+6 
          24950      1.81048e+6 
          25050      1.78386e+6 
          25150      1.75589e+6 
          25250      1.72452e+6 
          25350      1.70121e+6 
          25450      1.67513e+6 
          25550      1.64819e+6 
          25650      1.61824e+6 
          25750      1.59831e+6 
          25850      1.57452e+6 
          25950      1.55055e+6 
          26050      1.52329e+6 
          26150      1.49134e+6 
          26250      1.43008e+6 
          26350      1.45397e+6 
          26450      1.43734e+6 
          26550      1.41526e+6 
          26650      1.39246e+6 
          26750      1.36206e+6 
          26850      1.35141e+6 
          26950      1.33424e+6 
          27050      1.31477e+6 
          27150      1.29565e+6 
          27250      1.27682e+6 
          27350      1.25838e+6 
          27450      1.23913e+6 
          27550      1.20777e+6 
          27650      1.19796e+6 
          27750      1.18778e+6 
          27850      1.17096e+6 
          27950       1.1544e+6 
          28050      1.13809e+6 
          28150      1.12212e+6 
          28250      1.10641e+6 
          28350      1.09097e+6 
          28450      1.07582e+6 
          28550      1.06063e+6 
          28650      1.04075e+6 
          28750      1.01333e+6 
          28850      1.01592e+6 
          28950      1.00379e+6 
          29050          990104 
          29150          976670 
          29250          963488 
          29350          950459 
          29450          937718 
          29550          925127 
          29650          912769 
          29750          900643 
          29850          888699 
          29950          876935 
          30050          865393 
          30150          854025 
          30250          842048 
          30350          816590 
          30450          812009 
          30550          810051 
          30650          799921 
          30750          789587 
          30850          779448 
          30950          769504 
          31050          759671 
          31150          750027 
          31250          740490 
          31350          731134 
          31450          721921 
          31550          712850 
          31650          703952 
          31750          695153 
          31850          686486 
          31950          677987 
          32100          665449 
          32300          649183 
          32500          633440 
          32700          618142 
          32900          592900 
          33100          586754 
          33300          575344 
          33500          561847 
          33700          548665 
          33900          535882 
          34100          523459 
          34300          511416 
          34500          499679 
          34700          488305 
          34900          477249 
          35100          466507 
          35300          456065 
          35500          445887 
          35700          436030 
          35900          426419 
          36100          417083 
          36300          407982 
          36500          399141 
          36700          390522 
          36900          382151 
          37100          373688 
          37300          362545 
          37500          353168 
          37700          350811 
          37900          343499 
          38100          336214 
          38300          329349 
          38500          322631 
          38700          316035 
          38900          309584 
          39100          302751 
          39300          297215 
          39500          291243 
          39700          285424 
          39900          279754 
          40100          273784 
          40300          267803 
          40500          258412 
          40700          258357 
          40900          253427 
          41100          248558 
          41300          243682 
          41500          239064 
          41700          233094 
          41900          230037 
          42100          225795 
          42300          221559 
          42500          217372 
          42700          213378 
          42900          209264 
          43100          205582 
          43300          201819 
          43500          198130 
          43700          192895 
          43900          190470 
          44100          187578 
          44300          184220 
          44500          180933 
          44700          177798 
          44900          174654 
          45100          171578 
          45300          168570 
          45500          165628 
          45700          162750 
          45900          159933 
          46100          157153 
          46300          154382 
          46500          147999 
          46700          146986 
          46900          146309 
          47100          144252 
          47300          141831 
          47500          139458 
          47700          137134 
          47900          134858 
          48100          132630 
          48300          130447 
          48500          128308 
          48700          126215 
          48900          124162 
          49100          122151 
          49300          120181 
          49500          118249 
          49700          116357 
          49900          114501 
          50100          112684 
          50300          110901 
          50500          109154 
          50700          107440 
          50900          105760 
          51100          103896 
          51300          100628 
          51500          100779 
          51700         99360.5 
          51900         97836.7 
          52100         96341.9 
          52300         94876.5 
          52500         93437.2 
          52700           92024 
          52900         90640.5 
          53100         89281.5 
          53300         87946.8 
          53500         86637.6 
          53700         85350.9 
          53900         84089.7 
          54100         82852.4 
          54300         81637.7 
          54500         80444.8 
          54700           79272 
          54900           78122 
          55100         76991.2 
          55300           75876 
          55500         74793.1 
          55700         73724.1 
          55900           72673 
          56100         71639.9 
          56300         70626.6 
          56500         69629.5 
          56700         68650.4 
          56900           67688 
          57100         66639.4 
          57300         65814.6 
          57500           64903 
          57700         64006.9 
          57900         63124.9 
          58100         62259.1 
          58300         61407.1 
          58500         60586.3 
          58700           59763 
          58900         58784.5 
          59100         56769.3 
          59300         57244.2 
          59500         56375.7 
          59700         55751.2 
          59900         55106.7 
          60100         54375.5 
          60300         53656.9 
          60500         52948.7 
          60700         52253.5 
          60900         51568.8 
          61100         50895.5 
          61300         50232.3 
          61500         49580.3 
          61700         48939.6 
          61900         48308.3 
          62100           47688 
          62300         47076.7 
          62500           46475 
          62700         45840.7 
          62900         44960.2 
          63100         44651.1 
          63300         44163.3 
          63500           43609 
          63700         43062.8 
          63900         42524.1 
          64200         41732.9 
          64600         40705.8 
          65000         39710.5 
          65400         38745.2 
          65800         37808.3 
          66200           36900 
          66600         36018.9 
          67000         35163.9 
          67400         34304.7 
          67800         33285.7 
          68200         32744.8 
          68600         31986.4 
          69000         31248.6 
          69400         30532.1 
          69800         29835.8 
          70200         29158.9 
          70600         28501.4 
          71000         27862.1 
          71400         27241.1 
          71800         26636.6 
          72200         26049.6 
          72600         25477.4 
          73000         24921.9 
          73400         24381.1 
          73800         23854.7 
          74200         23315.5 
          74600         22397.4 
          75000         21810.8 
          75400         21839.1 
          75800         21426.3 
          76200         20978.1 
          76600           20542 
          77000         20116.2 
          77400         19701.9 
          77800         19296.4 
          78200         18904.8 
          78600         18521.4 
          79000         18147.8 
          79400         17783.1 
          79800         17427.8 
          80200           17081 
          80600         16743.2 
          81000         16413.4 
          81400         16074.5 
          81800         15774.7 
          82200         15471.6 
          82600         15172.4 
          83000         14881.1 
          83400         14596.2 
          83800         14318.3 
          84200         14046.5 
          84600         13781.9 
          85000         13522.6 
          85400         13270.3 
          85800           13023 
          86200         12781.7 
          86600         12503.1 
          87000         12313.3 
          87400         11989.3 
          87800         11770.3 
          88200         11656.1 
          88600         11445.9 
          89000         11240.6 
          89400         11039.3 
          89800         10843.1 
          90200         10651.3 
          90600         10463.4 
          91000         10279.7 
          91400         10099.7 
          91800         9923.82 
          92200         9751.92 
          92600          9583.5 
          93000         9418.91 
          93400         9257.65 
          93800         9046.99 
          94200          8930.4 
          94600         8794.41 
          95000         8646.22 
          95400         8501.42 
          95800         8359.56 
          96200         8220.58 
          96600         8084.41 
          97000         7951.01 
          97400         7820.72 
          97800         7692.67 
          98200         7567.24 
          98600         7444.75 
          99000         7324.35 
          99400         7206.41 
          99800          7090.9 
         100200         6977.73 
         200000         429.782 
         400000         26.0509 
         600000         5.04557 
         800000         1.57344 
         1.0e+6        0.637239 
         1.2e+6        0.304496 
         1.4e+6        0.163089 
         1.6e+6       0.0949641 
