3836.65 0.0019736683
3837.07 0.0020451760
3837.49 0.0021171567
3837.92 0.0021893165
3838.34 0.0022616156
3838.76 0.0023333821
3839.18 0.0024059597
3839.60 0.0024790572
3840.02 0.0025516173
3840.44 0.0026245889
3840.86 0.0026973184
3841.28 0.0027706074
3841.70 0.0028436524
3842.12 0.0029171726
3842.54 0.0029905291
3842.97 0.0030647478
3843.39 0.0031383383
3843.81 0.0032124953
3844.23 0.0032864017
3844.65 0.0033608324
3845.07 0.0034350131
3845.49 0.0035097613
3845.92 0.0035846050
3846.33 0.0036588953
3846.76 0.0037340190
3847.18 0.0038097199
3847.60 0.0038851667
3848.02 0.0039600545
3848.44 0.0040357796
3848.87 0.0041116908
3849.29 0.0041877372
3849.71 0.0042635676
3850.13 0.0043619036
3850.55 0.0045119711
3850.98 0.0046607914
3851.40 0.0048106906
3851.82 0.0049608948
3852.24 0.0051107046
3852.66 0.0052607245
3853.09 0.0054119211
3853.51 0.0055634347
3853.93 0.0057144613
3854.35 0.0058658816
3854.78 0.0060190999
3855.20 0.0061719258
3855.62 0.0063242654
3856.04 0.0064770017
3856.47 0.0066307472
3856.89 0.0067848049
3857.31 0.0069384631
3857.73 0.0070924277
3858.16 0.0072483069
3858.58 0.0074036915
3859.00 0.0075586646
3859.43 0.0077139522
3859.85 0.0078703626
3860.27 0.0080839572
3860.69 0.0083283142
3861.12 0.0085732721
3861.54 0.0088198233
3861.96 0.0090669825
3862.39 0.0093146152
3862.81 0.0095627136
3863.24 0.0098112819
3863.66 0.0100578790
3864.08 0.0103075315
3864.51 0.0105576590
3864.93 0.0108082584
3865.35 0.0110568729
3865.78 0.0113097183
3866.20 0.0115618784
3866.62 0.0118131994
3867.05 0.0120663014
3867.47 0.0123185651
3867.89 0.0125727658
3868.32 0.0128259914
3868.74 0.0130811544
3869.16 0.0133354738
3869.59 0.0135917248
3870.01 0.0138506838
3870.44 0.0142443845
3870.86 0.0146348253
3871.29 0.0150278597
3871.71 0.0154201022
3872.14 0.0158149499
3872.56 0.0162087850
3872.98 0.0166054593
3873.41 0.0170027065
3873.83 0.0174012093
3874.26 0.0178002912
3874.68 0.0181962723
3875.11 0.0185969623
3875.53 0.0189986889
3875.96 0.0194012207
3876.38 0.0198006200
3876.80 0.0202047652
3877.23 0.0206099546
3877.66 0.0210159359
3878.08 0.0214227422
3878.51 0.0218303942
3878.93 0.0222369520
3879.35 0.0226440948
3879.78 0.0230543864
3880.21 0.0235401703
3880.63 0.0241038532
3881.05 0.0246690504
3881.48 0.0252409466
3881.91 0.0258114196
3882.33 0.0263801474
3882.76 0.0269500364
3883.18 0.0275244047
3883.61 0.0280996357
3884.03 0.0286734281
3884.46 0.0292483827
3884.89 0.0298275209
3885.31 0.0304078229
3885.74 0.0309896733
3886.16 0.0315697411
3886.59 0.0321536897
3887.02 0.0327392008
3887.44 0.0333231535
3887.86 0.0339083281
3888.29 0.0344974000
3888.72 0.0350880359
3889.15 0.0356798672
3889.57 0.0362729147
3890.00 0.0368671583
3890.42 0.0376015553
3890.85 0.0383450143
3891.28 0.0390899079
3891.70 0.0398362673
3892.13 0.0405768060
3892.55 0.0413261481
3892.98 0.0420773575
3893.41 0.0428338556
3893.84 0.0435840778
3894.26 0.0443357473
3894.69 0.0450931988
3895.12 0.0458517309
3895.54 0.0466082768
3895.97 0.0473667452
3896.40 0.0481301289
3896.82 0.0488949944
3897.25 0.0496618147
3897.68 0.0504261737
3898.11 0.0511959383
3898.53 0.0519632126
3898.96 0.0527363552
3899.39 0.0535105711
3899.81 0.0542827479
3900.24 0.0550740967
3900.67 0.0558849341
3901.10 0.0567020730
3901.52 0.0575084389
3901.95 0.0583243542
3902.38 0.0591423667
3902.81 0.0599620957
3903.24 0.0607797336
3903.66 0.0615985985
3904.09 0.0624238445
3904.52 0.0632549857
3904.95 0.0640793652
3905.38 0.0649096655
3905.80 0.0657378638
3906.23 0.0665720641
3906.66 0.0674036303
3907.09 0.0682412425
3907.51 0.0690761816
3907.94 0.0699133798
3908.37 0.0707561130
3908.80 0.0716053921
3909.23 0.0724476935
3909.66 0.0732916410
3910.09 0.0741507789
3910.51 0.0750461713
3910.94 0.0759437989
3911.37 0.0768339952
3911.80 0.0777350865
3912.23 0.0786430357
3912.66 0.0795428905
3913.09 0.0804450033
3913.51 0.0813534825
3913.94 0.0822637070
3914.37 0.0831714450
3914.80 0.0840850172
3915.23 0.0849962040
3915.66 0.0859138894
3916.09 0.0868285910
3916.52 0.0877543818
3916.95 0.0886730547
3917.38 0.0895982108
3917.80 0.0905203812
3918.24 0.0914490818
3918.67 0.0923794901
3919.09 0.0933026476
3919.52 0.0942364552
3919.95 0.0951773393
3920.39 0.0960713635
3920.81 0.0969528080
3921.24 0.0978456090
3921.67 0.0987395920
3922.10 0.0996358417
3922.53 0.1005292718
3922.96 0.1014249684
3923.39 0.1023263521
3923.82 0.1032294363
3924.25 0.1041347913
3924.68 0.1050372674
3925.11 0.1059461191
3925.54 0.1068526294
3925.97 0.1077650007
3926.40 0.1086796404
3926.83 0.1095912956
3927.26 0.1105047006
3927.69 0.1114292487
3928.12 0.1123513928
3928.55 0.1132706416
3928.98 0.1141916553
3929.41 0.1151191839
3929.85 0.1160485178
3930.28 0.1170030425
3930.71 0.1179747172
3931.14 0.1189524780
3931.57 0.1199325749
3932.00 0.1209149270
3932.43 0.1218934791
3932.86 0.1228793355
3933.29 0.1238668575
3933.72 0.1248510961
3934.16 0.1258420739
3934.59 0.1268296953
3935.02 0.1278246291
3935.45 0.1288215632
3935.88 0.1298202281
3936.31 0.1308153271
3936.74 0.1318126126
3937.17 0.1328163182
3937.61 0.1338224292
3938.04 0.1348302945
3938.47 0.1358295998
3938.90 0.1368409041
3939.33 0.1378544490
3939.77 0.1388749255
3940.19 0.1398367181
3940.63 0.1407554217
3941.06 0.1416758826
3941.49 0.1425940851
3941.92 0.1435182064
3942.35 0.1444395226
3942.79 0.1453676601
3943.22 0.1462970214
3943.65 0.1472281591
3944.08 0.1481568436
3944.52 0.1490919603
3944.95 0.1500240405
3945.38 0.1509625558
3945.81 0.1519033512
3946.24 0.1528405919
3946.68 0.1537800526
3947.11 0.1547259960
3947.55 0.1556784858
3947.98 0.1566235723
3948.41 0.1575704021
3948.84 0.1585233028
3949.27 0.1594783056
3949.71 0.1604306616
3950.14 0.1614255303
3950.57 0.1625170471
3951.01 0.1636104251
3951.44 0.1647055605
3951.87 0.1657970557
3952.30 0.1668959142
3952.74 0.1679917778
3953.17 0.1690951546
3953.60 0.1701948057
3954.04 0.1713019942
3954.47 0.1724052054
3954.90 0.1735166688
3955.34 0.1746350705
3955.77 0.1757504756
3956.20 0.1768564917
3956.64 0.1779763226
3957.07 0.1790974144
3957.51 0.1802208595
3957.94 0.1813348214
3958.37 0.1824621684
3958.81 0.1835971833
3959.24 0.1847234468
3959.68 0.1858574798
3960.11 0.1869737605
3960.54 0.1880590943
3960.98 0.1891401799
3961.41 0.1902286482
3961.84 0.1913141473
3962.28 0.1924072477
3962.71 0.1934967453
3963.15 0.1945934923
3963.58 0.1956926358
3964.01 0.1967874071
3964.45 0.1978904309
3964.89 0.1989952734
3965.32 0.2000966558
3965.75 0.2012005746
3966.19 0.2023119311
3966.62 0.2034299469
3967.06 0.2045449747
3967.49 0.2056514776
3967.93 0.2067705710
3968.36 0.2078916005
3968.80 0.2090149743
3969.23 0.2101290742
3969.67 0.2112562058
3970.10 0.2124105874
3970.54 0.2136474518
3970.97 0.2148807586
3971.41 0.2161287887
3971.84 0.2173663974
3972.28 0.2186065756
3972.71 0.2198542533
3973.15 0.2211047695
3973.58 0.2223507776
3974.02 0.2235989387
3974.45 0.2248554447
3974.89 0.2261209858
3975.33 0.2273760332
3975.76 0.2286330264
3976.20 0.2298984301
3976.64 0.2311659937
3977.07 0.2324292508
3977.50 0.2336950853
3977.94 0.2349697587
3978.38 0.2362457555
3978.81 0.2375177112
3979.25 0.2387986629
3979.69 0.2400819890
3980.12 0.2413290096
3980.56 0.2424765283
3980.99 0.2436253417
3981.43 0.2447816620
3981.87 0.2459405399
3982.30 0.2470958243
3982.74 0.2482645644
3983.18 0.2494296500
3983.61 0.2505854904
3984.05 0.2517544979
3984.49 0.2529253739
3984.92 0.2540986659
3985.36 0.2552624319
3985.79 0.2564407848
3986.23 0.2576205057
3986.67 0.2588023717
3987.11 0.2599863183
3987.54 0.2611664574
3987.98 0.2623551818
3988.42 0.2635389810
3988.85 0.2647317234
3989.29 0.2659204468
3989.73 0.2671171318
3990.16 0.2682893196
3990.60 0.2694395100
3991.04 0.2705804836
3991.48 0.2717291358
3991.91 0.2728736866
3992.35 0.2740261975
3992.79 0.2751739740
3993.23 0.2763243802
3993.66 0.2774824722
3994.10 0.2786423558
3994.54 0.2798036815
3994.98 0.2809618141
3995.42 0.2821276383
3995.86 0.2832952573
3996.29 0.2844641797
3996.73 0.2856232996
3997.17 0.2867969353
3997.61 0.2879716652
3998.05 0.2891489653
3998.48 0.2903275713
3998.92 0.2915087488
3999.36 0.2926847597
3999.80 0.2938633409
4000.24 0.2949146951
4000.68 0.2958508705
4001.11 0.2967832980
4001.55 0.2977171882
4001.99 0.2986563532
4002.43 0.2995966980
4002.87 0.3005382973
4003.30 0.3014764317
4003.74 0.3024196959
4004.18 0.3033645023
4004.62 0.3043055559
4005.06 0.3052471542
4005.50 0.3061944608
4005.94 0.3071425252
4006.38 0.3080925572
4006.82 0.3090386215
4007.26 0.3099905344
4007.70 0.3109434942
4008.13 0.3118931182
4008.57 0.3128479605
4009.01 0.3137996771
4009.45 0.3147570371
4009.89 0.3157104245
4010.33 0.3166617117
4010.77 0.3176112178
4011.21 0.3185565351
4011.65 0.3195081341
4012.09 0.3204610719
4012.53 0.3214144231
4012.97 0.3223595328
4013.41 0.3233146865
4013.85 0.3242713928
4014.29 0.3252343908
4014.73 0.3261832633
4015.17 0.3271431167
4015.61 0.3281038084
4016.05 0.3290609390
4016.49 0.3300230951
4016.93 0.3309813944
4017.37 0.3319463691
4017.81 0.3329065554
4018.25 0.3338734207
4018.69 0.3348414668
4019.13 0.3358099294
4019.57 0.3367752493
4020.01 0.3377447559
4020.45 0.3386706640
4020.89 0.3395933335
4021.33 0.3405164932
4021.77 0.3414458700
4022.22 0.3423803643
4022.65 0.3433021554
4023.10 0.3442341136
4023.54 0.3451679657
4023.98 0.3461023531
4024.42 0.3470286137
4024.86 0.3479651769
4025.30 0.3489027866
4025.74 0.3498416553
4026.18 0.3507762140
4026.62 0.3517123296
4027.07 0.3526588480
4027.51 0.3535966325
4027.95 0.3545403122
4028.39 0.3554854651
4028.83 0.3564272406
4029.27 0.3573690009
4029.71 0.3583178127
4030.16 0.3593714776
4030.60 0.3605953514
4031.04 0.3618198199
4031.48 0.3630524707
4031.92 0.3642861439
4032.36 0.3655155226
4032.80 0.3667457085
4033.25 0.3679834467
4033.69 0.3692225116
4034.13 0.3704626906
4034.57 0.3716980554
4035.02 0.3729413137
4035.46 0.3741861128
4035.90 0.3754252438
4036.34 0.3766657010
4036.79 0.3779144839
4037.23 0.3791635318
4037.67 0.3804086108
4038.12 0.3816669892
4038.56 0.3829208794
4039.00 0.3841633663
4039.44 0.3854200115
4039.89 0.3866778931
4040.33 0.3878962943
4040.77 0.3890908196
4041.21 0.3902990781
4041.66 0.3915077089
4042.10 0.3927183977
4042.54 0.3939174414
4042.99 0.3951356589
4043.43 0.3963493636
4043.87 0.3975648010
4044.31 0.3987745567
4044.76 0.3999859455
4045.20 0.4012044008
4045.64 0.4024242801
4046.09 0.4036382581
4046.53 0.4048605735
4046.97 0.4060836879
4047.42 0.4073021639
4047.86 0.4085278165
4048.30 0.4097489419
4048.75 0.4109765055
4049.19 0.4121997425
4049.64 0.4134295324
4050.08 0.4146936524
4050.52 0.4161505972
4050.97 0.4176090227
4051.41 0.4190681858
4051.86 0.4205287278
4052.30 0.4219760244
4052.74 0.4234388944
4053.19 0.4249035716
4053.63 0.4263694153
4054.08 0.4278362120
4054.52 0.4293043894
4054.97 0.4307676406
4055.41 0.4322385796
4055.85 0.4337044841
4056.30 0.4351783998
4056.74 0.4366542336
4057.19 0.4381232108
4057.63 0.4395944243
4058.08 0.4410741926
4058.52 0.4425543806
4058.97 0.4440285658
4059.41 0.4455110932
4059.86 0.4469957579
4060.30 0.4482077310
4060.75 0.4492988652
4061.19 0.4503849769
4061.64 0.4514777491
4062.08 0.4525653865
4062.53 0.4536603297
4062.97 0.4547561453
4063.42 0.4558534762
4063.86 0.4569454544
4064.31 0.4580393751
4064.75 0.4591388942
4065.20 0.4602403586
4065.64 0.4613370089
4066.09 0.4624342034
4066.53 0.4635387168
4066.98 0.4646498092
4067.43 0.4657500529
4067.87 0.4668568766
4068.32 0.4679656485
4068.76 0.4690639919
4069.21 0.4701748274
4069.66 0.4712864401
4070.10 0.4723864807
4070.55 0.4734423174
4070.99 0.4744944918
4071.44 0.4755527009
4071.89 0.4766119899
4072.33 0.4776665408
4072.78 0.4787271300
4073.22 0.4797840534
4073.67 0.4808476622
4074.12 0.4819067445
4074.56 0.4829718704
4075.01 0.4840384117
4075.46 0.4851013800
4075.91 0.4861711600
4076.35 0.4872352158
4076.80 0.4883055365
4077.24 0.4893720900
4077.69 0.4904451267
4078.14 0.4915237898
4078.59 0.4925986603
4079.03 0.4936637118
4079.48 0.4947405340
4079.93 0.4958187775
4080.37 0.4964160552
4080.82 0.4969265671
4081.27 0.4974371792
4081.72 0.4979481066
4082.16 0.4984541251
4082.61 0.4989658979
4083.06 0.4994807217
4083.51 0.4999931263
4083.95 0.5005032326
4084.40 0.5010168218
4084.85 0.5015306045
4085.30 0.5020420877
4085.74 0.5025542245
4086.19 0.5030689548
4086.64 0.5035843401
4087.09 0.5040977322
4087.53 0.5046139659
4087.98 0.5051309475
4088.43 0.5056451960
4088.88 0.5061621642
4089.32 0.5066775682
4089.77 0.5071964641
4090.22 0.5077671961
4090.67 0.5083969648
4091.12 0.5090277226
4091.57 0.5096591627
4092.02 0.5102877657
4092.46 0.5109167098
4092.91 0.5115494824
4093.36 0.5121833701
4093.81 0.5128142026
4094.26 0.5134521394
4094.71 0.5140870558
4095.16 0.5147193467
4095.61 0.5153512413
4096.06 0.5159876178
4096.50 0.5166248597
4096.95 0.5172630033
4097.40 0.5178945925
4097.85 0.5185327741
4098.30 0.5191717316
4098.75 0.5198108171
4099.20 0.5204478308
4099.65 0.5210878199
4100.10 0.5217130181
4100.55 0.5222790526
4100.99 0.5228445495
4101.44 0.5234136571
4101.89 0.5239838699
4102.34 0.5245505669
4102.79 0.5251210928
4103.24 0.5256920758
4103.69 0.5262601900
4104.14 0.5268313979
4104.59 0.5274010345
4105.04 0.5279735500
4105.49 0.5285427614
4105.94 0.5291159353
4106.39 0.5296861493
4106.84 0.5302604153
4107.29 0.5308319371
4107.74 0.5314097207
4108.19 0.5319848472
4108.64 0.5325609962
4109.09 0.5331317135
4109.54 0.5337080890
4109.99 0.5342846652
4110.44 0.5350722645
4110.90 0.5358651403
4111.35 0.5366545338
4111.80 0.5374480344
4112.24 0.5382386153
4112.70 0.5390343037
4113.15 0.5398258560
4113.60 0.5406223011
4114.05 0.5414148252
4114.50 0.5422131122
4114.95 0.5430113445
4115.40 0.5438067383
4115.85 0.5446061625
4116.30 0.5454068346
4116.75 0.5462037133
4117.20 0.5470011875
4117.66 0.5478032147
4118.11 0.5486050544
4118.56 0.5494138888
4119.01 0.5502108755
4119.46 0.5510152919
4119.91 0.5518208746
4120.37 0.5525873756
4120.81 0.5533379312
4121.27 0.5540970500
4121.72 0.5548567569
4122.17 0.5556164827
4122.62 0.5563684301
4123.07 0.5571292484
4123.53 0.5578915251
4123.98 0.5586537383
4124.43 0.5594153174
4124.88 0.5601782734
4125.34 0.5609376308
4125.79 0.5616975760
4126.24 0.5624622984
4126.69 0.5632266035
4127.15 0.5639922064
4127.60 0.5647551593
4128.05 0.5655220225
4128.50 0.5662892581
4128.95 0.5670537610
4129.40 0.5678181995
4129.86 0.5685873425
4130.31 0.5694911094
4130.76 0.5704533820
4131.22 0.5714217125
4131.67 0.5723867761
4132.12 0.5733605752
4132.57 0.5743263918
4133.03 0.5752927026
4133.48 0.5762644244
4133.93 0.5772378718
4134.39 0.5782055708
4134.84 0.5791781866
4135.30 0.5801583231
4135.74 0.5811233616
4136.20 0.5820995514
4136.65 0.5830759414
4137.11 0.5840539819
4137.56 0.5850230070
4138.01 0.5860017424
4138.47 0.5869811149
4138.92 0.5879602516
4139.37 0.5889326136
4139.82 0.5899152066
4140.28 0.5906213614
4140.73 0.5911485439
4141.19 0.5916788767
4141.64 0.5922071355
4142.10 0.5927387644
4142.55 0.5932672263
4143.00 0.5937990596
4143.46 0.5943314324
4143.91 0.5948634708
4144.37 0.5953946686
4144.82 0.5959286603
4145.27 0.5964598439
4145.73 0.5969938222
4146.18 0.5975260845
4146.64 0.5980615802
4147.09 0.5985977606
4147.54 0.5991281473
4148.00 0.5996649709
4148.46 0.6002039375
4148.91 0.6007410427
4149.36 0.6012728576
4149.82 0.6018116265
4150.27 0.6023022044
4150.73 0.6027617199
4151.18 0.6032188420
4151.64 0.6036777277
4152.10 0.6041372829
4152.55 0.6045953194
4153.01 0.6050557040
4153.46 0.6055157371
4153.91 0.6059733743
4154.37 0.6064318274
4154.82 0.6068942368
4155.28 0.6073554916
4155.73 0.6078152255
4156.19 0.6082742415
4156.65 0.6087392634
4157.10 0.6092018878
4157.56 0.6096630631
4158.01 0.6101241053
4158.47 0.6105865513
4158.93 0.6110491566
4159.38 0.6115108242
4159.84 0.6119744803
4160.29 0.6121259580
4160.75 0.6121025805
4161.20 0.6120793277
4161.66 0.6120556887
4162.12 0.6120315931
4162.57 0.6120072580
4163.03 0.6119828283
4163.48 0.6119586727
4163.94 0.6119346422
4164.40 0.6119102269
4164.85 0.6118851326
4165.31 0.6118606043
4165.77 0.6118352498
4166.22 0.6118108256
4166.68 0.6117863098
4167.14 0.6117614811
4167.59 0.6117360459
4168.05 0.6117104437
4168.51 0.6116843084
4168.97 0.6116580796
4169.42 0.6116327094
4169.88 0.6116073193
4170.33 0.6117705272
4170.79 0.6120031121
4171.25 0.6122358798
4171.71 0.6124702973
4172.16 0.6127029909
4172.62 0.6129367483
4173.08 0.6131703954
4173.54 0.6134042991
4173.99 0.6136372850
4174.45 0.6138708214
4174.91 0.6141034395
4175.36 0.6143376362
4175.82 0.6145721628
4176.28 0.6148055507
4176.74 0.6150400774
4177.20 0.6152747138
4177.65 0.6155093139
4178.11 0.6157426273
4178.57 0.6159765650
4179.03 0.6162119360
4179.49 0.6164466826
4179.94 0.6166803620
4180.40 0.6167028126
4180.86 0.6166942410
4181.32 0.6166856526
4181.78 0.6166768269
4182.23 0.6166677639
4182.69 0.6166586097
4183.15 0.6166492182
4183.61 0.6166398841
4184.07 0.6166309012
4184.53 0.6166213126
4184.98 0.6166118539
4185.44 0.6166023788
4185.90 0.6165922981
4186.36 0.6165824945
4186.82 0.6165725267
4187.28 0.6165621006
4187.74 0.6165516573
4188.20 0.6165414177
4188.65 0.6165315294
4189.11 0.6165212557
4189.57 0.6165092708
4190.03 0.6165408716
4190.49 0.6171357511
4190.95 0.6177334717
4191.41 0.6183313087
4191.87 0.6189269772
4192.33 0.6195261518
4192.79 0.6201258120
4193.25 0.6207222704
4193.71 0.6213224578
4194.17 0.6219220984
4194.63 0.6225217828
4195.09 0.6231159744
4195.55 0.6237170700
4196.01 0.6243193164
4196.47 0.6249203522
4196.92 0.6255156694
4197.38 0.6261180448
4197.85 0.6267239351
4198.31 0.6273269883
4198.77 0.6279272027
4199.23 0.6285279762
4199.69 0.6291318233
4200.15 0.6296751703
4200.61 0.6300886625
4201.07 0.6305044525
4201.53 0.6309195039
4201.99 0.6313330012
4202.45 0.6317499770
4202.91 0.6321655488
4203.37 0.6325822337
4203.83 0.6329966983
4204.29 0.6334143509
4204.75 0.6338317076
4205.21 0.6342474373
4205.67 0.6346628702
4206.13 0.6350810497
4206.60 0.6355018262
4207.06 0.6359168923
4207.52 0.6363355231
4207.98 0.6367544524
4208.44 0.6371733069
4208.90 0.6375909767
4209.36 0.6380108015
4209.82 0.6384312987
4210.29 0.6391796556
4210.75 0.6401261494
4211.21 0.6410762482
4211.67 0.6420237921
4212.13 0.6429762060
4212.59 0.6439241344
4213.06 0.6448787123
4213.52 0.6458279142
4213.98 0.6467784190
4214.44 0.6477342441
4214.90 0.6486947947
4215.36 0.6496456567
4215.82 0.6505968651
4216.29 0.6515545784
4216.75 0.6525127086
4217.21 0.6534719232
4217.67 0.6544255291
4218.14 0.6553857324
4218.60 0.6563459756
4219.06 0.6573027648
4219.52 0.6582591464
4219.98 0.6592214642
4220.45 0.6597295699
4220.91 0.6602198740
4221.37 0.6607134103
4221.83 0.6612041204
4222.30 0.6616981298
4222.76 0.6621907388
4223.23 0.6626880761
4223.69 0.6631819178
4224.15 0.6636743581
4224.61 0.6641674014
4225.07 0.6646632366
4225.54 0.6651586535
4226.00 0.6656510819
4226.47 0.6661469722
4226.93 0.6666436240
4227.39 0.6671403688
4227.85 0.6676351071
4228.32 0.6681303836
4228.78 0.6686280756
4229.25 0.6691255729
4229.71 0.6696204580
4230.17 0.6702770359
4230.63 0.6712013680
4231.10 0.6721303788
4231.56 0.6730609805
4232.03 0.6739873706
4232.49 0.6749167851
4232.95 0.6758428792
4233.42 0.6767742311
4233.88 0.6777009221
4234.35 0.6786328093
4234.81 0.6795660015
4235.27 0.6804984889
4235.74 0.6814313880
4236.20 0.6823562981
4236.67 0.6832912974
4237.13 0.6842267713
4237.60 0.6851610933
4238.06 0.6860880280
4238.52 0.6870245137
4238.99 0.6879609648
4239.45 0.6888982144
4239.92 0.6898363851
4240.38 0.6904146651
4240.85 0.6909142932
4241.31 0.6914170238
4241.78 0.6919178955
4242.24 0.6924218711
4242.71 0.6929259408
4243.17 0.6934280480
4243.64 0.6939327528
4244.10 0.6944368803
4244.57 0.6949385360
4245.03 0.6954396733
4245.50 0.6959451411
4245.96 0.6964507632
4246.43 0.6969532402
4246.89 0.6974583783
4247.36 0.6979617140
4247.82 0.6984679360
4248.29 0.6989741927
4248.75 0.6994782575
4249.22 0.6999845378
4249.69 0.7004915253
4250.15 0.7010848507
4250.62 0.7018627087
4251.08 0.7026437996
4251.55 0.7034289043
4252.02 0.7042065516
4252.48 0.7049887202
4252.95 0.7057705951
4253.41 0.7065504981
4253.88 0.7073294911
4254.35 0.7081136236
4254.81 0.7088970137
4255.28 0.7096812320
4255.74 0.7104582047
4256.21 0.7112431805
4256.68 0.7120330783
4257.15 0.7128151120
4257.61 0.7135970751
4258.08 0.7143846352
4258.55 0.7151710605
4259.01 0.7159548343
4259.48 0.7167419625
4259.95 0.7175294710
4260.41 0.7178445966
4260.88 0.7180989377
4261.34 0.7183521376
4261.81 0.7186070051
4262.28 0.7188604501
4262.75 0.7191151700
4263.21 0.7193682420
4263.68 0.7196216898
4264.15 0.7198746133
4264.61 0.7201299367
4265.08 0.7203867612
4265.55 0.7206409815
4266.02 0.7208934955
4266.48 0.7211494233
4266.95 0.7214051649
4267.42 0.7216608894
4267.89 0.7219137813
4268.36 0.7221705965
4268.82 0.7224255925
4269.29 0.7226806828
4269.76 0.7229372761
4270.23 0.7233861614
4270.70 0.7240428317
4271.16 0.7246970371
4271.63 0.7253540160
4272.10 0.7260121371
4272.57 0.7266676774
4273.03 0.7273230629
4273.50 0.7279811687
4273.97 0.7286395718
4274.44 0.7292949402
4274.91 0.7299542732
4275.38 0.7306135627
4275.85 0.7312701569
4276.31 0.7319312242
4276.78 0.7325913457
4277.25 0.7332522170
4277.72 0.7339129902
4278.19 0.7345672205
4278.66 0.7352300523
4279.13 0.7358925607
4279.60 0.7365547455
4280.06 0.7371532246
4280.53 0.7373953449
4281.00 0.7376370491
4281.47 0.7378786696
4281.94 0.7381223697
4282.41 0.7383645782
4282.88 0.7386064238
4283.35 0.7388463128
4283.82 0.7390891323
4284.29 0.7393319340
4284.76 0.7395743725
4285.23 0.7398164479
4285.70 0.7400591832
4286.17 0.7403009304
4286.64 0.7405441353
4287.11 0.7407869768
4287.58 0.7410285505
4288.05 0.7412709573
4288.52 0.7415133330
4288.99 0.7417573936
4289.46 0.7420002393
4289.93 0.7422441450
4290.40 0.7427334497
4290.87 0.7432707612
4291.34 0.7438090248
4291.81 0.7443477884
4292.28 0.7448838684
4292.75 0.7454191422
4293.22 0.7459575796
4293.69 0.7464967964
4294.16 0.7470358346
4294.63 0.7475754787
4295.10 0.7481156238
4295.57 0.7486509207
4296.04 0.7491917714
4296.51 0.7497317644
4296.99 0.7502716312
4297.45 0.7508082322
4297.93 0.7513498859
4298.40 0.7518923204
4298.87 0.7524346292
4299.34 0.7529763588
4299.81 0.7535148910
4300.28 0.7537772104
4300.75 0.7538514814
4301.23 0.7539259981
4301.70 0.7540003377
4302.17 0.7540744486
4302.64 0.7541477532
4303.11 0.7542215097
4303.58 0.7542966979
4304.05 0.7543714822
4304.52 0.7544454602
4305.00 0.7545195082
4305.47 0.7545936577
4305.94 0.7546677536
4306.41 0.7547418995
4306.88 0.7548166211
4307.36 0.7548911657
4307.83 0.7549659876
4308.30 0.7550407039
4308.77 0.7551154184
4309.25 0.7551900792
4309.72 0.7552643684
4310.19 0.7555015938
4310.66 0.7559873859
4311.14 0.7564689793
4311.61 0.7569532846
4312.08 0.7574383085
4312.55 0.7579208984
4313.02 0.7584042062
4313.50 0.7588906314
4313.97 0.7593766902
4314.44 0.7598628890
4314.91 0.7603450067
4315.39 0.7608318366
4315.86 0.7613191589
4316.34 0.7618056594
4316.81 0.7622905294
4317.28 0.7627781172
4317.75 0.7632656170
4318.23 0.7637522944
4318.70 0.7642408312
4319.18 0.7647292291
4319.65 0.7652177159
4320.12 0.7656095693
4320.59 0.7657287606
4321.07 0.7658483141
4321.54 0.7659671411
4322.01 0.7660852160
4322.49 0.7662046661
4322.96 0.7663246559
4323.44 0.7664444255
4323.91 0.7665636710
4324.38 0.7666828229
4324.86 0.7668033758
4325.33 0.7669216058
4325.81 0.7670407300
4326.28 0.7671603181
4326.76 0.7672796858
4327.23 0.7673981746
4327.70 0.7675180897
4328.18 0.7676377088
4328.65 0.7677576657
4329.13 0.7678777570
4329.60 0.7679965881
4330.07 0.7681470648
4330.55 0.7684657376
4331.02 0.7687859077
4331.50 0.7691068149
4331.97 0.7694258706
4332.44 0.7697452061
4332.92 0.7700662686
4333.40 0.7703872052
4333.87 0.7707083716
4334.35 0.7710280913
4334.82 0.7713495900
4335.30 0.7716692349
4335.77 0.7719910659
4336.24 0.7723105347
4336.72 0.7726334614
4337.20 0.7729547623
4337.67 0.7732731650
4338.15 0.7735952555
4338.62 0.7739171189
4339.10 0.7742393136
4339.57 0.7745590156
4340.05 0.7748634621
4340.52 0.7750079086
4341.00 0.7751519606
4341.48 0.7752951602
4341.95 0.7754397739
4342.43 0.7755835075
4342.90 0.7757278907
4343.38 0.7758713203
4343.86 0.7760149414
4344.33 0.7761586762
4344.81 0.7763031112
4345.29 0.7764482740
4345.76 0.7765928634
4346.24 0.7767366500
4346.71 0.7768802202
4347.19 0.7770248485
4347.67 0.7771692605
4348.14 0.7773135067
4348.62 0.7774576377
4349.10 0.7776027261
4349.57 0.7777478782
4350.05 0.7779159326
4350.52 0.7782787073
4351.00 0.7786434562
4351.48 0.7790080370
4351.96 0.7793707649
4352.43 0.7797344211
4352.91 0.7801001034
4353.39 0.7804660769
4353.87 0.7808325711
4354.34 0.7811982084
4354.82 0.7815636776
4355.30 0.7819255544
4355.77 0.7822920645
4356.25 0.7826584065
4356.73 0.7830254493
4357.20 0.7833888977
4357.68 0.7837558836
4358.16 0.7841222416
4358.64 0.7844893009
4359.12 0.7848564219
4359.59 0.7852209952
4360.07 0.7855708146
4360.55 0.7858291215
4361.03 0.7860857755
4361.50 0.7863412671
4361.98 0.7865978465
4362.46 0.7868556136
4362.94 0.7871138785
4363.42 0.7873695688
4363.90 0.7876267582
4364.37 0.7878838045
4364.85 0.7881422197
4365.33 0.7883999820
4365.81 0.7886562694
4366.29 0.7889132848
4366.77 0.7891713899
4367.24 0.7894301739
4367.72 0.7896877623
4368.20 0.7899463914
4368.68 0.7902048774
4369.16 0.7904633516
4369.64 0.7907210902
4370.12 0.7909808909
4370.60 0.7912466725
4371.08 0.7915143703
4371.56 0.7917782548
4372.03 0.7920438743
4372.51 0.7923094012
4372.99 0.7925764827
4373.47 0.7928416268
4373.95 0.7931085565
4374.43 0.7933737789
4374.91 0.7936392710
4375.39 0.7939067802
4375.87 0.7941740489
4376.35 0.7944407142
4376.83 0.7947061324
4377.31 0.7949735195
4377.79 0.7952414079
4378.27 0.7955091542
4378.74 0.7957750587
4379.23 0.7960426038
4379.71 0.7963110141
4380.19 0.7965424719
4380.66 0.7967201845
4381.15 0.7968989247
4381.63 0.7970776850
4382.11 0.7972556392
4382.59 0.7974349017
4383.07 0.7976131269
4383.55 0.7977921983
4384.03 0.7979706946
4384.51 0.7981488814
4384.99 0.7983275012
4385.47 0.7985066528
4385.95 0.7986849977
4386.43 0.7988646028
4386.91 0.7990437654
4387.39 0.7992213432
4387.87 0.7994001322
4388.35 0.7995806449
4388.84 0.7997608135
4389.31 0.7999377765
4389.80 0.8001165964
4390.28 0.8001555988
4390.76 0.8000929424
4391.24 0.8000303518
4391.72 0.7999679599
4392.20 0.7999047414
4392.69 0.7998421352
4393.16 0.7997789993
4393.65 0.7997154499
4394.13 0.7996520493
4394.61 0.7995894601
4395.09 0.7995271520
4395.57 0.7994641655
4396.06 0.7994016596
4396.53 0.7993391709
4397.02 0.7992757033
4397.50 0.7992125346
4397.98 0.7991499471
4398.46 0.7990865809
4398.95 0.7990226170
4399.43 0.7989595479
4399.91 0.7988970610
4400.39 0.7987957382
4400.87 0.7986854541
4401.36 0.7985746623
4401.84 0.7984641605
4402.32 0.7983539274
4402.81 0.7982432373
4403.29 0.7981329171
4403.77 0.7980234032
4404.25 0.7979125828
4404.73 0.7978018212
4405.22 0.7976903981
4405.70 0.7975789313
4406.19 0.7974672397
4406.67 0.7973562531
4407.15 0.7972455070
4407.63 0.7971350279
4408.12 0.7970240403
4408.60 0.7969125442
4409.08 0.7968021934
4409.56 0.7966908429
4410.05 0.7966059608
4410.53 0.7967654378
4411.01 0.7969241561
4411.50 0.7970834840
4411.98 0.7972430604
4412.46 0.7974025238
4412.95 0.7975630107
4413.43 0.7977222731
4413.92 0.7978823263
4414.40 0.7980419819
4414.89 0.7982016013
4415.37 0.7983617022
4415.85 0.7985210436
4416.33 0.7986804008
4416.82 0.7988405492
4417.31 0.7990006615
4417.79 0.7991596002
4418.27 0.7993192014
4418.76 0.7994803454
4419.24 0.7996410394
4419.73 0.7998008171
4420.21 0.7998439331
4420.69 0.7997330739
4421.18 0.7996216526
4421.66 0.7995103445
4422.15 0.7993987598
4422.63 0.7992865602
4423.12 0.7991747307
4423.60 0.7990628573
4424.09 0.7989517981
4424.57 0.7988396039
4425.05 0.7987277577
4425.54 0.7986150091
4426.02 0.7985023226
4426.51 0.7983904198
4426.99 0.7982788661
4427.48 0.7981664090
4427.97 0.7980539079
4428.45 0.7979412361
4428.94 0.7978281268
4429.42 0.7977154939
4429.91 0.7976025836
4430.40 0.7978017113
4430.88 0.7980705820
4431.36 0.7983424426
4431.85 0.7986158726
4432.34 0.7988870400
4432.82 0.7991594896
4433.31 0.7994305037
4433.79 0.7997023328
4434.28 0.7999729596
4434.77 0.8002451032
4435.25 0.8005155230
4435.74 0.8007873329
4436.22 0.8010580668
4436.71 0.8013301378
4437.19 0.8016031853
4437.68 0.8018752099
4438.17 0.8021481044
4438.65 0.8024205180
4439.14 0.8026912592
4439.62 0.8029618063
4440.11 0.8032196429
4440.60 0.8034322682
4441.09 0.8036457511
4441.57 0.8038568768
4442.06 0.8040702867
4442.55 0.8042823184
4443.04 0.8044943773
4443.52 0.8047041520
4444.01 0.8049157963
4444.49 0.8051281707
4444.98 0.8053401568
4445.47 0.8055519889
4445.95 0.8057640824
4446.44 0.8059773971
4446.93 0.8061890760
4447.42 0.8064013791
4447.91 0.8066141253
4448.39 0.8068249472
4448.88 0.8070355612
4449.37 0.8072482073
4449.86 0.8074625983
4450.35 0.8078006750
4450.83 0.8081902614
4451.32 0.8085821548
4451.81 0.8089745312
4452.29 0.8093650201
4452.78 0.8097557569
4453.27 0.8101483327
4453.76 0.8105400357
4454.25 0.8109307364
4454.73 0.8113226250
4455.22 0.8117154142
4455.71 0.8121080880
4456.20 0.8124990537
4456.69 0.8128896154
4457.18 0.8132820183
4457.66 0.8136731824
4458.15 0.8140654830
4458.64 0.8144602792
4459.13 0.8148533662
4459.62 0.8152420783
4460.11 0.8156257071
4460.60 0.8159787686
4461.09 0.8163316527
4461.57 0.8166792091
4462.06 0.8170301426
4462.55 0.8173836177
4463.04 0.8177363136
4463.53 0.8180856927
4464.02 0.8184392888
4464.51 0.8187921054
4465.00 0.8191429646
4465.49 0.8194956608
4465.98 0.8198485983
4466.47 0.8201998649
4466.95 0.8205511888
4467.44 0.8209043509
4467.94 0.8212572833
4468.43 0.8216107965
4468.91 0.8219625338
4469.40 0.8223161623
4469.89 0.8226682502
4470.38 0.8230637207
4470.87 0.8234692119
4471.36 0.8238756638
4471.85 0.8242810573
4472.34 0.8246883037
4472.83 0.8250953838
4473.32 0.8255032411
4473.82 0.8259111680
4474.30 0.8263148866
4474.79 0.8267229521
4475.28 0.8271308513
4475.78 0.8275387690
4476.27 0.8279463353
4476.76 0.8283546283
4477.25 0.8287610191
4477.74 0.8291670067
4478.23 0.8295753229
4478.72 0.8299829493
4479.21 0.8303915900
4479.70 0.8307965384
4480.19 0.8311767305
4480.68 0.8315113827
4481.18 0.8318465610
4481.67 0.8321802397
4482.16 0.8325157613
4482.65 0.8328506778
4483.14 0.8331842798
4483.63 0.8335189654
4484.12 0.8338522008
4484.61 0.8341877530
4485.10 0.8345218040
4485.60 0.8348567535
4486.09 0.8351921791
4486.58 0.8355276582
4487.07 0.8358612123
4487.56 0.8361952926
4488.06 0.8365311685
4488.55 0.8368654914
4489.04 0.8371987340
4489.53 0.8375330268
4490.02 0.8378703001
4490.51 0.8382426745
4491.01 0.8386146367
4491.50 0.8389880816
4491.99 0.8393615382
4492.48 0.8397301446
4492.98 0.8401025893
4493.47 0.8404755696
4493.96 0.8408487985
4494.45 0.8412204799
4494.95 0.8415906630
4495.44 0.8419650247
4495.93 0.8423374638
4496.43 0.8427107634
4496.92 0.8430832259
4497.41 0.8434543764
4497.90 0.8438258747
4498.40 0.8441998948
4498.89 0.8445737394
4499.38 0.8449466966
4499.88 0.8453179159
4500.37 0.8455210716
4500.86 0.8456657742
4501.35 0.8458110520
4501.85 0.8459554907
4502.34 0.8461007914
4502.84 0.8462464300
4503.33 0.8463895771
4503.82 0.8465337247
4504.32 0.8466787840
4504.81 0.8468248051
4505.30 0.8469678091
4505.80 0.8471121899
4506.29 0.8472568196
4506.78 0.8474017479
4507.27 0.8475452224
4507.77 0.8476901238
4508.27 0.8478356007
4508.76 0.8479797228
4509.25 0.8481241827
4509.75 0.8482688917
4510.24 0.8484682667
4510.73 0.8487202951
4511.23 0.8489744886
4511.73 0.8492284796
4512.22 0.8494829321
4512.71 0.8497366171
4513.21 0.8499911899
4513.70 0.8502459865
4514.20 0.8504995392
4514.69 0.8507537420
4515.19 0.8510075534
4515.68 0.8512624915
4516.18 0.8515161849
4516.67 0.8517716701
4517.17 0.8520267144
4517.66 0.8522801265
4518.16 0.8525327694
4518.65 0.8527863508
4519.15 0.8530410596
4519.64 0.8532962806
4520.14 0.8534946663
4520.64 0.8535485992
4521.13 0.8536024337
4521.62 0.8536566966
4522.12 0.8537114676
4522.62 0.8537659420
4523.11 0.8538204574
4523.60 0.8538739707
4524.10 0.8539284192
4524.60 0.8539830976
4525.10 0.8540375787
4525.59 0.8540915350
4526.08 0.8541459490
4526.58 0.8542002544
4527.08 0.8542546010
4527.57 0.8543081841
4528.07 0.8543620859
4528.57 0.8544160792
4529.06 0.8544699635
4529.56 0.8545244172
4530.06 0.8545729783
4530.55 0.8545752300
4531.05 0.8545770843
4531.55 0.8545792958
4532.04 0.8545812987
4532.54 0.8545829921
4533.03 0.8545842882
4533.53 0.8545858906
4534.03 0.8545871465
4534.52 0.8545894258
4535.02 0.8545910690
4535.52 0.8545932067
4536.02 0.8545949472
4536.51 0.8545962041
4537.01 0.8545976651
4537.51 0.8545983879
4538.01 0.8545990904
4538.51 0.8546011573
4539.00 0.8546027765
4539.50 0.8546047170
4540.00 0.8546064841
4540.49 0.8545791728
4540.99 0.8545519720
4541.49 0.8545272423
4541.99 0.8545025722
4542.48 0.8544775512
4542.98 0.8544523500
4543.48 0.8544252573
4543.98 0.8543987722
4544.48 0.8543724305
4544.98 0.8543464053
4545.47 0.8543194984
4545.97 0.8542926171
4546.47 0.8542667527
4546.97 0.8542411018
4547.47 0.8542141738
4547.96 0.8541869475
4548.46 0.8541611658
4548.96 0.8541354098
4549.46 0.8541082926
4549.96 0.8540810967
4550.45 0.8538745677
4550.95 0.8536506410
4551.45 0.8534270420
4551.95 0.8532022559
4552.45 0.8529794784
4552.95 0.8527547929
4553.45 0.8525305177
4553.95 0.8523061726
4554.45 0.8520810372
4554.94 0.8518582596
4555.44 0.8516332252
4555.94 0.8514076404
4556.44 0.8511839078
4556.94 0.8509595714
4557.44 0.8507353798
4557.94 0.8505099425
4558.44 0.8502842486
4558.94 0.8500600351
4559.44 0.8498355119
4559.94 0.8496100355
4560.44 0.8495345563
4560.94 0.8494794064
4561.44 0.8494228586
4561.94 0.8493662004
4562.44 0.8493103086
4562.94 0.8492548653
4563.44 0.8491993124
4563.94 0.8491432680
4564.44 0.8490871687
4564.94 0.8490301506
4565.44 0.8489737669
4565.94 0.8489165183
4566.44 0.8488611205
4566.94 0.8488051749
4567.44 0.8487479373
4567.94 0.8486909972
4568.44 0.8486341756
4568.94 0.8485768943
4569.44 0.8485202477
4569.94 0.8484639752
4570.44 0.8482348034
4570.94 0.8479830883
4571.45 0.8477298698
4571.95 0.8474790790
4572.45 0.8472261166
4572.95 0.8469739137
4573.45 0.8467224879
4573.95 0.8464725461
4574.45 0.8462195221
4574.96 0.8459659397
4575.46 0.8457145657
4575.96 0.8454615556
4576.46 0.8452086544
4576.96 0.8449565714
4577.46 0.8447048960
4577.96 0.8444520658
4578.47 0.8441988614
4578.97 0.8439460639
4579.47 0.8436928793
4579.97 0.8434400449
4580.48 0.8435074407
4580.98 0.8435941450
4581.48 0.8436801808
4581.98 0.8437665260
4582.48 0.8438540782
4582.98 0.8439412609
4583.49 0.8440280857
4583.99 0.8441151509
4584.49 0.8442021573
4584.99 0.8442886677
4585.50 0.8443756716
4586.00 0.8444624901
4586.50 0.8445486971
4587.00 0.8446346610
4587.51 0.8447211759
4588.01 0.8448076894
4588.51 0.8448941330
4589.01 0.8449808174
4589.52 0.8450676373
4590.02 0.8451495464
4590.52 0.8451406052
4591.03 0.8451320682
4591.53 0.8451236351
4592.03 0.8451151798
4592.54 0.8451073029
4593.04 0.8450992877
4593.55 0.8450895548
4594.05 0.8450801582
4594.55 0.8450729872
4595.05 0.8450652425
4595.56 0.8450561473
4596.06 0.8450469045
4596.56 0.8450379485
4597.07 0.8450285440
4597.57 0.8450194181
4598.07 0.8450100863
4598.58 0.8450008648
4599.09 0.8449916133
4599.59 0.8449830083
4600.09 0.8450687978
4600.60 0.8455841377
4601.10 0.8460989013
4601.61 0.8466137575
4602.11 0.8471257272
4602.61 0.8476411950
4603.12 0.8481558432
4603.62 0.8486680303
4604.13 0.8491826202
4604.63 0.8496963897
4605.14 0.8502114073
4605.64 0.8507239621
4606.15 0.8512388633
4606.65 0.8517516019
4607.15 0.8522669308
4607.66 0.8527830812
4608.17 0.8532990815
4608.67 0.8538149315
4609.17 0.8543260584
4609.68 0.8548433084
4610.19 0.8551831768
4610.69 0.8552183139
4611.20 0.8552530798
4611.70 0.8552877749
4612.21 0.8553220283
4612.72 0.8553567552
4613.22 0.8553914572
4613.72 0.8554261582
4614.23 0.8554617617
4614.74 0.8554969235
4615.24 0.8555320612
4615.74 0.8555673828
4616.25 0.8556015325
4616.76 0.8556352403
4617.26 0.8556700361
4617.77 0.8557056766
4618.28 0.8557404464
4618.78 0.8557745204
4619.29 0.8558092060
4619.80 0.8558432061
4620.30 0.8562158654
4620.81 0.8568133717
4621.31 0.8574135525
4621.82 0.8580137863
4622.33 0.8586116240
4622.84 0.8592131128
4623.34 0.8598121466
4623.85 0.8604137997
4624.35 0.8610118354
4624.86 0.8616129790
4625.37 0.8622122112
4625.87 0.8628155285
4626.38 0.8634137621
4626.89 0.8640146180
4627.40 0.8646167479
4627.90 0.8652186155
4628.41 0.8658191868
4628.92 0.8664261748
4629.43 0.8670290519
4629.93 0.8676257321
4630.44 0.8680981359
4630.95 0.8685491888
4631.46 0.8690014843
4631.96 0.8694488237
4632.47 0.8698998095
4632.98 0.8703506290
4633.49 0.8708030490
4633.99 0.8712518628
4634.50 0.8717036493
4635.01 0.8721558147
4635.52 0.8726067798
4636.02 0.8730580673
4636.53 0.8735104110
4637.04 0.8739607442
4637.55 0.8744107219
4638.06 0.8748632436
4638.57 0.8753151658
4639.07 0.8757669214
4639.58 0.8762178880
4640.09 0.8766477214
4640.60 0.8769666926
4641.10 0.8772855236
4641.61 0.8776058938
4642.12 0.8779265581
4642.63 0.8782457248
4643.14 0.8785667322
4643.65 0.8788855069
4644.16 0.8792066126
4644.67 0.8795292373
4645.18 0.8798493836
4645.69 0.8801703367
4646.20 0.8804907152
4646.71 0.8808117668
4647.22 0.8811331683
4647.73 0.8814546191
4648.23 0.8817745142
4648.74 0.8820944582
4649.25 0.8824163017
4649.76 0.8827381392
4650.27 0.8830347436
4650.78 0.8833111700
4651.29 0.8835899779
4651.80 0.8838688811
4652.31 0.8841475236
4652.82 0.8844231026
4653.33 0.8847012783
4653.84 0.8849786227
4654.35 0.8852576142
4654.86 0.8855353938
4655.37 0.8858140293
4655.88 0.8860922136
4656.39 0.8863698113
4656.90 0.8866488116
4657.41 0.8869275510
4657.92 0.8872061398
4658.43 0.8874841417
4658.94 0.8877626746
4659.45 0.8880413826
4659.97 0.8883200752
4660.47 0.8888469525
4660.98 0.8893921125
4661.49 0.8899389263
4662.01 0.8904860847
4662.52 0.8910310473
4663.03 0.8915788945
4663.54 0.8921291904
4664.05 0.8926725347
4664.56 0.8932204319
4665.07 0.8937689199
4665.59 0.8943179988
4666.10 0.8948676146
4666.61 0.8954131168
4667.12 0.8959614535
4667.63 0.8965069056
4668.14 0.8970561780
4668.65 0.8976025108
4669.17 0.8981524732
4669.68 0.8986994950
4670.19 0.8990925824
4670.70 0.8992172060
4671.21 0.8993407651
4671.72 0.8994650150
4672.23 0.8995891629
4672.75 0.8997138091
4673.26 0.8998377218
4673.77 0.8999610622
4674.28 0.9000854249
4674.80 0.9002098472
4675.31 0.9003338899
4675.82 0.9004590631
4676.34 0.9005832557
4676.85 0.9007071531
4677.36 0.9008311338
4677.87 0.9009562758
4678.39 0.9010801899
4678.90 0.9012034235
4679.41 0.9013274568
4679.92 0.9014515499
4680.44 0.9013622332
4680.95 0.9012338734
4681.46 0.9011078486
4681.98 0.9009804605
4682.49 0.9008540902
4683.00 0.9007276163
4683.51 0.9005982671
4684.03 0.9004693617
4684.54 0.9003416416
4685.05 0.9002144757
4685.57 0.9000859151
4686.08 0.8999572495
4686.60 0.8998291936
4687.11 0.8997020770
4687.62 0.8995737564
4688.14 0.8994451940
4688.65 0.8993157846
4689.16 0.8991883337
4689.68 0.8990595665
4690.19 0.8989698283
4690.70 0.8989467562
4691.22 0.8989227481
4691.73 0.8988989605
4692.25 0.8988760800
4692.76 0.8988536438
4693.28 0.8988302709
4693.79 0.8988063201
4694.31 0.8987830058
4694.82 0.8987600477
4695.34 0.8987360725
4695.85 0.8987120142
4696.36 0.8986885144
4696.88 0.8986648978
4697.39 0.8986410067
4697.91 0.8986173363
4698.42 0.8985937304
4698.94 0.8985700065
4699.45 0.8985457601
4699.97 0.8985214868
4700.48 0.8985678315
4701.00 0.8986189884
4701.51 0.8986690298
4702.03 0.8987190604
4702.54 0.8987696901
4703.06 0.8988201956
4703.58 0.8988716258
4704.09 0.8989225292
4704.61 0.8989731943
4705.12 0.8990235238
4705.64 0.8990741678
4706.15 0.8991244762
4706.67 0.8991751563
4707.18 0.8992255205
4707.70 0.8992752437
4708.21 0.8993250135
4708.73 0.8993750974
4709.25 0.8994251707
4709.76 0.8994746604
4710.28 0.8996839329
4710.80 0.9000290587
4711.31 0.9003747929
4711.83 0.9007189567
4712.35 0.9010650475
4712.86 0.9014106956
4713.38 0.9017573348
4713.90 0.9021027086
4714.41 0.9024484620
4714.93 0.9027924519
4715.44 0.9031371272
4715.96 0.9034807271
4716.48 0.9038268880
4716.99 0.9041708441
4717.51 0.9045136098
4718.03 0.9048582482
4718.55 0.9052036870
4719.06 0.9055491797
4719.58 0.9058933471
4720.10 0.9061144918
4720.61 0.9057899886
4721.13 0.9054658903
4721.65 0.9051435567
4722.17 0.9048197710
4722.69 0.9044955859
4723.20 0.9041727260
4723.72 0.9038495249
4724.24 0.9035250614
4724.76 0.9032010611
4725.27 0.9028772754
4725.79 0.9025517854
4726.31 0.9022266265
4726.83 0.9019002026
4727.34 0.9015753567
4727.86 0.9012494944
4728.38 0.9009221157
4728.90 0.9005979298
4729.42 0.9002736515
4729.94 0.8999476659
4730.45 0.9000217178
4730.97 0.9001520169
4731.49 0.9002837016
4732.01 0.9004155838
4732.53 0.9005477821
4733.05 0.9006796072
4733.56 0.9008114395
4734.08 0.9009436005
4734.60 0.9010742706
4735.12 0.9012048168
4735.64 0.9013366781
4736.16 0.9014691176
4736.68 0.9016010650
4737.20 0.9017321987
4737.72 0.9018639106
4738.24 0.9019958201
4738.75 0.9021267254
4739.27 0.9022582089
4739.80 0.9023903898
4740.31 0.9024078977
4740.83 0.9023510054
4741.35 0.9022938999
4741.88 0.9022365100
4742.39 0.9021794449
4742.91 0.9021219866
4743.43 0.9020652443
4743.95 0.9020087780
4744.47 0.9019505863
4744.99 0.9018919200
4745.51 0.9018342901
4746.03 0.9017766257
4746.55 0.9017198589
4747.07 0.9016622468
4747.59 0.9016037975
4748.11 0.9015452445
4748.63 0.9014880302
4749.15 0.9014296588
4749.68 0.9013719436
4750.19 0.9015568593
4750.72 0.9021517842
4751.24 0.9027467573
4751.76 0.9033387633
4752.27 0.9039311276
4752.80 0.9045261759
4753.32 0.9051218343
4753.84 0.9057176018
4754.36 0.9063070694
4754.88 0.9069033044
4755.40 0.9075005916
4755.92 0.9080972958
4756.44 0.9086915292
4756.97 0.9092893948
4757.49 0.9098849206
4758.01 0.9104781653
4758.53 0.9110756648
4759.05 0.9116732141
4759.57 0.9122701791
4760.10 0.9127604366
4760.62 0.9127849065
4761.14 0.9128091087
4761.66 0.9128332212
4762.18 0.9128573172
4762.70 0.9128817206
4763.23 0.9129056050
4763.75 0.9129288976
4764.27 0.9129523652
4764.79 0.9129751943
4765.31 0.9129990115
4765.84 0.9130230633
4766.36 0.9130467153
4766.88 0.9130704823
4767.40 0.9130936699
4767.93 0.9131162659
4768.45 0.9131402340
4768.97 0.9131643768
4769.49 0.9131874254
4770.02 0.9132311552
4770.54 0.9138753033
4771.06 0.9145234762
4771.58 0.9151693726
4772.11 0.9158184805
4772.63 0.9164669538
4773.15 0.9171128978
4773.67 0.9177585171
4774.20 0.9184082980
4774.72 0.9190580070
4775.24 0.9197054368
4775.77 0.9203558901
4776.29 0.9210064640
4776.82 0.9216566546
4777.34 0.9223079146
4777.86 0.9229559444
4778.39 0.9236071934
4778.91 0.9242590674
4779.44 0.9249069531
4779.96 0.9255586225
4780.48 0.9255770114
4781.01 0.9255437734
4781.53 0.9255106230
4782.06 0.9254773259
4782.58 0.9254444275
4783.10 0.9254115171
4783.62 0.9253775510
4784.15 0.9253433788
4784.68 0.9253094291
4785.20 0.9252758200
4785.72 0.9252427615
4786.25 0.9252094800
4786.77 0.9251752776
4787.30 0.9251413729
4787.82 0.9251074976
4788.35 0.9250737859
4788.88 0.9250402969
4789.40 0.9250065703
4789.92 0.9249728292
4790.45 0.9251332649
4790.97 0.9253280739
4791.49 0.9255206742
4792.02 0.9257155239
4792.55 0.9259103941
4793.07 0.9261041400
4793.60 0.9262998094
4794.12 0.9264938488
4794.65 0.9266893805
4795.17 0.9268827020
4795.70 0.9270766832
4796.23 0.9272718896
4796.75 0.9274676821
4797.28 0.9276615906
4797.80 0.9278563524
4798.33 0.9280516408
4798.85 0.9282466224
4799.38 0.9284406121
4799.91 0.9286364084
4800.43 0.9287178619
4800.96 0.9287739193
4801.48 0.9288292812
4802.01 0.9288844991
4802.54 0.9289403470
4803.06 0.9289960513
4803.59 0.9290533990
4804.12 0.9291099168
4804.64 0.9291649645
4805.17 0.9292201218
4805.69 0.9292757759
4806.22 0.9293320001
4806.75 0.9293887211
4807.28 0.9294444783
4807.80 0.9295006723
4808.33 0.9295571097
4808.85 0.9296133916
4809.38 0.9296697488
4809.91 0.9297253954
4810.44 0.9298751455
4810.96 0.9300422062
4811.49 0.9302122778
4812.02 0.9303821105
4812.55 0.9305518977
4813.07 0.9307195242
4813.60 0.9308902353
4814.13 0.9310601273
4814.65 0.9312301552
4815.18 0.9314007783
4815.71 0.9315704005
4816.24 0.9317405456
4816.77 0.9319101251
4817.30 0.9320802998
4817.82 0.9322488927
4818.35 0.9324193513
4818.88 0.9325889900
4819.41 0.9327591636
4819.93 0.9329283237
4820.46 0.9327297367
4820.99 0.9324803588
4821.52 0.9322286872
4822.05 0.9319767446
4822.58 0.9317266266
4823.10 0.9314752919
4823.64 0.9312235640
4824.16 0.9309718197
4824.69 0.9307213231
4825.22 0.9304678358
4825.75 0.9302143397
4826.28 0.9299636809
4826.81 0.9297125050
4827.34 0.9294602331
4827.86 0.9292080699
4828.39 0.9289552579
4828.92 0.9287014798
4829.45 0.9284481330
4829.98 0.9281949630
4830.51 0.9282715917
4831.04 0.9283596839
4831.57 0.9284459895
4832.10 0.9285329934
4832.63 0.9286201822
4833.16 0.9287071796
4833.69 0.9287929620
4834.22 0.9288788664
4834.75 0.9289658538
4835.28 0.9290530929
4835.81 0.9291400737
4836.34 0.9292256433
4836.87 0.9293122995
4837.40 0.9293982500
4837.93 0.9294839417
4838.46 0.9295710318
4838.99 0.9296581817
4839.52 0.9297458417
4840.05 0.9298121217
4840.58 0.9296730317
4841.11 0.9295329311
4841.64 0.9293925244
4842.17 0.9292523831
4842.70 0.9291131468
4843.23 0.9289736021
4843.77 0.9288334934
4844.29 0.9286941611
4844.83 0.9285527969
4845.36 0.9284125288
4845.89 0.9282723995
4846.42 0.9281320252
4846.95 0.9279915336
4847.48 0.9278509899
4848.01 0.9277098179
4848.54 0.9275702538
4849.07 0.9274308925
4849.60 0.9272905843
4850.14 0.9272328368
4850.67 0.9274166538
4851.20 0.9276004242
4851.73 0.9277849801
4852.26 0.9279687245
4852.80 0.9281536372
4853.33 0.9283376091
4853.86 0.9285222375
4854.39 0.9287058601
4854.93 0.9288889886
4855.46 0.9290739273
4855.98 0.9292561996
4856.52 0.9294416219
4857.05 0.9296268711
4857.59 0.9298113701
4858.11 0.9299941615
4858.65 0.9301794005
4859.18 0.9303639537
4859.71 0.9305489727
4860.24 0.9305706217
4860.78 0.9304003852
4861.31 0.9302311142
4861.84 0.9300618488
4862.38 0.9298916894
4862.91 0.9297217266
4863.44 0.9295514477
4863.98 0.9293820092
4864.51 0.9292116764
4865.04 0.9290416061
4865.58 0.9288703186
4866.11 0.9286989712
4866.64 0.9285294920
4867.18 0.9283587950
4867.71 0.9281881702
4868.24 0.9280170309
4868.77 0.9278460963
4869.31 0.9276745805
4869.84 0.9275039741
4870.38 0.9275139884
4870.91 0.9276021935
4871.44 0.9276887302
4871.98 0.9277755870
4872.51 0.9278632780
4873.05 0.9279515372
4873.58 0.9280390225
4874.11 0.9281267617
4874.65 0.9282150118
4875.19 0.9283029352
4875.72 0.9283895227
4876.25 0.9284771827
4876.79 0.9285651636
4877.32 0.9286523029
4877.85 0.9287380394
4878.39 0.9288264585
4878.92 0.9289144270
4879.46 0.9290028401
4879.99 0.9290901078
4880.52 0.9291970457
4881.06 0.9293046229
4881.60 0.9294111822
4882.13 0.9295183808
4882.67 0.9296268680
4883.20 0.9297353565
4883.74 0.9298421780
4884.27 0.9299488102
4884.81 0.9300554324
4885.35 0.9301631532
4885.88 0.9302705618
4886.41 0.9303786101
4886.95 0.9304863347
4887.48 0.9305938029
4888.02 0.9307010818
4888.56 0.9308077789
4889.09 0.9309140963
4889.63 0.9310227908
4890.16 0.9312160715
4890.70 0.9316004824
4891.24 0.9319852132
4891.77 0.9323667313
4892.31 0.9327523596
4892.85 0.9331404283
4893.38 0.9335261813
4893.92 0.9339101337
4894.46 0.9342967178
4894.99 0.9346831735
4895.53 0.9350677604
4896.06 0.9354518927
4896.60 0.9358379511
4897.14 0.9362241388
4897.67 0.9366081411
4898.21 0.9369959356
4898.75 0.9373827593
4899.28 0.9377701621
4899.82 0.9381531195
4900.36 0.9385029752
4900.89 0.9388291843
4901.43 0.9391563424
4901.97 0.9394827742
4902.51 0.9398092551
4903.05 0.9401355264
4903.58 0.9404600451
4904.12 0.9407877071
4904.65 0.9411154184
4905.19 0.9414433709
4905.73 0.9417681512
4906.27 0.9420959431
4906.81 0.9424235256
4907.34 0.9427507063
4907.88 0.9430759990
4908.42 0.9434030855
4908.95 0.9437324175
4909.49 0.9440605047
4910.03 0.9444083196
4910.57 0.9450661590
4911.11 0.9457238611
4911.65 0.9463760591
4912.18 0.9470345214
4912.73 0.9476978292
4913.26 0.9483545951
4913.80 0.9490131638
4914.34 0.9496728248
4914.88 0.9503294360
4915.42 0.9509859088
4915.96 0.9516448977
4916.50 0.9523081568
4917.03 0.9529705669
4917.57 0.9536275250
4918.11 0.9542853166
4918.65 0.9549464708
4919.19 0.9556085254
4919.73 0.9562675248
4920.27 0.9566331224
4920.81 0.9566947772
4921.35 0.9567559035
4921.89 0.9568174741
4922.43 0.9568785811
4922.97 0.9569396133
4923.51 0.9570007010
4924.04 0.9570610670
4924.58 0.9571233687
4925.12 0.9571861804
4925.66 0.9572459986
4926.20 0.9573069731
4926.74 0.9573681977
4927.28 0.9574294127
4927.82 0.9574897121
4928.36 0.9575522074
4928.90 0.9576148875
4929.44 0.9576764529
4929.98 0.9577372315
4930.52 0.9578368702
4931.06 0.9579385223
4931.61 0.9580394592
4932.14 0.9581401383
4932.68 0.9582418538
4933.23 0.9583435026
4933.77 0.9584444360
4934.31 0.9585455005
4934.85 0.9586468243
4935.39 0.9587482097
4935.93 0.9588493339
4936.47 0.9589507175
4937.01 0.9590506083
4937.55 0.9591522505
4938.09 0.9592541524
4938.63 0.9593560535
4939.18 0.9594574329
4939.71 0.9595567982
4940.26 0.9598047833
4940.80 0.9602180549
4941.34 0.9606315885
4941.88 0.9610449953
4942.43 0.9614581430
4942.97 0.9618716189
4943.51 0.9622844463
4944.05 0.9626942158
4944.59 0.9631074383
4945.13 0.9635217055
4945.68 0.9639381268
4946.22 0.9643494682
4946.76 0.9647631557
4947.30 0.9651769107
4947.85 0.9655906676
4948.38 0.9660010380
4948.93 0.9664184518
4949.47 0.9668318254
4950.01 0.9672403708
4950.56 0.9673780627
4951.10 0.9675162180
4951.64 0.9676526856
4952.18 0.9677903326
4952.73 0.9679272029
4953.27 0.9680636233
4953.81 0.9682006385
4954.35 0.9683374652
4954.90 0.9684756688
4955.44 0.9686126388
4955.98 0.9687502677
4956.52 0.9688870580
4957.07 0.9690252235
4957.61 0.9691613703
4958.15 0.9692985696
4958.70 0.9694370172
4959.24 0.9695750147
4959.79 0.9697132147
4960.33 0.9698382158
4960.87 0.9699565460
4961.42 0.9700744217
4961.96 0.9701919721
4962.51 0.9703110951
4963.05 0.9704299591
4963.59 0.9705477157
4964.14 0.9706657366
4964.68 0.9707840850
4965.23 0.9709028934
4965.77 0.9710218370
4966.31 0.9711394111
4966.86 0.9712580319
4967.40 0.9713763933
4967.95 0.9714949529
4968.49 0.9716128658
4969.03 0.9717320212
4969.58 0.9718503266
4970.12 0.9719660136
4970.67 0.9720712841
4971.22 0.9721757013
4971.76 0.9722798557
4972.30 0.9723833607
4972.85 0.9724885630
4973.39 0.9725932404
4973.94 0.9726979174
4974.48 0.9728010914
4975.03 0.9729057674
4975.57 0.9730095890
4976.12 0.9731140015
4976.66 0.9732187480
4977.21 0.9733239470
4977.75 0.9734285538
4978.30 0.9735324395
4978.85 0.9736362575
4979.39 0.9737403374
4979.94 0.9738450089
4980.48 0.9739686631
4981.03 0.9740971720
4981.58 0.9742248303
4982.12 0.9743522976
4982.67 0.9744795738
4983.21 0.9746063962
4983.76 0.9747330274
4984.31 0.9748609710
4984.85 0.9749887236
4985.40 0.9751162179
4985.94 0.9752422128
4986.49 0.9753701745
4987.04 0.9754976823
4987.58 0.9756251945
4988.13 0.9757525830
4988.67 0.9758807653
4989.22 0.9760090130
4989.77 0.9761364759
4990.32 0.9763671027
4990.87 0.9766735555
4991.41 0.9769803153
4991.96 0.9772868556
4992.51 0.9775919341
4993.05 0.9778996149
4993.60 0.9782068130
4994.15 0.9785140550
4994.69 0.9788177271
4995.24 0.9791255158
4995.79 0.9794334158
4996.34 0.9797415560
4996.88 0.9800464553
4997.43 0.9803538925
4997.98 0.9806613736
4998.53 0.9809687024
4999.08 0.9812760076
4999.62 0.9815852022
5000.17 0.9816927246
5000.72 0.9813679029
5001.27 0.9810390858
5001.81 0.9807092529
5002.36 0.9803799800
5002.91 0.9800522019
5003.46 0.9797229415
5004.01 0.9793923938
5004.56 0.9790616817
5005.11 0.9787309417
5005.65 0.9784038797
5006.20 0.9780734078
5006.75 0.9777425756
5007.30 0.9774114519
5007.85 0.9770829420
5008.40 0.9767498345
5008.94 0.9764208815
5009.49 0.9760889712
5010.04 0.9757914495
5010.59 0.9759024654
5011.14 0.9760127588
5011.69 0.9761225243
5012.24 0.9762328191
5012.79 0.9763421407
5013.34 0.9764531603
5013.89 0.9765645149
5014.44 0.9766753414
5014.99 0.9767856542
5015.54 0.9768978049
5016.09 0.9770088288
5016.64 0.9771187954
5017.18 0.9772273293
5017.73 0.9773372970
5018.28 0.9774483239
5018.84 0.9775601455
5019.39 0.9776703800
5019.94 0.9777803504
5020.49 0.9776110071
5021.03 0.9774083263
5021.59 0.9772031089
5022.14 0.9769988119
5022.69 0.9767947817
5023.23 0.9765920951
5023.79 0.9763867986
5024.34 0.9761817690
5024.89 0.9759766002
5025.44 0.9757725120
5025.99 0.9755656872
5026.54 0.9753600478
5027.09 0.9751538096
5027.64 0.9749493070
5028.20 0.9747419222
5028.75 0.9745344168
5029.30 0.9743295868
5029.85 0.9741222093
5030.40 0.9740115884
5030.95 0.9739379906
5031.50 0.9738636289
5032.06 0.9737894210
5032.61 0.9737165224
5033.16 0.9736435128
5033.71 0.9735689206
5034.26 0.9734946261
5034.81 0.9734211606
5035.36 0.9733464725
5035.91 0.9732708523
5036.47 0.9731950710
5037.02 0.9731196361
5037.57 0.9730462625
5038.12 0.9729718833
5038.67 0.9728961357
5039.23 0.9728200096
5039.78 0.9727438685
5040.33 0.9723914968
5040.89 0.9718509372
5041.44 0.9713166692
5041.99 0.9707757799
5042.54 0.9702354728
5043.10 0.9696952895
5043.65 0.9691607265
5044.20 0.9686197285
5044.75 0.9680781304
5045.31 0.9675365820
5045.85 0.9669998616
5046.41 0.9664579556
5046.96 0.9659157155
5047.52 0.9653722684
5048.07 0.9648289449
5048.62 0.9642844140
5049.18 0.9637399312
5049.73 0.9632005520
5050.28 0.9631099428
5050.84 0.9634539035
5051.39 0.9637973837
5051.95 0.9641401924
5052.50 0.9644826714
5053.05 0.9648254687
5053.61 0.9651691572
5054.16 0.9655131646
5054.71 0.9658550516
5055.27 0.9661986300
5055.82 0.9665406205
5056.38 0.9668848362
5056.93 0.9672303622
5057.48 0.9675725085
5058.04 0.9679151645
5058.59 0.9682598556
5059.15 0.9686048659
5059.70 0.9689506538
5060.26 0.9691059224
5060.81 0.9690390484
5061.37 0.9689717532
5061.92 0.9689048729
5062.48 0.9688391035
5063.03 0.9687735633
5063.59 0.9687064589
5064.14 0.9686398866
5064.69 0.9685726307
5065.25 0.9685050695
5065.81 0.9684369358
5066.36 0.9683702127
5066.91 0.9683033389
5067.47 0.9682352820
5068.02 0.9681667285
5068.58 0.9680983276
5069.14 0.9680296973
5069.69 0.9679622509
5070.25 0.9681528233
5070.80 0.9686619332
5071.36 0.9691735001
5071.92 0.9696846212
5072.47 0.9701931173
5073.02 0.9707019689
5073.58 0.9712143497
5074.14 0.9717268959
5074.69 0.9722362802
5075.25 0.9727484688
5075.81 0.9732584892
5076.36 0.9737711230
5076.92 0.9742843814
5077.47 0.9747960063
5078.03 0.9753132324
5078.59 0.9758212450
5079.14 0.9763339803
5079.70 0.9768473405
5080.26 0.9770492921
5080.82 0.9768926930
5081.38 0.9767363039
5081.93 0.9765795889
5082.49 0.9764227756
5083.04 0.9762661728
5083.60 0.9761092083
5084.16 0.9759522617
5084.71 0.9757970553
5085.27 0.9756399172
5085.83 0.9754819927
5086.39 0.9753233972
5086.94 0.9751666204
5087.50 0.9750081770
5088.06 0.9748496753
5088.62 0.9746919970
5089.18 0.9745344521
5089.73 0.9743770801
5090.29 0.9744301397
5090.85 0.9746777860
5091.40 0.9749276484
5091.96 0.9751778108
5092.52 0.9754277360
5093.08 0.9756767723
5093.64 0.9759259168
5094.19 0.9761753986
5094.76 0.9764245660
5095.31 0.9766734582
5095.87 0.9769221898
5096.43 0.9771733319
5096.99 0.9774245826
5097.54 0.9776735996
5098.10 0.9779242986
5098.67 0.9781766801
5099.22 0.9784244086
5099.78 0.9786736652
5100.34 0.9790686543
5100.90 0.9795578542
5101.46 0.9800471378
5102.02 0.9805339686
5102.58 0.9810234195
5103.14 0.9815129542
5103.70 0.9820000348
5104.26 0.9824894676
5104.81 0.9829764454
5105.38 0.9834673149
5105.93 0.9839561513
5106.49 0.9844469193
5107.05 0.9849355769
5107.61 0.9854257810
5108.17 0.9859140667
5108.73 0.9864051700
5109.29 0.9868968200
5109.85 0.9873850867
5110.41 0.9877354960
5110.98 0.9880358679
5111.54 0.9883332759
5112.09 0.9886276780
5112.65 0.9889253620
5113.21 0.9892231637
5113.77 0.9895189607
5114.33 0.9898170388
5114.89 0.9901157740
5115.45 0.9904144748
5116.01 0.9907101669
5116.57 0.9910082174
5117.13 0.9913065032
5117.70 0.9916048306
5118.26 0.9919015386
5118.82 0.9922016102
5119.38 0.9925003324
5119.94 0.9927971645
5120.50 0.9928514776
5121.06 0.9928775405
5121.62 0.9929033151
5122.19 0.9929289540
5122.75 0.9929546158
5123.31 0.9929797954
5123.87 0.9930048392
5124.43 0.9930294416
5124.99 0.9930541785
5125.56 0.9930794783
5126.11 0.9931047192
5126.68 0.9931299823
5127.24 0.9931549163
5127.80 0.9931793315
5128.36 0.9932037280
5128.92 0.9932275251
5129.49 0.9932524255
5130.05 0.9933089596
5130.61 0.9936889553
5131.18 0.9940724143
5131.74 0.9944539993
5132.30 0.9948347151
5132.86 0.9952154903
5133.43 0.9955975251
5133.99 0.9959800844
5134.55 0.9963624330
5135.11 0.9967406981
5135.68 0.9971237076
5136.24 0.9975065064
5136.80 0.9978893651
5137.36 0.9982689507
5137.93 0.9986527417
5138.49 0.9990368640
5139.05 0.9994209700
5139.61 0.9998024609
5140.18 1.0000000000
5140.74 0.9997973465
5141.31 0.9995954733
5141.87 0.9993924116
5142.44 0.9991906371
5143.00 0.9989896444
5143.56 0.9987861059
5144.12 0.9985835439
5144.69 0.9983795968
5145.25 0.9981771694
5145.81 0.9979744418
5146.38 0.9977716067
5146.94 0.9975662994
5147.50 0.9973622418
5148.07 0.9971567188
5148.64 0.9969520189
5149.20 0.9967459300
5149.76 0.9965428399
5150.33 0.9965283249
5150.89 0.9966516924
5151.46 0.9967748695
5152.02 0.9968979714
5152.59 0.9970210392
5153.15 0.9971441471
5153.72 0.9972666775
5154.28 0.9973897914
5154.85 0.9975128714
5155.41 0.9976354476
5155.98 0.9977569023
5156.54 0.9978805718
5157.11 0.9980037005
5157.67 0.9981251637
5158.23 0.9982473672
5158.80 0.9983707768
5159.37 0.9984935667
5159.93 0.9986149625
5160.50 0.9985179507
5161.06 0.9983903322
5161.63 0.9982619238
5162.19 0.9981338932
5162.76 0.9980050295
5163.33 0.9978761134
5163.90 0.9977468725
5164.46 0.9976190645
5165.02 0.9974897985
5165.59 0.9973603216
5166.16 0.9972308715
5166.72 0.9971016073
5167.29 0.9969730291
5167.85 0.9968436947
5168.42 0.9967140018
5168.99 0.9965839378
5169.56 0.9964522185
5170.12 0.9962868449
5170.69 0.9959938803
5171.25 0.9956991438
5171.82 0.9954043186
5172.39 0.9951085864
5172.95 0.9948140977
5173.52 0.9945173695
5174.09 0.9942208250
5174.66 0.9939255254
5175.22 0.9936297837
5175.79 0.9933326998
5176.36 0.9930357996
5176.92 0.9927398732
5177.49 0.9924410758
5178.06 0.9921435253
5178.63 0.9918438114
5179.19 0.9915455367
5179.76 0.9912466547
5180.33 0.9908903149
5180.90 0.9904921534
5181.46 0.9900962311
5182.03 0.9896985854
5182.60 0.9892986682
5183.17 0.9889037548
5183.74 0.9885046825
5184.31 0.9881048692
5184.88 0.9877042067
5185.44 0.9873077591
5186.01 0.9869076117
5186.58 0.9865071621
5187.15 0.9861056969
5187.71 0.9857087246
5188.28 0.9853073938
5188.85 0.9849055938
5189.42 0.9845036818
5189.99 0.9841011103
5190.56 0.9839198461
5191.13 0.9837408141
5191.69 0.9835623510
5192.27 0.9833825613
5192.84 0.9832018869
5193.40 0.9830219707
5193.97 0.9828432563
5194.54 0.9826634880
5195.11 0.9824844590
5195.68 0.9823063786
5196.25 0.9821260626
5196.82 0.9819454942
5197.39 0.9817647774
5197.95 0.9815861535
5198.52 0.9814059442
5199.10 0.9812258606
5199.67 0.9810451652
5200.23 0.9809033301
5200.81 0.9808149388
5201.38 0.9807259558
5201.95 0.9806358324
5202.52 0.9805461117
5203.09 0.9804561760
5203.66 0.9803664713
5204.23 0.9802771700
5204.80 0.9801862810
5205.37 0.9800955368
5205.94 0.9800059177
5206.51 0.9799153456
5207.08 0.9798239219
5207.65 0.9797330902
5208.22 0.9796426628
5208.79 0.9795518309
5209.36 0.9794611437
5209.93 0.9793706011
5210.51 0.9794495500
5211.07 0.9795503759
5211.65 0.9796502021
5212.22 0.9797505763
5212.79 0.9798513977
5213.36 0.9799520438
5213.93 0.9800524135
5214.51 0.9801543445
5215.08 0.9802557103
5215.65 0.9803563506
5216.22 0.9804568885
5216.79 0.9805574387
5217.36 0.9806571483
5217.93 0.9807579705
5218.50 0.9808577641
5219.08 0.9809593216
5219.65 0.9810601260
5220.22 0.9809990743
5220.79 0.9806775368
5221.36 0.9803561679
5221.94 0.9800321517
5222.51 0.9797092299
5223.08 0.9793862137
5223.65 0.9790649320
5224.23 0.9787419146
5224.80 0.9784191664
5225.37 0.9780973273
5225.95 0.9777740267
5226.52 0.9774511729
5227.09 0.9771268564
5227.66 0.9768035387
5228.24 0.9764793088
5228.81 0.9761566299
5229.38 0.9758319353
5229.95 0.9755081517
5230.53 0.9759001475
5231.10 0.9763570329
5231.68 0.9768147334
5232.25 0.9772692806
5232.82 0.9777263069
5233.40 0.9781829470
5233.97 0.9786379098
5234.54 0.9790958071
5235.12 0.9795544316
5235.69 0.9800124829
5236.26 0.9804683036
5236.84 0.9809247529
5237.41 0.9813828565
5237.99 0.9818398337
5238.56 0.9822969761
5239.13 0.9827537312
5239.71 0.9832135237
5240.28 0.9833628721
5240.85 0.9831905203
5241.43 0.9830180285
5242.01 0.9828455640
5242.58 0.9826732160
5243.15 0.9824997991
5243.73 0.9823259549
5244.31 0.9821523253
5244.88 0.9819797317
5245.45 0.9818057022
5246.03 0.9816310574
5246.60 0.9814574495
5247.18 0.9812835036
5247.75 0.9811095036
5248.33 0.9809350752
5248.90 0.9807598442
5249.48 0.9805859219
5250.05 0.9804796919
5250.63 0.9810790185
5251.20 0.9816753099
5251.78 0.9822748519
5252.35 0.9828752428
5252.93 0.9834760189
5253.51 0.9840744020
5254.08 0.9846756712
5254.66 0.9852776029
5255.23 0.9858752900
5255.81 0.9864762397
5256.39 0.9870773872
5256.97 0.9876794745
5257.54 0.9882761063
5258.11 0.9888794293
5258.69 0.9894832275
5259.27 0.9900862133
5259.84 0.9906816096
5260.42 0.9904510198
5260.99 0.9899012152
5261.57 0.9893512659
5262.15 0.9888055943
5262.73 0.9882514799
5263.30 0.9876989663
5263.88 0.9871459402
5264.46 0.9865971136
5265.03 0.9860455540
5265.61 0.9854929262
5266.19 0.9849417233
5266.77 0.9843857507
5267.34 0.9838335163
5267.92 0.9832779953
5268.49 0.9827265833
5269.07 0.9821713273
5269.65 0.9816151835
5270.23 0.9812639066
5270.80 0.9812202235
5271.38 0.9811753980
5271.96 0.9811297968
5272.54 0.9810850881
5273.12 0.9810396979
5273.69 0.9809930697
5274.27 0.9809469639
5274.85 0.9809012869
5275.43 0.9808551137
5276.01 0.9808086284
5276.59 0.9807623877
5277.16 0.9807165763
5277.74 0.9806713814
5278.32 0.9806255031
5278.90 0.9805788492
5279.48 0.9805317901
5280.06 0.9804604732
5280.64 0.9801791492
5281.21 0.9799002471
5281.79 0.9796193102
5282.37 0.9793371737
5282.95 0.9790541158
5283.53 0.9787737599
5284.11 0.9784916458
5284.69 0.9782094460
5285.27 0.9779262310
5285.85 0.9776449777
5286.43 0.9773611277
5287.01 0.9770773768
5287.58 0.9767961470
5288.16 0.9765141806
5288.74 0.9762298940
5289.32 0.9759458947
5289.90 0.9756633934
5290.48 0.9753414646
5291.06 0.9750127502
5291.64 0.9746803075
5292.22 0.9743497278
5292.80 0.9740184881
5293.38 0.9736874379
5293.96 0.9733523702
5294.54 0.9730207532
5295.12 0.9726879162
5295.70 0.9723550780
5296.28 0.9720241146
5296.86 0.9716879076
5297.44 0.9713536628
5298.03 0.9710186663
5298.61 0.9706855381
5299.19 0.9703514755
5299.77 0.9700156299
5300.35 0.9694770416
5300.93 0.9688060992
5301.51 0.9681313413
5302.09 0.9674597790
5302.67 0.9667818827
5303.25 0.9661083016
5303.83 0.9654316426
5304.41 0.9647560281
5304.99 0.9640835156
5305.58 0.9634056003
5306.16 0.9627313475
5306.74 0.9620528093
5307.32 0.9613728808
5307.90 0.9606927797
5308.49 0.9600130660
5309.06 0.9593399347
5309.65 0.9586601577
5310.23 0.9579244819
5310.81 0.9571048826
5311.39 0.9562935232
5311.97 0.9554735199
5312.56 0.9546515322
5313.14 0.9538286008
5313.72 0.9530108123
5314.30 0.9521921610
5314.89 0.9513649538
5315.47 0.9505388651
5316.05 0.9497176429
5316.64 0.9488923698
5317.22 0.9480662300
5317.80 0.9472443992
5318.39 0.9464172908
5318.97 0.9455882949
5319.55 0.9447647329
5320.13 0.9438778437
5320.72 0.9427673631
5321.30 0.9416565122
5321.88 0.9405519843
5322.47 0.9394412666
5323.05 0.9383358249
5323.63 0.9372228911
5324.22 0.9361098664
5324.80 0.9350017689
5325.38 0.9338873688
5325.97 0.9327738248
5326.55 0.9316648258
5327.13 0.9305552813
5327.72 0.9294395336
5328.30 0.9283170164
5328.89 0.9272049875
5329.47 0.9260881560
5330.06 0.9250264293
5330.64 0.9244988765
5331.22 0.9239713598
5331.81 0.9234412403
5332.39 0.9229105929
5332.98 0.9223787898
5333.56 0.9218521715
5334.14 0.9213197021
5334.73 0.9207877649
5335.31 0.9202541732
5335.90 0.9197221760
5336.48 0.9191891503
5337.07 0.9186565482
5337.65 0.9181258243
5338.24 0.9175918185
5338.82 0.9170571103
5339.41 0.9165248450
5339.99 0.9159883404
5340.58 0.9154076387
5341.16 0.9148232486
5341.75 0.9142430937
5342.33 0.9136590776
5342.92 0.9130768237
5343.50 0.9124904243
5344.09 0.9119068552
5344.67 0.9113204369
5345.26 0.9107338677
5345.85 0.9101503018
5346.43 0.9095628679
5347.02 0.9089741552
5347.61 0.9083844453
5348.19 0.9077951482
5348.77 0.9072124674
5349.36 0.9066194283
5349.95 0.9060281546
5350.54 0.9060607494
5351.12 0.9061487517
5351.71 0.9062365821
5352.30 0.9063235068
5352.88 0.9064099772
5353.47 0.9064968399
5354.06 0.9065842645
5354.64 0.9066706137
5355.23 0.9067572426
5355.81 0.9068452240
5356.40 0.9069323554
5356.99 0.9070192017
5357.58 0.9071057065
5358.16 0.9071928297
5358.75 0.9072791597
5359.34 0.9073654295
5359.93 0.9074518658
5360.52 0.9072573112
5361.10 0.9070226600
5361.69 0.9067899173
5362.28 0.9065552892
5362.86 0.9063209842
5363.45 0.9060853608
5364.04 0.9058511964
5364.62 0.9056151435
5365.21 0.9053790170
5365.80 0.9051425936
5366.39 0.9049076807
5366.98 0.9046718997
5367.56 0.9044349129
5368.15 0.9041983039
5368.74 0.9039611695
5369.33 0.9037228287
5369.92 0.9034831662
5370.51 0.9043369688
5371.10 0.9053613874
5371.69 0.9063823869
5372.28 0.9074078921
5372.87 0.9084332028
5373.45 0.9094536751
5374.04 0.9104793913
5374.63 0.9115011175
5375.22 0.9125275228
5375.81 0.9135498228
5376.40 0.9145780517
5376.98 0.9156005859
5377.58 0.9166285407
5378.17 0.9176568124
5378.76 0.9186868766
5379.34 0.9197107876
5379.93 0.9207362061
5380.52 0.9217878773
5381.11 0.9228424235
5381.70 0.9239003601
5382.30 0.9249567443
5382.89 0.9260132260
5383.47 0.9270595157
5384.06 0.9281180067
5384.65 0.9291771034
5385.24 0.9302364103
5385.83 0.9312851220
5386.42 0.9323445631
5387.01 0.9334044983
5387.60 0.9344660642
5388.19 0.9355178798
5388.78 0.9365783334
5389.38 0.9376455979
5389.97 0.9387031086
5390.56 0.9405627030
5391.15 0.9424721513
5391.74 0.9443817119
5392.33 0.9462817588
5392.92 0.9481853265
5393.51 0.9500957888
5394.10 0.9520088153
5394.69 0.9539132821
5395.28 0.9558277780
5395.88 0.9577349179
5396.47 0.9596493530
5397.06 0.9615552904
5397.65 0.9634736489
5398.24 0.9653832225
5398.83 0.9673022691
5399.43 0.9692217140
5400.02 0.9711113719
5400.61 0.9719847960
5401.20 0.9728511167
5401.79 0.9737253410
5402.39 0.9746045483
5402.98 0.9754751497
5403.57 0.9763504494
5404.16 0.9772258136
5404.76 0.9781008807
5405.34 0.9789687584
5405.94 0.9798466228
5406.53 0.9807243713
5407.12 0.9816009670
5407.71 0.9824691232
5408.31 0.9833473773
5408.90 0.9842267595
5409.49 0.9851061047
5410.08 0.9859640875
5410.68 0.9867608173
5411.27 0.9875500405
5411.86 0.9883448122
5412.46 0.9891394491
5413.05 0.9899339511
5413.65 0.9907277473
5414.24 0.9915156388
5414.83 0.9923119165
5415.43 0.9931075908
5416.02 0.9939035992
5416.61 0.9946910464
5417.20 0.9954873550
5417.80 0.9962852430
5418.39 0.9970812821
5418.98 0.9978720616
5419.58 0.9986669912
5420.17 0.9990055817
5420.77 0.9982153563
5421.36 0.9974260769
5421.96 0.9966370700
5422.55 0.9958468240
5423.14 0.9950640427
5423.74 0.9942719735
5424.34 0.9934751071
5424.93 0.9926848501
5425.52 0.9918906534
5426.12 0.9910965444
5426.71 0.9903083753
5427.31 0.9895184756
5427.90 0.9887223428
5428.50 0.9879268700
5429.09 0.9871303398
5429.69 0.9863418653
5430.28 0.9854561670
5430.88 0.9844697261
5431.47 0.9834827585
5432.07 0.9825001642
5432.66 0.9815157937
5433.26 0.9805272476
5433.85 0.9795377816
5434.45 0.9785472147
5435.05 0.9775556535
5435.64 0.9765640309
5436.23 0.9755814106
5436.83 0.9745901677
5437.43 0.9735963896
5438.02 0.9726017963
5438.62 0.9716165009
5439.21 0.9706214263
5439.81 0.9696254275
5440.41 0.9670315653
5441.00 0.9637240683
5441.60 0.9603837108
5442.19 0.9570403012
5442.79 0.9536971713
5443.39 0.9503504131
5443.99 0.9470021484
5444.59 0.9436538740
5445.18 0.9403371144
5445.78 0.9369674571
5446.37 0.9336321934
5446.97 0.9302768711
5447.57 0.9269184914
5448.16 0.9235752199
5448.76 0.9202314833
5449.36 0.9168702571
5449.96 0.9135084386
5450.55 0.9088441995
5451.15 0.9041008021
5451.74 0.8993504752
5452.34 0.8945757155
5452.94 0.8897997219
5453.54 0.8850208083
5454.13 0.8802824230
5454.73 0.8754993634
5455.33 0.8707106291
5455.93 0.8659236992
5456.53 0.8611316688
5457.13 0.8563371265
5457.73 0.8515367742
5458.32 0.8467852078
5458.92 0.8419842880
5459.52 0.8371781290
5460.12 0.8317361287
5460.71 0.8238079957
5461.31 0.8157993912
5461.91 0.8077878550
5462.51 0.7997743924
5463.11 0.7918367900
5463.71 0.7838110013
5464.31 0.7757429383
5464.91 0.7677569603
5465.51 0.7597232325
5466.11 0.7516868575
5466.71 0.7436475468
5467.30 0.7356840678
5467.90 0.7276329800
5468.50 0.7195854522
5469.10 0.7115287723
5469.70 0.7035087296
5470.30 0.6948299043
5470.90 0.6854359429
5471.50 0.6760377196
5472.10 0.6666351066
5472.69 0.6573136739
5473.29 0.6479036238
5473.90 0.6384813362
5474.50 0.6290556907
5475.10 0.6196256506
5475.70 0.6101909262
5476.29 0.6008444263
5476.90 0.5913946830
5477.50 0.5819482299
5478.10 0.5724898675
5478.70 0.5630280739
5479.30 0.5535623524
5479.90 0.5440929063
5480.51 0.5339430562
5481.10 0.5237701567
5481.70 0.5134946137
5482.30 0.5032079344
5482.90 0.4930274492
5483.50 0.4827342260
5484.10 0.4724381525
5484.71 0.4621303465
5485.30 0.4519287386
5485.90 0.4416238431
5486.51 0.4313074166
5487.11 0.4209885029
5487.71 0.4106663678
5488.31 0.4003408731
5488.92 0.3900118707
5489.51 0.3797809886
5490.12 0.3698314248
5490.72 0.3614733507
5491.32 0.3531125632
5491.92 0.3448378235
5492.52 0.3364724976
5493.12 0.3281047473
5493.73 0.3197346306
5494.33 0.3114433960
5494.93 0.3030614333
5495.53 0.2946773873
5496.14 0.2862974964
5496.74 0.2779084551
5497.34 0.2695172094
5497.95 0.2611166619
5498.54 0.2528020891
5499.15 0.2444035704
5499.75 0.2359959209
5500.36 0.2291353307
5500.96 0.2233565294
5501.56 0.2175699965
5502.17 0.2117763069
5502.77 0.2060412315
5503.37 0.2002470504
5503.98 0.1944455036
5504.58 0.1886462708
5505.18 0.1828959306
5505.78 0.1770865510
5506.39 0.1712744945
5506.99 0.1654599690
5507.60 0.1596427096
5508.19 0.1538744565
5508.80 0.1480519443
5509.40 0.1422221645
5510.01 0.1364233246
5510.61 0.1328975545
5511.22 0.1293708616
5511.82 0.1258431296
5512.42 0.1223459110
5513.03 0.1188166021
5513.63 0.1152835999
5514.23 0.1117868103
5514.84 0.1082521799
5515.44 0.1047166158
5516.05 0.1011772760
5516.65 0.0976742987
5517.26 0.0941362584
5517.86 0.0905946160
5518.47 0.0870519024
5519.07 0.0835083213
5519.68 0.0799639889
5520.28 0.0771590218
5520.89 0.0751871199
5521.49 0.0732351441
5522.10 0.0712634546
5522.70 0.0692895958
5523.31 0.0673150561
5523.91 0.0653494085
5524.52 0.0633831432
5525.12 0.0614066726
5525.73 0.0594279197
5526.34 0.0574501696
5526.94 0.0554908683
5527.54 0.0535102006
5528.15 0.0515288733
5528.76 0.0495469056
5529.36 0.0475738647
5529.97 0.0455985918
5530.57 0.0444454180
5531.18 0.0433390387
5531.79 0.0422323064
5532.40 0.0411252639
5533.00 0.0400178900
5533.61 0.0389100749
5534.22 0.0378019211
5534.82 0.0367040851
5535.43 0.0355943717
5536.04 0.0344843260
5536.64 0.0333738897
5537.24 0.0322747021
5537.85 0.0311626749
5538.46 0.0300511509
5539.07 0.0289392884
5539.67 0.0278378255
5540.28 0.0269432010
5540.89 0.0263053548
5541.50 0.0256673756
5542.10 0.0250292451
5542.71 0.0243909390
5543.32 0.0237550473
5543.93 0.0231195188
5544.53 0.0224802462
5545.14 0.0218413287
5545.75 0.0212047955
5546.35 0.0205681343
5546.96 0.0199282525
5547.57 0.0192877089
5548.18 0.0186475128
5548.79 0.0180097149
5549.39 0.0173723094
5550.00 0.0167325666
5550.61 0.0163837436
5551.22 0.0160364538
5551.83 0.0156853806
5552.44 0.0153361187
5553.04 0.0149900726
5553.65 0.0146402325
5554.26 0.0142902566
5554.87 0.0139401361
5555.48 0.0135898915
5556.09 0.0132394964
5556.70 0.0128906258
5557.31 0.0125413182
5557.92 0.0121904692
5558.53 0.0118391941
5559.14 0.0114877704
5559.74 0.0111395682
5560.35 0.0108664359
5560.96 0.0106503235
5561.57 0.0104339717
5562.18 0.0102198061
5562.79 0.0100033329
5563.40 0.0097867971
5564.01 0.0095702019
5564.62 0.0093535471
5565.23 0.0091378592
5565.85 0.0089198592
5566.45 0.0087051064
5567.06 0.0084880406
5567.67 0.0082708976
5568.28 0.0080536964
5568.89 0.0078386987
5569.50 0.0076212099
5570.11 0.0074354010
5570.72 0.0073907783
5571.33 0.0073461117
5571.94 0.0073012276
5572.55 0.0072563276
5573.16 0.0072116709
5573.78 0.0071665019
5574.39 0.0071215747
5575.00 0.0070766022
5575.61 0.0070321001
5576.22 0.0069871206
5576.83 0.0069421210
5577.44 0.0068971172
5578.06 0.0068521075
5578.66 0.0068072947
5579.27 0.0067624750
5579.89 0.0067173999
5580.50 0.0066726120
5581.11 0.0066281302
5581.72 0.0065833383
5582.33 0.0065388249
5582.94 0.0064940177
5583.56 0.0064492359
5584.17 0.0064046114
5584.78 0.0063600007
5585.39 0.0063151341
5586.01 0.0062702594
5586.61 0.0062255805
5587.23 0.0061806722
5587.85 0.0061354997
5588.46 0.0060905673
5589.07 0.0060460498
5589.68 0.0060010602
5590.29 0.0059483681
5590.91 0.0058872597
5591.52 0.0058267183
5592.13 0.0057655711
5592.74 0.0057043543
5593.36 0.0056431121
5593.97 0.0055824846
5594.58 0.0055211928
5595.19 0.0054598775
5595.81 0.0053985339
5596.42 0.0053371737
5597.04 0.0052757419
5597.65 0.0052146263
5598.26 0.0051534361
5598.88 0.0050919222
5599.49 0.0050303917
5600.10 0.0049688289
5600.72 0.0049074959
5601.33 0.0048461376
5601.94 0.0047844138
5602.56 0.0047227148
5603.17 0.0046612360
5603.79 0.0045994484
5604.40 0.0045379306
5605.01 0.0044760943
5605.63 0.0044142295
5606.24 0.0043525919
5606.86 0.0042903480
5607.47 0.0042290083
5608.09 0.0041670097
5608.70 0.0041049915
5609.32 0.0040429471
5609.93 0.0039808282
5610.55 0.0039188273
5611.16 0.0038567638
5611.77 0.0037953115
5612.39 0.0037331970
5613.01 0.0036710533
5613.62 0.0036088810
5614.23 0.0035472774
5614.85 0.0034850133
5615.47 0.0034227704
5616.08 0.0033604521
5616.69 0.0032987439
5617.31 0.0032363774
5617.93 0.0031739883
5618.54 0.0031115144
5619.16 0.0030490681
5619.77 0.0029868464
5620.39 0.0029242218
