6783.45 0.0019877302
6784.12 0.0020273149
6784.78 0.0020669398
6785.44 0.0021061304
6786.10 0.0021457686
6786.76 0.0021854205
6787.42 0.0022248427
6788.09 0.0022645363
6788.75 0.0023042116
6789.41 0.0023436911
6790.07 0.0023834020
6790.73 0.0024226111
6791.39 0.0024622627
6792.06 0.0025019175
6792.72 0.0025415805
6793.38 0.0025812774
6794.05 0.0026209800
6794.70 0.0026602225
6795.37 0.0026999384
6796.03 0.0027394261
6796.69 0.0027791513
6797.36 0.0028189129
6798.02 0.0028584194
6798.68 0.0028981965
6799.35 0.0029379767
6800.00 0.0029772947
6800.67 0.0030170726
6801.33 0.0030568557
6802.00 0.0030966449
6802.66 0.0031362338
6803.32 0.0031758303
6803.98 0.0032156422
6804.65 0.0032554804
6805.31 0.0032950903
6805.97 0.0033349399
6806.64 0.0033745949
6807.30 0.0034144600
6807.97 0.0034543287
6808.62 0.0034937952
6809.29 0.0035336752
6809.95 0.0035735893
6810.62 0.0036134428
6811.28 0.0036532913
6811.94 0.0036927003
6812.61 0.0037325566
6813.27 0.0037724469
6813.94 0.0038121098
6814.60 0.0038519792
6815.27 0.0038918805
6815.93 0.0039315786
6816.60 0.0039714913
6817.26 0.0040109637
6817.92 0.0040508756
6818.59 0.0040907972
6819.25 0.0041307569
6819.92 0.0041707209
6820.58 0.0042106551
6821.25 0.0042506530
6821.91 0.0042908728
6822.58 0.0043308611
6823.24 0.0043711254
6823.91 0.0044113685
6824.57 0.0044514124
6825.24 0.0044917001
6825.91 0.0045319995
6826.57 0.0045718597
6827.23 0.0046121727
6827.90 0.0046525259
6828.57 0.0046928585
6829.23 0.0047332300
6829.90 0.0047731347
6830.56 0.0048134540
6831.23 0.0048537690
6831.89 0.0048938953
6832.56 0.0049342318
6833.23 0.0049743688
6833.89 0.0050147216
6834.56 0.0050551066
6835.22 0.0050950566
6835.89 0.0051354591
6836.56 0.0051758694
6837.23 0.0052162855
6837.89 0.0052567114
6838.55 0.0052966925
6839.22 0.0053371583
6839.89 0.0053776429
6840.56 0.0054176169
6841.22 0.0054577713
6841.89 0.0054979286
6842.56 0.0055378816
6843.23 0.0055780470
6843.89 0.0056178026
6844.56 0.0056579712
6845.23 0.0056981720
6845.89 0.0057383825
6846.56 0.0057785817
6847.22 0.0058183478
6847.89 0.0058585653
6848.56 0.0058988128
6849.23 0.0059388253
6849.90 0.0059790638
6850.57 0.0060195778
6851.23 0.0060599099
6851.90 0.0061004863
6852.56 0.0061406234
6853.23 0.0061812439
6853.90 0.0062218448
6854.57 0.0062624728
6855.24 0.0063031066
6855.91 0.0063437482
6856.57 0.0063839274
6857.25 0.0064246181
6857.91 0.0064650469
6858.58 0.0065057462
6859.25 0.0065464288
6859.92 0.0065869390
6860.59 0.0066278779
6861.26 0.0066689215
6861.92 0.0067094624
6862.59 0.0067505238
6863.26 0.0067915685
6863.94 0.0068326559
6864.60 0.0068737175
6865.27 0.0069143707
6865.94 0.0069554746
6866.61 0.0069966016
6867.28 0.0070374977
6867.95 0.0070786701
6868.62 0.0071196125
6869.29 0.0071607752
6869.96 0.0072019764
6870.62 0.0072424050
6871.29 0.0072832522
6871.97 0.0073240970
6872.64 0.0073649630
6873.31 0.0074058716
6873.97 0.0074463113
6874.65 0.0074872151
6875.32 0.0075281011
6875.98 0.0075688281
6876.66 0.0076097553
6877.33 0.0076506925
6878.00 0.0076914297
6878.67 0.0077323630
6879.33 0.0077728945
6880.01 0.0078138588
6880.68 0.0079214756
6881.35 0.0082141157
6882.02 0.0085070146
6882.69 0.0087980593
6883.36 0.0090893704
6884.03 0.0093824297
6884.70 0.0096738499
6885.38 0.0099668123
6886.05 0.0102600432
6886.72 0.0105518274
6887.39 0.0108451533
6888.06 0.0111387410
6888.73 0.0114289809
6889.40 0.0117224799
6890.07 0.0120231840
6890.75 0.0123794436
6891.42 0.0127357336
6892.09 0.0130881867
6892.76 0.0134445674
6893.44 0.0138012369
6894.10 0.0141558648
6894.78 0.0145123407
6895.45 0.0148673134
6896.12 0.0152241369
6896.80 0.0155810135
6897.46 0.0159340163
6898.14 0.0162909326
6898.81 0.0166481689
6899.48 0.0170051786
6900.16 0.0174109467
6900.83 0.0179681098
6901.50 0.0185314456
6902.17 0.0190948540
6902.85 0.0196554989
6903.52 0.0202190655
6904.19 0.0207831227
6904.86 0.0213440166
6905.54 0.0219082139
6906.21 0.0224659660
6906.88 0.0230303818
6907.56 0.0235952359
6908.23 0.0241597893
6908.91 0.0247248017
6909.58 0.0252895133
6910.25 0.0259003870
6910.93 0.0266057899
6911.60 0.0273072911
6912.27 0.0280130912
6912.95 0.0287196905
6913.62 0.0294224437
6914.30 0.0301289842
6914.96 0.0308280453
6915.64 0.0315356039
6916.31 0.0322433573
6916.99 0.0329518746
6917.67 0.0336601138
6918.34 0.0343649745
6919.01 0.0350700538
6919.69 0.0357789723
6920.36 0.0365960378
6921.04 0.0375157122
6921.71 0.0384361365
6922.39 0.0393506930
6923.06 0.0402713155
6923.74 0.0411913704
6924.41 0.0421015572
6925.08 0.0430224621
6925.76 0.0439435523
6926.44 0.0448646982
6927.11 0.0457858998
6927.78 0.0466972379
6928.46 0.0476193520
6929.14 0.0485409450
6929.81 0.0494578545
6930.49 0.0505585806
6931.16 0.0517219254
6931.84 0.0528929725
6932.52 0.0540631889
6933.19 0.0552207980
6933.86 0.0563911166
6934.54 0.0575623719
6935.22 0.0587336902
6935.90 0.0599050835
6936.57 0.0610629913
6937.24 0.0622353088
6937.92 0.0634068257
6938.60 0.0645725695
6939.27 0.0657451275
6939.95 0.0669169024
6940.63 0.0682736598
6941.31 0.0696540270
6941.98 0.0710177926
6942.65 0.0723978167
6943.33 0.0737791104
6944.01 0.0751606728
6944.69 0.0765415433
6945.37 0.0779237049
6946.04 0.0792911969
6946.72 0.0806740376
6947.39 0.0820490657
6948.07 0.0834332687
6948.75 0.0848170261
6949.43 0.0861939409
6950.11 0.0876295084
6950.78 0.0893385086
6951.46 0.0910276830
6952.14 0.0927376747
6952.81 0.0944465518
6953.49 0.0961565396
6954.17 0.0978554398
6954.85 0.0995556747
6955.53 0.1012655395
6956.21 0.1029753851
6956.88 0.1046766925
6957.56 0.1063867046
6958.24 0.1080880091
6958.92 0.1097978199
6959.60 0.1115087392
6960.27 0.1132393987
6960.95 0.1150496561
6961.63 0.1168598717
6962.31 0.1186714908
6962.99 0.1204819543
6963.66 0.1222728137
6964.35 0.1240844909
6965.02 0.1258948248
6965.70 0.1276974822
6966.38 0.1295092810
6967.06 0.1313211020
6967.74 0.1331223626
6968.42 0.1349355043
6969.10 0.1367279352
6969.78 0.1385411137
6970.46 0.1405465523
6971.14 0.1426464682
6971.82 0.1447466880
6972.49 0.1468231232
6973.17 0.1489254391
6973.85 0.1510264212
6974.53 0.1531170668
6975.22 0.1552200869
6975.90 0.1573236587
6976.57 0.1594163097
6977.26 0.1615199486
6977.93 0.1636016993
6978.61 0.1657057345
6979.29 0.1678115292
6979.98 0.1699177150
6980.66 0.1723043369
6981.34 0.1747049617
6982.02 0.1770768899
6982.70 0.1794769006
6983.38 0.1818656518
6984.06 0.1842687976
6984.74 0.1866723210
6985.42 0.1890627099
6986.10 0.1914674807
6986.78 0.1938728982
6987.46 0.1962515595
6988.14 0.1986600098
6988.83 0.2010672025
6989.51 0.2034768568
6990.19 0.2053326896
6990.87 0.2057645797
6991.55 0.2062012333
6992.23 0.2066381848
6992.91 0.2070722634
6993.60 0.2075095022
6994.28 0.2079441788
6994.96 0.2083810098
6995.64 0.2088181599
6996.32 0.2092507845
6997.00 0.2096878887
6997.69 0.2101252824
6998.37 0.2105631737
6999.05 0.2110004923
6999.73 0.2114333107
7000.41 0.2134369001
7001.10 0.2164582013
7001.78 0.2194643518
7002.46 0.2224855733
7003.15 0.2255069644
7003.83 0.2285134357
7004.51 0.2315366537
7005.19 0.2345253787
7005.87 0.2375485136
7006.56 0.2405716104
7007.24 0.2435948423
7007.93 0.2466201534
7008.61 0.2496433426
7009.29 0.2526339062
7009.98 0.2556588864
7010.66 0.2580680158
7011.34 0.2604687942
7012.03 0.2628702452
7012.71 0.2652584958
7013.39 0.2676592049
7014.08 0.2700614590
7014.76 0.2724367182
7015.44 0.2748394791
7016.13 0.2772422479
7016.81 0.2796451034
7017.50 0.2820496751
7018.18 0.2844255949
7018.86 0.2868304646
7019.55 0.2892355903
7020.23 0.2919150400
7020.92 0.2951760467
7021.60 0.2984187282
7022.28 0.3016801595
7022.97 0.3049415960
7023.65 0.3081693217
7024.34 0.3114343115
7025.02 0.3146995603
7025.71 0.3179651876
7026.40 0.3212308656
7027.07 0.3244596217
7027.76 0.3277290646
7028.45 0.3309959592
7029.13 0.3342468343
7029.82 0.3375169177
7030.51 0.3404749591
7031.19 0.3433048247
7031.88 0.3461511092
7032.56 0.3489656085
7033.24 0.3518146590
7033.93 0.3546638916
7034.62 0.3575113236
7035.30 0.3603613965
7035.98 0.3631794456
7036.67 0.3660310826
7037.36 0.3688813349
7038.04 0.3717162859
7038.73 0.3745695711
7039.42 0.3774229883
7040.10 0.3802579038
7040.79 0.3830944178
7041.47 0.3858988032
7042.16 0.3887357771
7042.85 0.3915746097
7043.54 0.3944110029
7044.22 0.3972494086
7044.91 0.4000882086
7045.59 0.4028943664
7046.28 0.4057332076
7046.97 0.4085557561
7047.65 0.4113940124
7048.34 0.4142347018
7049.03 0.4170595660
7049.72 0.4198979344
7050.41 0.4226180662
7051.09 0.4252248351
7051.78 0.4278638820
7052.47 0.4305008602
7053.15 0.4331375068
7053.84 0.4357761282
7054.53 0.4383856705
7055.22 0.4410253009
7055.90 0.4436644526
7056.59 0.4462889011
7057.28 0.4489286453
7057.97 0.4515547929
7058.65 0.4541944360
7059.35 0.4568361196
7060.03 0.4594609995
7060.72 0.4624326158
7061.41 0.4654033347
7062.10 0.4683735755
7062.79 0.4713465543
7063.47 0.4742831737
7064.16 0.4772553331
7064.85 0.4802281320
7065.54 0.4831828872
7066.23 0.4861545163
7066.92 0.4891260179
7067.60 0.4920803728
7068.30 0.4950532931
7068.98 0.4979920376
7069.67 0.5009624516
7070.36 0.5038452266
7071.05 0.5066453113
7071.74 0.5094484564
7072.43 0.5122335579
7073.12 0.5150187703
7073.81 0.5178217036
7074.49 0.5206094545
7075.19 0.5234134615
7075.88 0.5262175119
7076.56 0.5290058124
7077.26 0.5318103790
7077.95 0.5346173777
7078.63 0.5373899304
7079.32 0.5401971578
7080.02 0.5429983989
7080.71 0.5455200021
7081.40 0.5480418773
7082.08 0.5505358217
7082.78 0.5530586563
7083.47 0.5555826051
7084.16 0.5580924791
7084.85 0.5606171800
7085.54 0.5631260367
7086.23 0.5656532542
7086.92 0.5681789789
7087.61 0.5706753344
7088.30 0.5732029425
7088.99 0.5757292667
7089.69 0.5782565763
7090.38 0.5803680642
7091.06 0.5821133347
7091.76 0.5838781430
7092.45 0.5856441286
7093.14 0.5873987299
7093.83 0.5891641990
7094.52 0.5909281484
7095.21 0.5926840373
7095.91 0.5944493679
7096.59 0.5961954564
7097.29 0.5979598467
7097.98 0.5997238532
7098.67 0.6014891215
7099.37 0.6032545126
7100.06 0.6050824192
7100.75 0.6075520142
7101.44 0.6100491518
7102.13 0.6125339638
7102.82 0.6150320518
7103.52 0.6175311255
7104.21 0.6200136793
7104.90 0.6225115917
7105.59 0.6249823618
7106.28 0.6274807995
7106.98 0.6299781464
7107.67 0.6324781710
7108.37 0.6349766813
7109.06 0.6374622952
7109.75 0.6399471120
7110.44 0.6416880562
7111.14 0.6429957990
7111.83 0.6443111232
7112.52 0.6456259672
7113.22 0.6469345295
7113.91 0.6482495293
7114.61 0.6495660427
7115.29 0.6508676852
7115.99 0.6521837194
7116.69 0.6535007530
7117.38 0.6548179118
7118.08 0.6561339538
7118.76 0.6574368961
7119.46 0.6587530014
7120.15 0.6602506354
7120.85 0.6623650515
7121.54 0.6644908249
7122.23 0.6666062518
7122.93 0.6687330405
7123.63 0.6708617145
7124.31 0.6729650441
7125.01 0.6750933436
7125.71 0.6772225871
7126.40 0.6793515981
7127.10 0.6814808958
7127.79 0.6835886397
7128.49 0.6857180080
7129.18 0.6878489352
7129.88 0.6899687602
7130.57 0.6913025912
7131.27 0.6924630395
7131.96 0.6936173757
7132.66 0.6947771898
7133.35 0.6959245613
7134.05 0.6970850120
7134.74 0.6982454640
7135.44 0.6994052810
7136.14 0.7005651972
7136.83 0.7017262895
7137.52 0.7028745989
7138.22 0.7040352669
7138.91 0.7051896972
7139.61 0.7063498283
7140.31 0.7080215353
7141.00 0.7103171980
7141.70 0.7126261059
7142.40 0.7149346023
7143.09 0.7172191616
7143.79 0.7195298026
7144.49 0.7218396071
7145.19 0.7241488884
7145.88 0.7264595682
7146.57 0.7287431001
7147.27 0.7310529502
7147.97 0.7333654651
7148.66 0.7356631303
7149.36 0.7379745030
7150.06 0.7401148904
7150.76 0.7405267389
7151.46 0.7409384412
7152.15 0.7413452370
7152.85 0.7417566459
7153.54 0.7421683336
7154.24 0.7425799787
7154.94 0.7429910571
7155.63 0.7433975364
7156.33 0.7438092756
7157.03 0.7442218234
7157.73 0.7446296618
7158.43 0.7450398969
7159.13 0.7454505148
7159.82 0.7458603564
7160.52 0.7469217533
7161.21 0.7481895442
7161.91 0.7494722426
7162.61 0.7507543258
7163.31 0.7520379230
7164.01 0.7533217567
7164.71 0.7546054009
7165.41 0.7558750176
7166.11 0.7571595581
7166.80 0.7584357084
7167.50 0.7597200814
7168.20 0.7610043708
7168.90 0.7622834634
7169.60 0.7635680116
7170.29 0.7650948423
7170.99 0.7669904445
7171.69 0.7688825650
7172.40 0.7707780259
7173.10 0.7726729897
7173.80 0.7745693754
7174.49 0.7764424294
7175.19 0.7783376028
7175.89 0.7802220303
7176.59 0.7821183393
7177.29 0.7840157532
7177.99 0.7859003858
7178.69 0.7877972291
7179.39 0.7896926110
7180.09 0.7914804222
7180.79 0.7926610444
7181.49 0.7938417717
7182.19 0.7950232521
7182.89 0.7962040942
7183.59 0.7973705962
7184.29 0.7985516533
7184.99 0.7997339941
7185.69 0.8009096962
7186.39 0.8020919380
7187.09 0.8032669997
7187.79 0.8044491327
7188.49 0.8056307386
7189.19 0.8068006501
7189.89 0.8079841812
7190.59 0.8099546903
7191.30 0.8120689192
7192.00 0.8141852564
7192.69 0.8162752107
7193.40 0.8183896596
7194.10 0.8205066586
7194.80 0.8226102233
7195.50 0.8247270466
7196.21 0.8268436261
7196.90 0.8289477332
7197.61 0.8310644640
7198.30 0.8331591687
7199.01 0.8352758346
7199.71 0.8373940846
7200.41 0.8387322756
7201.12 0.8395266199
7201.82 0.8403207918
7202.52 0.8411058180
7203.22 0.8418998385
7203.92 0.8426884875
7204.62 0.8434834278
7205.33 0.8442781961
7206.03 0.8450680187
7206.73 0.8458629475
7207.44 0.8466582298
7208.14 0.8474442567
7208.84 0.8482389586
7209.54 0.8490329422
7210.25 0.8498902018
7210.95 0.8508627303
7211.65 0.8518232213
7212.35 0.8527950234
7213.06 0.8537676426
7213.76 0.8547324557
7214.47 0.8557039199
7215.17 0.8566701493
7215.87 0.8576415306
7216.58 0.8586120127
7217.27 0.8595718454
7217.98 0.8605436496
7218.68 0.8615144350
7219.39 0.8624852985
7220.10 0.8634263804
7220.79 0.8641710178
7221.50 0.8649229671
7222.20 0.8656740682
7222.91 0.8664210745
7223.61 0.8671734143
7224.32 0.8679248108
7225.02 0.8686709164
7225.73 0.8694225726
7226.42 0.8701663063
7227.13 0.8709175771
7227.84 0.8716683335
7228.54 0.8724196497
7229.25 0.8731714317
7229.95 0.8739148543
7230.65 0.8753853773
7231.36 0.8769145512
7232.06 0.8784358751
7232.77 0.8799651818
7233.48 0.8814952007
7234.18 0.8830153359
7234.89 0.8845450574
7235.59 0.8860594542
7236.29 0.8875901670
7237.00 0.8891196561
7237.71 0.8906501956
7238.41 0.8921804639
7239.12 0.8937120901
7239.82 0.8952253604
7240.53 0.8957707456
7241.23 0.8959819300
7241.94 0.8961963408
7242.65 0.8964101304
7243.35 0.8966223729
7244.06 0.8968357809
7244.77 0.8970485675
7245.47 0.8972602639
7246.18 0.8974751618
7246.88 0.8976886681
7247.59 0.8979028453
7248.30 0.8981164008
7249.00 0.8983266190
7249.71 0.8985409938
7250.42 0.8998918380
7251.12 0.9020231202
7251.83 0.9041660780
7252.53 0.9062967386
7253.24 0.9084411442
7253.95 0.9105848735
7254.65 0.9127040584
7255.36 0.9148472923
7256.07 0.9169911433
7256.78 0.9191334543
7257.49 0.9212763820
7258.19 0.9233956051
7258.90 0.9255393307
7259.61 0.9276829377
7260.31 0.9286974669
7261.02 0.9283278559
7261.73 0.9279597541
7262.44 0.9275939863
7263.15 0.9272259218
7263.85 0.9268626166
7264.56 0.9264936376
7265.27 0.9261257372
7265.98 0.9257587388
7266.69 0.9253877624
7267.40 0.9250207238
7268.10 0.9246552362
7268.81 0.9242878804
7269.52 0.9239207914
7270.23 0.9237051994
7270.94 0.9238126104
7271.65 0.9239187409
7272.36 0.9240259423
7273.07 0.9241337957
7273.77 0.9242381302
7274.48 0.9243442601
7275.19 0.9244506093
7275.90 0.9245569617
7276.61 0.9246633172
7277.32 0.9247688756
7278.03 0.9248757971
7278.74 0.9249838932
7279.45 0.9250899695
7280.16 0.9252440823
7280.87 0.9255614250
7281.58 0.9258794475
7282.29 0.9261973874
7282.99 0.9265131821
7283.71 0.9268324205
7284.42 0.9271504934
7285.13 0.9274691713
7285.84 0.9277889767
7286.55 0.9281041254
7287.26 0.9284227200
7287.97 0.9287422257
7288.68 0.9290580160
7289.39 0.9293768714
7290.10 0.9296759219
7290.81 0.9298526025
7291.52 0.9300314167
7292.23 0.9302082712
7292.94 0.9303862523
7293.65 0.9305652454
7294.36 0.9307439112
7295.08 0.9309220711
7295.79 0.9310993805
7296.50 0.9312752519
7297.21 0.9314534627
7297.92 0.9316305290
7298.63 0.9318092077
7299.35 0.9319884652
7300.05 0.9321397569
7300.77 0.9319717792
7301.47 0.9318052070
7302.19 0.9316360431
7302.90 0.9314669178
7303.61 0.9312985207
7304.33 0.9311301625
7305.04 0.9309618811
7305.75 0.9307944844
7306.46 0.9306258849
7307.17 0.9304582460
7307.89 0.9302888936
7308.60 0.9301194903
7309.31 0.9299518274
7310.02 0.9298228338
7310.74 0.9308352947
7311.44 0.9318363555
7312.16 0.9328487400
7312.87 0.9338606525
7313.59 0.9348726172
7314.30 0.9358857593
7315.01 0.9368880537
7315.73 0.9379006844
7316.44 0.9389133667
7317.15 0.9399204053
7317.86 0.9409335749
7318.58 0.9419406641
7319.29 0.9429522345
7320.01 0.9439478811
7320.71 0.9432366324
7321.43 0.9425168105
7322.15 0.9417960481
7322.86 0.9410748201
7323.58 0.9403537400
7324.28 0.9396411838
7325.00 0.9389207873
7325.72 0.9381990149
7326.43 0.9374817094
7327.14 0.9367601838
7327.86 0.9360380636
7328.57 0.9353211563
7329.29 0.9345995003
7330.00 0.9338854729
7330.71 0.9352411372
7331.43 0.9366101257
7332.15 0.9379797097
7332.86 0.9393470176
7333.58 0.9407144848
7334.29 0.9420672195
7335.00 0.9434363626
7335.72 0.9447966454
7336.43 0.9461661967
7337.15 0.9475355614
7337.86 0.9488946237
7338.58 0.9502631768
7339.30 0.9516313247
7340.01 0.9529700978
7340.72 0.9526262033
7341.44 0.9522840579
7342.16 0.9519418276
7342.88 0.9515970222
7343.59 0.9512588248
7344.30 0.9509162512
7345.02 0.9505714089
7345.73 0.9502317304
7346.45 0.9498891201
7347.17 0.9495476552
7347.88 0.9492033460
7348.60 0.9488600437
7349.31 0.9485210858
7350.03 0.9481841693
7350.75 0.9479528467
7351.47 0.9477204575
7352.19 0.9474885710
7352.90 0.9472611448
7353.61 0.9470303151
7354.33 0.9467984578
7355.05 0.9465673342
7355.77 0.9463370998
7356.48 0.9461055801
7357.20 0.9458751426
7357.92 0.9456442815
7358.63 0.9454149546
7359.35 0.9451826551
7360.07 0.9450634142
7360.79 0.9460178214
7361.51 0.9469711743
7362.23 0.9479246954
7362.94 0.9488687270
7363.66 0.9498230206
7364.37 0.9507705272
7365.09 0.9517231858
7365.81 0.9526789883
7366.53 0.9536278717
7367.25 0.9545822583
7367.96 0.9555260082
7368.68 0.9564799830
7369.40 0.9574344344
7370.12 0.9579861226
7370.84 0.9565199783
7371.56 0.9550549738
7372.27 0.9536064720
7372.99 0.9521416089
7373.71 0.9506829407
7374.43 0.9492165032
7375.15 0.9477506377
7375.87 0.9462916290
7376.59 0.9448248083
7377.31 0.9433582497
7378.02 0.9419079122
7378.74 0.9404405283
7379.46 0.9389726202
7380.19 0.9386378421
7380.91 0.9415813981
7381.62 0.9444916988
7382.34 0.9474330712
7383.06 0.9503758781
7383.78 0.9533010740
7384.50 0.9562438937
7385.22 0.9591704139
7385.94 0.9621105217
7386.66 0.9650503076
7387.38 0.9679576262
7388.10 0.9708969807
7388.82 0.9738366715
7389.54 0.9767749412
7390.26 0.9782615334
7390.98 0.9772391040
7391.70 0.9762050771
7392.42 0.9751712692
7393.14 0.9741423400
7393.86 0.9731058938
7394.59 0.9720705456
7395.31 0.9710416181
7396.03 0.9700064004
7396.74 0.9689812174
7397.47 0.9679444608
7398.19 0.9669083627
7398.91 0.9658698441
7399.63 0.9648330838
7400.36 0.9641830869
7401.07 0.9639325663
7401.80 0.9636792800
7402.52 0.9634277361
7403.24 0.9631749747
7403.96 0.9629221456
7404.68 0.9626699594
7405.40 0.9624164645
7406.13 0.9621632121
7406.84 0.9619149281
7407.57 0.9616614506
7408.29 0.9614079052
7409.02 0.9611549527
7409.74 0.9609019323
7410.46 0.9607819714
7411.18 0.9607354931
7411.90 0.9606887670
7412.62 0.9606416246
7413.35 0.9605950641
7414.07 0.9605488395
7414.79 0.9605013425
7415.52 0.9604548292
7416.23 0.9604090163
7416.96 0.9603620985
7417.68 0.9603141800
7418.41 0.9602673366
7419.13 0.9602209068
7419.85 0.9601742966
7420.58 0.9606704970
7421.30 0.9613073142
7422.02 0.9619408506
7422.75 0.9625771264
7423.47 0.9632140405
7424.19 0.9638463479
7424.92 0.9644807338
7425.64 0.9651109651
7426.36 0.9657473275
7427.09 0.9663818087
7427.81 0.9670178110
7428.54 0.9676544005
7429.26 0.9682870011
7429.98 0.9689187322
7430.71 0.9697364289
7431.43 0.9705534332
7432.16 0.9713745054
7432.89 0.9721970453
7433.61 0.9730130160
7434.33 0.9738331870
7435.05 0.9746452879
7435.78 0.9754677303
7436.51 0.9762891196
7437.23 0.9771095453
7437.96 0.9779306446
7438.69 0.9787512641
7439.40 0.9795629681
7440.13 0.9801556963
7440.85 0.9797127485
7441.58 0.9792674781
7442.31 0.9788215277
7443.03 0.9783776011
7443.76 0.9779318822
7444.49 0.9774868529
7445.21 0.9770469556
7445.93 0.9766023801
7446.66 0.9761551328
7447.39 0.9757094604
7448.12 0.9752645678
7448.84 0.9748245923
7449.56 0.9743797112
7450.29 0.9748919914
7451.02 0.9768181611
7451.74 0.9787536303
7452.47 0.9806787413
7453.20 0.9826159457
7453.93 0.9845524918
7454.65 0.9864685257
7455.37 0.9884053439
7456.10 0.9903417677
7456.83 0.9922788616
7457.56 0.9942142312
7458.28 0.9961288028
7459.01 0.9980653305
7459.74 1.0000000000
7460.46 0.9984404220
7461.19 0.9948909679
7461.92 0.9913392483
7462.65 0.9878091373
7463.38 0.9842613210
7464.10 0.9807515926
7464.83 0.9771994748
7465.56 0.9736507698
7466.28 0.9701018881
7467.02 0.9665519803
7467.74 0.9630015819
7468.47 0.9594930540
7469.20 0.9559414611
7469.92 0.9524121850
7470.65 0.9526394035
7471.38 0.9533190943
7472.11 0.9539950570
7472.84 0.9546754207
7473.57 0.9553547882
7474.29 0.9560262645
7475.02 0.9567067486
7475.75 0.9573862363
7476.48 0.9580659665
7477.21 0.9587454609
7477.94 0.9594161684
7478.67 0.9600966856
7479.40 0.9607765220
7480.12 0.9616966018
7480.85 0.9638224838
7481.58 0.9659381438
7482.31 0.9680673003
7483.04 0.9701928137
7483.77 0.9722970305
7484.50 0.9744256881
7485.23 0.9765542978
7485.96 0.9786823227
7486.69 0.9808081658
7487.42 0.9829123404
7488.15 0.9850391951
7488.88 0.9871670234
7489.61 0.9892833651
7490.34 0.9896666391
7491.07 0.9880256327
7491.80 0.9863942278
7492.53 0.9847541033
7493.26 0.9831319704
7493.99 0.9814920622
7494.72 0.9798508315
7495.45 0.9782111360
7496.19 0.9765701175
7496.92 0.9749299666
7497.64 0.9733098362
7498.37 0.9716695868
7499.10 0.9700394048
7499.84 0.9683999104
7500.57 0.9666739126
7501.30 0.9649316571
7502.03 0.9631801912
7502.76 0.9614494211
7503.49 0.9596994687
7504.22 0.9579474989
7504.95 0.9561957100
7505.69 0.9544455689
7506.42 0.9526949714
7507.15 0.9509636287
7507.88 0.9492118678
7508.61 0.9474691603
7509.34 0.9457166802
7510.08 0.9443811205
7510.81 0.9464999076
7511.54 0.9486343321
7512.28 0.9507696024
7513.00 0.9528784449
7513.74 0.9550115084
7514.47 0.9571439500
7515.20 0.9592760239
7515.94 0.9614085921
7516.66 0.9635168462
7517.40 0.9656486420
7518.13 0.9677807410
7518.86 0.9698988638
7519.60 0.9720290746
7520.33 0.9725137904
7521.06 0.9710074807
7521.80 0.9695015288
7522.53 0.9680098890
7523.26 0.9664995124
7524.00 0.9649930721
7524.73 0.9634852006
7525.47 0.9619769202
7526.19 0.9604846297
7526.93 0.9589721458
7527.67 0.9574623535
7528.40 0.9559606925
7529.13 0.9544504025
7529.87 0.9529384558
7530.60 0.9523057404
7531.34 0.9518598951
7532.06 0.9514208687
7532.80 0.9509759339
7533.54 0.9505310201
7534.27 0.9500852031
7535.01 0.9496397288
7535.75 0.9491965155
7536.47 0.9487560973
7537.21 0.9483096367
7537.94 0.9478683941
7538.68 0.9474243147
7539.42 0.9469805786
7540.15 0.9465755618
7540.89 0.9463149996
7541.62 0.9460554893
7542.35 0.9457987189
7543.09 0.9455386233
7543.82 0.9452786831
7544.56 0.9450174536
7545.30 0.9447571512
7546.03 0.9445025086
7546.77 0.9442402747
7547.50 0.9439793177
7548.24 0.9437208339
7548.98 0.9434609866
7549.71 0.9432011190
7550.45 0.9421195945
7551.18 0.9405013181
7551.91 0.9389010205
7552.65 0.9372835268
7553.39 0.9356650491
7554.13 0.9340473368
7554.87 0.9324302118
7555.60 0.9308305116
7556.33 0.9292121497
7557.07 0.9275929027
7557.81 0.9259841674
7558.55 0.9243666032
7559.28 0.9227481533
7560.02 0.9211972056
7560.76 0.9219167152
7561.49 0.9226289746
7562.23 0.9233488509
7562.97 0.9240686255
7563.70 0.9247878484
7564.44 0.9255078690
7565.18 0.9262281350
7565.91 0.9269395491
7566.65 0.9276567882
7567.39 0.9283714092
7568.13 0.9290897924
7568.87 0.9298088711
7569.60 0.9305228553
7570.34 0.9315188746
7571.07 0.9328221149
7571.81 0.9341416583
7572.56 0.9354585152
7573.30 0.9367753866
7574.03 0.9380915967
7574.77 0.9394111988
7575.51 0.9407124811
7576.25 0.9420273797
7576.98 0.9433370636
7577.72 0.9446543657
7578.46 0.9459704309
7579.20 0.9472777979
7579.94 0.9485911850
7580.68 0.9476920935
7581.41 0.9466121772
7582.16 0.9455183804
7582.90 0.9444246782
7583.64 0.9433327968
7584.38 0.9422411117
7585.11 0.9411598272
7585.85 0.9400661260
7586.59 0.9389740989
7587.33 0.9378885640
7588.07 0.9367941690
7588.81 0.9357061448
7589.55 0.9346135435
7590.29 0.9335887337
7591.03 0.9326770356
7591.77 0.9317557436
7592.51 0.9308339054
7593.25 0.9299110890
7593.99 0.9289879711
7594.73 0.9280794632
7595.47 0.9271578615
7596.21 0.9262346031
7596.95 0.9253175387
7597.69 0.9243969255
7598.44 0.9234757845
7599.17 0.9225585829
7599.92 0.9216377253
7600.65 0.9236240976
7601.39 0.9260096553
7602.14 0.9283963397
7602.88 0.9307808643
7603.62 0.9331685686
7604.37 0.9355547907
7605.10 0.9379109598
7605.84 0.9402978472
7606.58 0.9426712433
7607.33 0.9450576684
7608.07 0.9474454465
7608.81 0.9498185954
7609.55 0.9522054580
7610.30 0.9522800049
7611.03 0.9488945009
7611.77 0.9454705217
7612.52 0.9420490234
7613.26 0.9386268382
7614.01 0.9352041925
7614.74 0.9318236757
7615.49 0.9284026080
7616.23 0.9249796170
7616.97 0.9215806952
7617.72 0.9181607429
7618.46 0.9147619404
7619.20 0.9113456036
7619.94 0.9079258638
7620.68 0.9109593127
7621.43 0.9145563023
7622.17 0.9181547770
7622.91 0.9217503117
7623.66 0.9253483449
7624.40 0.9289024478
7625.14 0.9324983391
7625.89 0.9360954736
7626.63 0.9396710342
7627.37 0.9432671642
7628.12 0.9468604539
7628.86 0.9504346515
7629.60 0.9540286248
7630.34 0.9561123318
7631.09 0.9565089975
7631.83 0.9569044865
7632.58 0.9573002614
7633.33 0.9576958685
7634.07 0.9580924424
7634.81 0.9584813635
7635.56 0.9588764659
7636.30 0.9592706707
7637.04 0.9596656636
7637.79 0.9600608411
7638.53 0.9604527239
7639.28 0.9608471104
7640.02 0.9612386063
7640.76 0.9615957314
7641.51 0.9619530339
7642.26 0.9623101606
7643.00 0.9626676672
7643.75 0.9630223971
7644.49 0.9633748063
7645.24 0.9637312287
7645.98 0.9640844704
7646.73 0.9644412222
7647.47 0.9647972422
7648.22 0.9651504086
7648.96 0.9655034481
7649.71 0.9658604043
7650.45 0.9667989950
7651.20 0.9681278179
7651.95 0.9694592835
7652.69 0.9707884882
7653.44 0.9721166697
7654.18 0.9734310039
7654.93 0.9747609296
7655.68 0.9760881380
7656.42 0.9774080204
7657.17 0.9787370748
7657.91 0.9800589288
7658.66 0.9813861871
7659.41 0.9827141415
7660.15 0.9836024812
7660.90 0.9828131722
7661.65 0.9820231065
7662.40 0.9812327679
7663.15 0.9804420283
7663.89 0.9796609011
7664.63 0.9788716398
7665.38 0.9780826613
7666.13 0.9772980139
7666.88 0.9765082347
7667.63 0.9757185105
7668.37 0.9749332474
7669.12 0.9741440902
7669.86 0.9733637776
7670.61 0.9729187391
7671.36 0.9725498681
7672.11 0.9721805769
7672.86 0.9718118794
7673.61 0.9714422801
7674.35 0.9710771801
7675.10 0.9707082114
7675.85 0.9703400157
7676.60 0.9699715508
7677.35 0.9696032236
7678.09 0.9692363553
7678.84 0.9688671627
7679.60 0.9684980057
7680.34 0.9683009228
7681.09 0.9683057384
7681.84 0.9683131747
7682.59 0.9683189951
7683.34 0.9683249006
7684.08 0.9683317341
7684.83 0.9683347612
7685.58 0.9683411977
7686.33 0.9683471130
7687.08 0.9683521439
7687.83 0.9683580247
7688.58 0.9683634779
7689.33 0.9683688110
7690.07 0.9681842598
7690.83 0.9662772137
7691.58 0.9643679468
7692.33 0.9624613646
7693.08 0.9605558888
7693.82 0.9586676563
7694.58 0.9567607166
7695.33 0.9548536147
7696.08 0.9529570661
7696.83 0.9510505572
7697.58 0.9491438864
7698.33 0.9472484623
7699.08 0.9453433011
7699.82 0.9434601179
7700.58 0.9436228927
7701.33 0.9444156291
7702.08 0.9452083961
7702.83 0.9460000322
7703.59 0.9467933019
7704.33 0.9475772502
7705.08 0.9483688368
7705.83 0.9491556086
7706.59 0.9499466742
7707.34 0.9507376472
7708.09 0.9515252838
7708.84 0.9523167581
7709.59 0.9530988996
7710.34 0.9528212385
7711.09 0.9512445062
7711.85 0.9496673416
7712.60 0.9480903090
7713.35 0.9465135151
7714.10 0.9449525082
7714.85 0.9433777108
7715.60 0.9418111521
7716.36 0.9402359343
7717.11 0.9386615378
7717.86 0.9370939015
7718.61 0.9355193143
7719.37 0.9339447520
7720.11 0.9327553779
7720.87 0.9335815560
7721.62 0.9344063795
7722.38 0.9352316970
7723.13 0.9360558888
7723.88 0.9368722563
7724.64 0.9376945579
7725.39 0.9385181507
7726.14 0.9393373739
7726.90 0.9401605628
7727.65 0.9409797319
7728.40 0.9418025167
7729.16 0.9426240656
7729.90 0.9434381164
7730.66 0.9417336389
7731.41 0.9396593285
7732.17 0.9375850547
7732.93 0.9355086398
7733.67 0.9334580742
7734.43 0.9313840358
7735.18 0.9293109537
7735.94 0.9272498481
7736.69 0.9251756924
7737.45 0.9231038739
7738.20 0.9210428892
7738.96 0.9189716084
7739.70 0.9169233472
7740.46 0.9163653718
7741.22 0.9167816647
7741.97 0.9171974494
7742.73 0.9176159416
7743.49 0.9180325447
7744.23 0.9184437701
7744.99 0.9188605002
7745.74 0.9192747471
7746.50 0.9196910254
7747.26 0.9201076049
7748.01 0.9205212322
7748.77 0.9209388605
7749.52 0.9213545910
7750.27 0.9217898207
7751.03 0.9222735448
7751.79 0.9227596503
7752.55 0.9232434094
7753.30 0.9237271341
7754.05 0.9242052526
7754.81 0.9246882081
7755.57 0.9251727349
7756.32 0.9256537526
7757.08 0.9261364768
7757.83 0.9266156823
7758.59 0.9270991401
7759.35 0.9275823246
7760.10 0.9277751041
7760.86 0.9261000306
7761.62 0.9244254236
7762.38 0.9227521986
7763.13 0.9210780555
7763.88 0.9194251209
7764.64 0.9177530621
7765.40 0.9160826184
7766.16 0.9144239453
7766.91 0.9127554738
7767.67 0.9110873515
7768.43 0.9094295028
7769.19 0.9077643911
7769.94 0.9061170593
7770.70 0.9054738426
7771.46 0.9049204698
7772.22 0.9043669716
7772.98 0.9038125401
7773.74 0.9032586761
7774.49 0.9027110376
7775.25 0.9021564616
7776.00 0.9016058037
7776.76 0.9010516708
7777.52 0.9004978749
7778.28 0.8999469593
7779.04 0.8993924506
7779.79 0.8988438306
7780.55 0.8980066487
7781.31 0.8970619500
7782.07 0.8961175124
7782.83 0.8951722940
7783.59 0.8942254854
7784.34 0.8932897068
7785.10 0.8923442329
7785.86 0.8914037690
7786.62 0.8904589331
7787.38 0.8895129695
7788.14 0.8885727164
7788.90 0.8876277395
7789.66 0.8866817486
7790.41 0.8868541967
7791.18 0.8879447875
7791.94 0.8890336074
7792.70 0.8901233181
7793.46 0.8912133390
7794.21 0.8922902450
7794.98 0.8933785702
7795.74 0.8944676717
7796.49 0.8955510614
7797.26 0.8966392774
7798.01 0.8977218964
7798.77 0.8988094598
7799.54 0.8998974492
7800.29 0.9005177960
7801.05 0.9004160602
7801.82 0.9003140554
7802.58 0.9002118969
7803.34 0.9001098178
7804.10 0.9000090991
7804.86 0.8999085704
7805.62 0.8998048715
7806.38 0.8997025307
7807.14 0.8996008460
7807.90 0.8994983127
7808.66 0.8993967895
7809.43 0.8992940651
7810.18 0.8992328725
7810.94 0.8993037700
7811.71 0.8993747793
7812.47 0.8994454380
7813.23 0.8995158610
7814.00 0.8995861634
7814.75 0.8996565879
7815.52 0.8997278129
7816.28 0.8997968325
7817.04 0.8998650298
7817.80 0.8999364770
7818.56 0.9000059508
7819.33 0.9000747171
7820.09 0.9001773066
7820.85 0.9005267112
7821.61 0.9008797609
7822.38 0.9012332102
7823.14 0.9015858984
7823.90 0.9019378232
7824.66 0.9022887617
7825.43 0.9026413720
7826.19 0.9029922879
7826.95 0.9033434916
7827.72 0.9036941621
7828.48 0.9040436064
7829.24 0.9043949601
7830.01 0.9047449686
7830.76 0.9049486049
7831.53 0.9051543524
7832.29 0.9053594243
7833.06 0.9055627716
7833.82 0.9057676560
7834.58 0.9059679115
7835.35 0.9061710931
7836.11 0.9063749960
7836.87 0.9065760132
7837.64 0.9067785628
7838.41 0.9069818338
7839.17 0.9071838494
7839.93 0.9073851832
7840.69 0.9078163766
7841.46 0.9082746705
7842.22 0.9087317551
7842.99 0.9091893780
7843.76 0.9096470729
7844.52 0.9101054223
7845.28 0.9105581348
7846.05 0.9110153454
7846.81 0.9114692469
7847.58 0.9119260173
7848.34 0.9123833261
7849.11 0.9128373253
7849.87 0.9132934937
7850.63 0.9132519192
7851.40 0.9131093657
7852.17 0.9129659494
7852.93 0.9128240055
7853.70 0.9126820165
7854.47 0.9125379970
7855.23 0.9123954553
7855.99 0.9122530974
7856.76 0.9121095292
7857.53 0.9119655618
7858.29 0.9118217825
7859.06 0.9116779609
7859.83 0.9115340907
7860.59 0.9125553268
7861.35 0.9139025382
7862.12 0.9152635458
7862.89 0.9166273731
7863.66 0.9179870076
7864.43 0.9193477085
7865.19 0.9206931074
7865.96 0.9220531333
7866.72 0.9234130563
7867.49 0.9247648048
7868.26 0.9261246382
7869.02 0.9274758266
7869.79 0.9288340492
7870.56 0.9286323344
7871.32 0.9278575962
7872.09 0.9270721674
7872.86 0.9262878539
7873.63 0.9255045398
7874.40 0.9247207042
7875.16 0.9239454747
7875.93 0.9231635233
7876.70 0.9223794113
7877.46 0.9216003980
7878.23 0.9208175846
7879.00 0.9200346006
7879.77 0.9192554302
7880.54 0.9190097729
7881.30 0.9189949582
7882.07 0.9189792983
7882.84 0.9189615086
7883.61 0.9189459238
7884.38 0.9189297330
7885.15 0.9189131693
7885.91 0.9188983493
7886.68 0.9188809244
7887.45 0.9188643015
7888.22 0.9188474204
7888.99 0.9188296985
7889.76 0.9188141862
7890.53 0.9189863099
7891.30 0.9192436086
7892.06 0.9194982492
7892.84 0.9197561988
7893.61 0.9200140648
7894.38 0.9202721982
7895.15 0.9205302465
7895.91 0.9207828180
7896.68 0.9210397576
7897.45 0.9212970827
7898.22 0.9215526816
7898.99 0.9218081932
7899.76 0.9220629173
7900.53 0.9220010632
7901.31 0.9217968330
7902.07 0.9215957242
7902.84 0.9213912613
7903.61 0.9211868593
7904.39 0.9209828697
7905.16 0.9207794092
7905.92 0.9205791925
7906.69 0.9203744427
7907.47 0.9201705756
7908.24 0.9199677151
7909.01 0.9197637334
7909.78 0.9195594592
7910.55 0.9199096634
7911.32 0.9204824056
7912.09 0.9210473733
7912.86 0.9216188916
7913.63 0.9221909745
7914.41 0.9227635034
7915.18 0.9233343629
7915.95 0.9239040210
7916.72 0.9244680149
7917.49 0.9250386841
7918.26 0.9256048593
7919.04 0.9261711241
7919.81 0.9267403073
7920.58 0.9258719374
7921.35 0.9245278025
7922.12 0.9231909286
7922.89 0.9218523641
7923.67 0.9205088044
7924.44 0.9191654358
7925.22 0.9178208447
7925.99 0.9164756179
7926.76 0.9151469809
7927.53 0.9138048517
7928.30 0.9124689330
7929.08 0.9111247108
7929.85 0.9097835088
7930.62 0.9094144630
7931.40 0.9092755606
7932.17 0.9091366135
7932.94 0.9089982416
7933.71 0.9088583771
7934.49 0.9087188251
7935.27 0.9085800507
7936.04 0.9084406455
7936.81 0.9083012239
7937.58 0.9081623162
7938.36 0.9080232496
7939.13 0.9078843892
7939.90 0.9077425157
7940.68 0.9083829329
7941.45 0.9091355853
7942.23 0.9098862423
7943.00 0.9106256070
7943.77 0.9113784103
7944.55 0.9121286238
7945.32 0.9128769622
7946.10 0.9136250718
7946.87 0.9143663686
7947.65 0.9151132018
7948.42 0.9158588609
7949.19 0.9165993454
7949.97 0.9173457329
7950.75 0.9147323220
7951.52 0.9120050522
7952.30 0.9092655140
7953.07 0.9065583212
7953.84 0.9038214669
7954.62 0.9010833511
7955.40 0.8983484672
7956.18 0.8956148002
7956.95 0.8928817641
7957.72 0.8901820705
7958.50 0.8874500675
7959.27 0.8847349406
7960.05 0.8822836788
7960.83 0.8837394892
7961.60 0.8851863652
7962.38 0.8866415259
7963.16 0.8880945867
7963.93 0.8895315201
7964.71 0.8909849870
7965.48 0.8924378987
7966.26 0.8938894195
7967.04 0.8953406085
7967.81 0.8967754178
7968.59 0.8982239448
7969.37 0.8996723767
7970.14 0.9007282472
7970.92 0.9000927182
7971.70 0.8994581315
7972.48 0.8988205372
7973.26 0.8981835121
7974.02 0.8975555259
7974.81 0.8969183319
7975.58 0.8962811208
7976.36 0.8956447166
7977.14 0.8950092318
7977.91 0.8943801862
7978.69 0.8937426477
7979.47 0.8931067402
7980.25 0.8931049913
7981.03 0.8944521619
7981.81 0.8957986296
7982.58 0.8971381367
7983.36 0.8984866316
7984.14 0.8998200048
7984.92 0.9011689901
7985.70 0.9025169221
7986.48 0.9038651002
7987.26 0.9052132869
7988.04 0.9065637330
7988.81 0.9078989158
7989.59 0.9092461760
7990.37 0.9092467108
7991.15 0.9077367648
7991.93 0.9062262687
7992.70 0.9047229729
7993.48 0.9032104277
7994.26 0.9017152046
7995.04 0.9002029878
7995.82 0.8986940240
7996.60 0.8971808190
7997.38 0.8956674266
7998.16 0.8941564488
7998.94 0.8926618773
7999.72 0.8911488512
8000.50 0.8906941859
8001.28 0.8908348925
8002.06 0.8909745314
8002.84 0.8911142111
8003.62 0.8912519671
8004.40 0.8913902090
8005.18 0.8915281725
8005.96 0.8916674977
8006.74 0.8918052936
8007.52 0.8919421472
8008.31 0.8920788838
8009.08 0.8922146276
8009.86 0.8923520979
8010.65 0.8919275546
8011.42 0.8913846996
8012.21 0.8908389436
8012.98 0.8902963197
8013.77 0.8897515083
8014.55 0.8892060968
8015.32 0.8886675382
8016.11 0.8881235492
8016.89 0.8875781177
8017.68 0.8870334053
8018.46 0.8864880928
8019.23 0.8859489251
8020.02 0.8853901258
8020.80 0.8842772869
8021.58 0.8831696248
8022.36 0.8820551258
8023.15 0.8809399151
8023.93 0.8798328570
8024.71 0.8787182614
8025.49 0.8776162656
8026.27 0.8765015517
8027.06 0.8753879055
8027.84 0.8742743932
8028.62 0.8731605167
8029.41 0.8720465358
8030.19 0.8716084811
8030.97 0.8733050082
8031.75 0.8749891282
8032.53 0.8766848503
8033.32 0.8783796931
8034.10 0.8800650973
8034.89 0.8817572232
8035.67 0.8834496629
8036.45 0.8851225511
8037.23 0.8868147694
8038.02 0.8885033679
8038.80 0.8901938240
8039.59 0.8918825706
8040.37 0.8921690745
8041.15 0.8908924959
8041.94 0.8896173242
8042.72 0.8883485069
8043.51 0.8870728042
8044.29 0.8858035691
8045.07 0.8845282919
8045.86 0.8832556189
8046.64 0.8819946114
8047.42 0.8807191272
8048.21 0.8794451814
8049.00 0.8781701219
8049.78 0.8768961232
8050.56 0.8771070020
8051.35 0.8778971688
8052.13 0.8786864067
8052.92 0.8794732996
8053.70 0.8802624422
8054.49 0.8810524405
8055.27 0.8818384369
8056.06 0.8826285797
8056.84 0.8834084224
8057.62 0.8841975313
8058.41 0.8849883247
8059.20 0.8857782975
8059.99 0.8865668602
8060.78 0.8853561487
8061.56 0.8841298170
8062.34 0.8828897268
8063.13 0.8816567202
8063.91 0.8804205377
8064.70 0.8791809799
8065.48 0.8779497303
8066.27 0.8767128823
8067.05 0.8754917176
8067.84 0.8742556860
8068.63 0.8730214235
8069.42 0.8717879942
8070.21 0.8708955761
8071.00 0.8709584066
8071.77 0.8710235131
8072.56 0.8710877751
8073.35 0.8711518414
8074.14 0.8712170554
8074.93 0.8712813053
8075.71 0.8713442914
8076.50 0.8714080529
8077.29 0.8714716780
8078.07 0.8715342199
8078.86 0.8715999981
8079.65 0.8716630224
8080.44 0.8720597085
8081.23 0.8727238226
8082.01 0.8733786921
8082.80 0.8740431633
8083.59 0.8747065462
8084.38 0.8753660038
8085.16 0.8760284101
8085.95 0.8766860602
8086.74 0.8773489316
8087.53 0.8780108222
8088.32 0.8786683264
8089.11 0.8793309226
8089.89 0.8799892396
8090.68 0.8787483055
8091.47 0.8772116100
8092.26 0.8756934589
8093.05 0.8741581661
8093.84 0.8726248548
8094.62 0.8711007711
8095.41 0.8695674181
8096.21 0.8680347117
8096.99 0.8665135374
8097.78 0.8649821267
8098.57 0.8634603264
8099.36 0.8619408626
8100.15 0.8609298543
8100.94 0.8621442472
8101.73 0.8633545257
8102.52 0.8645599142
8103.31 0.8657668320
8104.10 0.8669794554
8104.89 0.8681842943
8105.68 0.8693968753
8106.47 0.8706089537
8107.26 0.8718135916
8108.05 0.8730261092
8108.84 0.8742388471
8109.63 0.8754434175
8110.42 0.8760758064
8111.21 0.8762041460
8112.00 0.8763294921
8112.80 0.8764566422
8113.58 0.8765830693
8114.37 0.8767099945
8115.17 0.8768362039
8115.96 0.8769641605
8116.75 0.8770886968
8117.54 0.8772142565
8118.33 0.8773409803
8119.12 0.8774667466
8119.91 0.8775918470
8120.70 0.8783620223
8121.50 0.8792176178
8122.29 0.8800738466
8123.08 0.8809277028
8123.87 0.8817723876
8124.66 0.8826249599
8125.46 0.8834781651
8126.25 0.8843262533
8127.04 0.8851768582
8127.83 0.8860297870
8128.62 0.8868759046
8129.42 0.8877259902
8130.21 0.8878079069
8131.00 0.8857512479
8131.79 0.8837067900
8132.59 0.8816494045
8133.38 0.8795935342
8134.18 0.8775370034
8134.96 0.8755056877
8135.76 0.8734490499
8136.55 0.8714076644
8137.34 0.8693550304
8138.14 0.8673003916
8138.93 0.8652612560
8139.73 0.8632097907
8140.52 0.8616929846
8141.31 0.8604657429
8142.10 0.8592388666
8142.90 0.8580039266
8143.69 0.8567714974
8144.48 0.8555455494
8145.28 0.8543199362
8146.07 0.8530894019
8146.86 0.8518651116
8147.66 0.8506345495
8148.46 0.8494043195
8149.25 0.8481803379
8150.05 0.8471094027
8150.84 0.8487463361
8151.63 0.8503705543
8152.43 0.8519957991
8153.22 0.8536318049
8154.02 0.8552639933
8154.81 0.8568990462
8155.60 0.8585145111
8156.40 0.8601470143
8157.20 0.8617797886
8157.99 0.8634030149
8158.79 0.8650359081
8159.58 0.8666600830
8160.38 0.8670397332
8161.18 0.8660289826
8161.97 0.8650251161
8162.77 0.8640167140
8163.56 0.8630133943
8164.36 0.8620060224
8165.15 0.8609994080
8165.94 0.8600025568
8166.74 0.8589972178
8167.54 0.8579911802
8168.33 0.8569912044
8169.13 0.8559877612
8169.93 0.8549813291
8170.72 0.8540243042
8171.52 0.8530631220
8172.32 0.8521083644
8173.11 0.8511485804
8173.91 0.8501939043
8174.71 0.8492324985
8175.51 0.8482721038
8176.31 0.8473115050
8177.10 0.8463602239
8177.90 0.8453999488
8178.69 0.8444433302
8179.49 0.8434815359
8180.29 0.8431043033
8181.08 0.8437607079
8181.88 0.8444176370
8182.68 0.8450781872
8183.48 0.8457334681
8184.28 0.8463918104
8185.07 0.8470478013
8185.87 0.8477049080
8186.67 0.8483601487
8187.46 0.8490148740
8188.26 0.8496730469
8189.06 0.8503308452
8189.86 0.8509846881
8190.66 0.8503418093
8191.46 0.8494269878
8192.26 0.8485072722
8193.06 0.8475879514
8193.85 0.8466752257
8194.65 0.8457600110
8195.45 0.8448415666
8196.25 0.8439225423
8197.05 0.8430039501
8197.84 0.8420988604
8198.65 0.8411815855
8199.45 0.8402641154
8200.24 0.8399829405
8201.04 0.8411480779
8201.85 0.8423136709
8202.64 0.8434714022
8203.44 0.8446346320
8204.24 0.8457903434
8205.04 0.8469543412
8205.84 0.8481082757
8206.64 0.8492718223
8207.44 0.8504329332
8208.24 0.8515865189
8209.04 0.8527409045
8209.84 0.8539001677
8210.64 0.8532784762
8211.44 0.8522119378
8212.24 0.8511434292
8213.04 0.8500797936
8213.84 0.8490127892
8214.64 0.8479513934
8215.44 0.8468833490
8216.24 0.8458211219
8217.05 0.8447541977
8217.85 0.8436865602
8218.65 0.8426174764
8219.45 0.8415619071
8220.25 0.8405461388
8221.05 0.8396480373
8221.85 0.8387468335
8222.66 0.8378446022
8223.45 0.8369481277
8224.26 0.8360475707
8225.06 0.8351497558
8225.86 0.8342545645
8226.67 0.8333563676
8227.47 0.8324634447
8228.27 0.8315658443
8229.07 0.8306709729
8229.87 0.8297809061
8230.67 0.8299437960
8231.48 0.8303148497
8232.28 0.8306854555
8233.08 0.8310577023
8233.88 0.8314246055
8234.69 0.8317959863
8235.49 0.8321678123
8236.29 0.8325364537
8237.09 0.8329026010
8237.90 0.8332749423
8238.70 0.8336453811
8239.51 0.8340146516
8240.30 0.8342043380
8241.11 0.8341054130
8241.91 0.8340044500
8242.71 0.8339056410
8243.52 0.8338060774
8244.33 0.8337051518
8245.13 0.8336045215
8245.93 0.8335050968
8246.73 0.8334036604
8247.54 0.8333031842
8248.34 0.8332032491
8249.15 0.8331021105
8249.95 0.8330020182
8250.75 0.8331161099
8251.56 0.8332429640
8252.36 0.8333714575
8253.16 0.8334998017
8253.97 0.8336264517
8254.78 0.8337549727
8255.58 0.8338822182
8256.39 0.8340096312
8257.19 0.8341369523
8258.00 0.8342628961
8258.80 0.8343877222
8259.60 0.8345129608
8260.41 0.8341008993
8261.22 0.8331738300
8262.02 0.8322556264
8262.83 0.8313285554
8263.63 0.8304021248
8264.44 0.8294808920
8265.24 0.8285539683
8266.05 0.8276317079
8266.85 0.8267063575
8267.66 0.8257796817
8268.47 0.8248592925
8269.27 0.8239350743
8270.08 0.8231863959
8270.89 0.8240615134
8271.69 0.8249387535
8272.49 0.8258064971
8273.30 0.8266808495
8274.11 0.8275543729
8274.91 0.8284267669
8275.72 0.8293011919
8276.53 0.8301739494
8277.33 0.8310420305
8278.15 0.8319167740
8278.95 0.8327811237
8279.75 0.8336502574
8280.56 0.8335458537
8281.37 0.8330110669
8282.18 0.8324745367
8282.99 0.8319439315
8283.79 0.8314125692
8284.60 0.8308766635
8285.41 0.8303445697
8286.22 0.8298108869
8287.02 0.8292759983
8287.83 0.8287441389
8288.64 0.8282096032
8289.44 0.8276778979
8290.25 0.8270376383
8291.06 0.8261718010
8291.87 0.8253042059
8292.68 0.8244360318
8293.49 0.8235691995
8294.29 0.8227118442
8295.10 0.8218458286
8295.91 0.8209824869
8296.72 0.8201174343
8297.53 0.8192519992
8298.34 0.8183900307
8299.15 0.8175247206
8299.96 0.8166620385
8300.77 0.8157987791
8301.57 0.8149372126
8302.38 0.8140711154
8303.19 0.8132059694
8304.01 0.8123417242
8304.81 0.8114839709
8305.62 0.8106192608
8306.43 0.8097547109
8307.24 0.8088941818
8308.05 0.8080307457
8308.86 0.8071720739
8309.67 0.8063077764
8310.48 0.8061387663
8311.29 0.8064432257
8312.10 0.8067469787
8312.91 0.8070536531
8313.72 0.8073574942
8314.53 0.8076612823
8315.34 0.8079622621
8316.15 0.8082678682
8316.96 0.8085722295
8317.77 0.8088707613
8318.58 0.8091733817
8319.40 0.8094762931
8320.21 0.8096873400
8321.02 0.8096338661
8321.83 0.8095791377
8322.64 0.8095242247
8323.45 0.8094679596
8324.26 0.8094122517
8325.08 0.8093596377
8325.89 0.8093032411
8326.69 0.8092486042
8327.51 0.8091927915
8328.32 0.8091374569
8329.13 0.8090815917
8329.94 0.8090242142
8330.75 0.8084916536
8331.57 0.8079213692
8332.38 0.8073504087
8333.19 0.8067827040
8334.00 0.8062142272
8334.82 0.8056457636
8335.63 0.8050747921
8336.44 0.8045043404
8337.25 0.8039401785
8338.07 0.8033695710
8338.88 0.8027998283
8339.69 0.8022319571
8340.51 0.8020160368
8341.32 0.8020165572
8342.13 0.8020173915
8342.95 0.8020171223
8343.76 0.8020167014
8344.57 0.8020161535
8345.38 0.8020142134
8346.20 0.8020118978
8347.01 0.8020118958
8347.82 0.8020096769
8348.64 0.8020087475
8349.45 0.8020068658
8350.26 0.8019408822
8351.08 0.8017429287
8351.90 0.8015420941
8352.71 0.8013431520
8353.52 0.8011423047
8354.34 0.8009417644
8355.15 0.8007398147
8355.97 0.8005414974
8356.78 0.8003401840
8357.60 0.8001399056
8358.42 0.7999398212
8359.22 0.7997408094
8360.04 0.7995320710
8360.85 0.7991947345
8361.67 0.7988542193
8362.49 0.7985155157
8363.30 0.7981784335
8364.11 0.7978374250
8364.93 0.7974969275
8365.75 0.7971588560
8366.56 0.7968181000
8367.38 0.7964801153
8368.19 0.7961397890
8369.01 0.7958011447
8369.82 0.7954616731
8370.64 0.7953827363
8371.45 0.7953753716
8372.27 0.7953669721
8373.09 0.7953598003
8373.90 0.7953521371
8374.72 0.7953432844
8375.54 0.7953345689
8376.35 0.7953258006
8377.17 0.7953158295
8377.99 0.7953069092
8378.80 0.7952952319
8379.62 0.7952856843
8380.43 0.7947561553
8381.25 0.7937596827
8382.07 0.7927637479
8382.89 0.7917744525
8383.70 0.7907808409
8384.52 0.7897913792
8385.34 0.7887951064
8386.16 0.7878001199
8386.97 0.7868096292
8387.79 0.7858157209
8388.61 0.7848266221
8389.43 0.7838309872
8390.25 0.7834981915
8391.06 0.7846963142
8391.88 0.7859045405
8392.70 0.7871138299
8393.51 0.7883159781
8394.33 0.7895249602
8395.15 0.7907331652
8395.97 0.7919334762
8396.79 0.7931429651
8397.60 0.7943446183
8398.43 0.7955523014
8399.24 0.7967532389
8400.06 0.7977645813
8400.88 0.7964227423
8401.70 0.7950771290
8402.52 0.7937488721
8403.34 0.7924054538
8404.15 0.7910697818
8404.98 0.7897294019
8405.80 0.7883899004
8406.61 0.7870579949
8407.44 0.7857212841
8408.26 0.7843859533
8409.07 0.7830557241
8409.90 0.7817209361
8410.71 0.7817683739
8411.53 0.7820180720
8412.35 0.7822659315
8413.17 0.7825137314
8413.99 0.7827627802
8414.81 0.7830111123
8415.63 0.7832578548
8416.45 0.7835047526
8417.27 0.7837498098
8418.09 0.7839966168
8418.92 0.7842413616
8419.74 0.7844850157
8420.55 0.7846669636
8421.38 0.7848190118
8422.20 0.7849694792
8423.02 0.7851185518
8423.84 0.7852696476
8424.66 0.7854197505
8425.48 0.7855696173
8426.30 0.7857188749
8427.12 0.7858685196
8427.95 0.7860166753
8428.77 0.7861628111
8429.59 0.7863118396
8430.41 0.7861721043
8431.23 0.7857413815
8432.05 0.7853106884
8432.88 0.7848785140
8433.70 0.7844474938
8434.52 0.7840181663
8435.34 0.7835893351
8436.17 0.7831582691
8436.99 0.7827282377
8437.81 0.7822963139
8438.63 0.7818662050
8439.45 0.7814368813
8440.28 0.7811385577
8441.10 0.7811043767
8441.92 0.7810710463
8442.74 0.7810377339
8443.57 0.7810031056
8444.40 0.7809672930
8445.22 0.7809311148
8446.03 0.7808957477
8446.86 0.7808608740
8447.68 0.7808242606
8448.51 0.7807883386
8449.33 0.7807533070
8450.15 0.7803842752
8450.98 0.7785623769
8451.81 0.7767402919
8452.63 0.7749298496
8453.45 0.7731104510
8454.27 0.7713027926
8455.10 0.7694850090
8455.93 0.7676695294
8456.74 0.7658739836
8457.57 0.7640590265
8458.40 0.7622447060
8459.22 0.7604405607
8460.05 0.7587716289
8460.87 0.7595810784
8461.69 0.7603926294
8462.52 0.7612028151
8463.34 0.7620085072
8464.17 0.7628150064
8464.99 0.7636231055
8465.82 0.7644303412
8466.65 0.7652364615
8467.47 0.7660331906
8468.29 0.7668375812
8469.12 0.7676419531
8469.94 0.7684391247
8470.77 0.7684296324
8471.60 0.7683622889
8472.42 0.7682921065
8473.25 0.7682202435
8474.07 0.7681521107
8474.90 0.7680838087
8475.73 0.7680120926
8476.55 0.7679412144
8477.38 0.7678710637
8478.21 0.7677989589
8479.03 0.7677260814
8479.86 0.7676556839
8480.68 0.7673975715
8481.51 0.7670998269
8482.34 0.7668013434
8483.16 0.7665020830
8483.99 0.7662006794
8484.82 0.7659014724
8485.65 0.7656030025
8486.47 0.7653028745
8487.30 0.7650009255
8488.13 0.7646996599
8488.96 0.7643976538
8489.78 0.7640992171
8490.61 0.7631558425
8491.44 0.7619808726
8492.26 0.7608133788
8493.09 0.7596408620
8493.92 0.7584751569
8494.75 0.7573047690
8495.58 0.7561331277
8496.41 0.7549696393
8497.24 0.7538015546
8498.06 0.7526377616
8498.89 0.7514696979
8499.72 0.7503009747
8500.54 0.7501202323
8501.37 0.7504371104
8502.20 0.7507521024
8503.03 0.7510659415
8503.86 0.7513820389
8504.69 0.7516966668
8505.52 0.7520089653
8506.35 0.7523214111
8507.18 0.7526310207
8508.01 0.7529433067
8508.84 0.7532537675
8509.67 0.7535651345
8510.50 0.7533721437
8511.33 0.7528473534
8512.15 0.7523222825
8512.98 0.7517944999
8513.81 0.7512695371
8514.64 0.7507410138
8515.48 0.7502133854
8516.30 0.7496883257
8517.14 0.7491597034
8517.97 0.7486329894
8518.80 0.7481065666
8519.62 0.7475806995
8520.46 0.7482817281
8521.29 0.7499987177
8522.12 0.7517118868
8522.94 0.7534048173
8523.78 0.7551187119
8524.61 0.7568214212
8525.44 0.7585308860
8526.27 0.7602391496
8527.10 0.7619352072
8527.93 0.7636397975
8528.77 0.7653460638
8529.60 0.7670389239
8530.43 0.7665007228
8531.26 0.7638710878
8532.09 0.7612302130
8532.93 0.7585907477
8533.75 0.7559807411
8534.58 0.7533446232
8535.42 0.7507112744
8536.25 0.7480962449
8537.08 0.7454674251
8537.91 0.7428557505
8538.75 0.7402329855
8539.58 0.7376112172
8540.41 0.7366947508
8541.25 0.7375135551
8542.08 0.7383249628
8542.91 0.7391432961
8543.74 0.7399578787
8544.57 0.7407637841
8545.41 0.7415782339
8546.24 0.7423923205
8547.07 0.7431997649
8547.91 0.7440121944
8548.74 0.7448239190
8549.57 0.7456316267
8550.41 0.7464741424
8551.24 0.7473449311
8552.07 0.7482180921
8552.91 0.7490924265
8553.74 0.7499611391
8554.58 0.7508350229
8555.41 0.7517017567
8556.24 0.7525653379
8557.08 0.7534348551
8557.91 0.7542980693
8558.74 0.7551656066
8559.58 0.7560331329
8560.41 0.7566552107
8561.25 0.7570366463
8562.08 0.7574191602
8562.92 0.7577964552
8563.75 0.7581730454
8564.59 0.7585531928
8565.42 0.7589321267
8566.26 0.7593103562
8567.09 0.7596847022
8567.92 0.7600613556
8568.76 0.7604382341
8569.59 0.7608127786
8570.43 0.7595071604
8571.26 0.7566381569
8572.10 0.7537544955
8572.94 0.7508737362
8573.77 0.7480109127
8574.61 0.7451313840
8575.44 0.7422717501
8576.28 0.7393992297
8577.12 0.7365276636
8577.95 0.7336894341
8578.79 0.7308208046
8579.63 0.7279527058
8580.46 0.7276190729
8581.30 0.7293443545
8582.14 0.7310681736
8582.97 0.7327814274
8583.81 0.7344992559
8584.64 0.7362075347
8585.48 0.7379238771
8586.32 0.7396276883
8587.16 0.7413396514
8588.00 0.7430512555
8588.83 0.7447597743
8589.66 0.7464486785
8590.50 0.7461086326
8591.34 0.7444098952
8592.18 0.7427010283
8593.02 0.7409943677
8593.85 0.7392984258
8594.69 0.7375945630
8595.53 0.7358889057
8596.37 0.7341947408
8597.21 0.7324940137
8598.04 0.7308015466
8598.88 0.7291021736
8599.72 0.7274118312
8600.56 0.7267433660
8601.40 0.7265918799
8602.23 0.7264406954
8603.07 0.7262874168
8603.91 0.7261366521
8604.75 0.7259851665
8605.59 0.7258335477
8606.43 0.7256813738
8607.27 0.7255283073
8608.10 0.7253738335
8608.94 0.7252201648
8609.78 0.7250663648
8610.63 0.7247341013
8611.46 0.7243443402
8612.30 0.7239501262
8613.14 0.7235556493
8613.98 0.7231642469
8614.82 0.7227705292
8615.66 0.7223781784
8616.50 0.7219826543
8617.34 0.7215874676
8618.18 0.7211940774
8619.02 0.7207994778
8619.86 0.7204082134
8620.70 0.7207134215
8621.54 0.7211606694
8622.38 0.7216017710
8623.22 0.7220454926
8624.06 0.7224896272
8624.90 0.7229282038
8625.74 0.7233710289
8626.59 0.7238135866
8627.42 0.7242522064
8628.27 0.7246920872
8629.10 0.7251290547
8629.95 0.7255647179
8630.79 0.7253332606
8631.63 0.7250557188
8632.48 0.7247778522
8633.32 0.7245000063
8634.15 0.7242245854
8635.00 0.7239462584
8635.83 0.7236694979
8636.68 0.7233910348
8637.52 0.7231126764
8638.36 0.7228355398
8639.21 0.7225558450
8640.05 0.7222188862
8640.89 0.7209684719
8641.73 0.7197139402
8642.57 0.7184650669
8643.42 0.7172096714
8644.26 0.7159547875
8645.10 0.7147134673
8645.94 0.7134602991
8646.79 0.7122066979
8647.63 0.7109615071
8648.47 0.7097091899
8649.31 0.7084626332
8650.16 0.7075230184
8651.00 0.7079203803
8651.85 0.7083135389
8652.69 0.7087083039
8653.53 0.7091032028
8654.38 0.7094967035
8655.22 0.7098900104
8656.06 0.7102787000
8656.91 0.7106728228
8657.75 0.7110650320
8658.59 0.7114528571
8659.44 0.7118435651
8660.28 0.7120105114
8661.13 0.7117331643
8661.97 0.7114535032
8662.81 0.7111759387
8663.66 0.7108967388
8664.50 0.7106191213
8665.35 0.7103400430
8666.20 0.7100608147
8667.04 0.7097819397
8667.88 0.7095054461
8668.73 0.7092251471
8669.57 0.7089478155
8670.42 0.7082150120
8671.26 0.7070169262
8672.11 0.7058235999
8672.95 0.7046251015
8673.80 0.7034286759
8674.65 0.7022398505
8675.49 0.7010501842
8676.34 0.6998543092
8677.18 0.6986610247
8678.03 0.6974667196
8678.87 0.6962896843
8679.72 0.6950960012
8680.56 0.6948115154
8681.41 0.6949787545
8682.26 0.6951458350
8683.10 0.6953107275
8683.95 0.6954769919
8684.80 0.6956430974
8685.64 0.6958072723
8686.49 0.6959720447
8687.34 0.6961360790
8688.19 0.6963001944
8689.03 0.6964608904
8689.87 0.6966230298
8690.72 0.6962204320
8691.57 0.6957173273
8692.42 0.6952172305
8693.27 0.6947156139
8694.11 0.6942159915
8694.96 0.6937146697
8695.81 0.6932134952
8696.66 0.6927112144
8697.51 0.6922078288
8698.35 0.6917095433
8699.20 0.6912071488
8700.05 0.6906803306
8700.89 0.6897432148
8701.74 0.6887960109
8702.59 0.6878514548
8703.44 0.6869115601
8704.29 0.6859666096
8705.14 0.6850230929
8705.98 0.6840840835
8706.84 0.6831423221
8707.68 0.6822050705
8708.53 0.6812630178
8709.38 0.6803262301
8710.23 0.6798221753
8711.08 0.6804990616
8711.93 0.6811750313
8712.77 0.6818396396
8713.63 0.6825137736
8714.47 0.6831842664
8715.32 0.6838564860
8716.18 0.6845265703
8717.02 0.6851924138
8717.88 0.6858612568
8718.73 0.6865314349
8719.57 0.6871937405
8720.43 0.6869400189
8721.27 0.6857731264
8722.12 0.6846022380
8722.98 0.6834298895
8723.82 0.6822714805
8724.67 0.6811012439
8725.52 0.6799314658
8726.37 0.6787671797
8727.23 0.6775982946
8728.07 0.6764380441
8728.93 0.6752692742
8729.78 0.6741045201
8730.63 0.6736408573
8731.48 0.6734219196
8732.33 0.6732059155
8733.18 0.6729866845
8734.04 0.6727662820
8734.88 0.6725492856
8735.73 0.6723295512
8736.59 0.6721096551
8737.44 0.6718913198
8738.29 0.6716719380
8739.15 0.6714513551
8739.99 0.6712332966
8740.85 0.6710663919
8741.70 0.6708992411
8742.55 0.6707326887
8743.41 0.6705666108
8744.26 0.6704009609
8745.11 0.6702332328
8745.96 0.6700674928
8746.81 0.6699002243
8747.67 0.6697315799
8748.51 0.6695641441
8749.37 0.6693957452
8750.23 0.6689840770
8751.08 0.6678903209
8751.93 0.6667923738
8752.79 0.6656930823
8753.64 0.6646013268
8754.49 0.6635113527
8755.34 0.6624153615
8756.20 0.6613198488
8757.05 0.6602275693
8757.90 0.6591436839
8758.76 0.6580506938
8759.61 0.6569648399
8760.46 0.6567983675
8761.32 0.6574175890
8762.17 0.6580305522
8763.03 0.6586489476
8763.88 0.6592641395
8764.73 0.6598737762
8765.59 0.6604876191
8766.44 0.6610991075
8767.30 0.6617134253
8768.16 0.6623256898
8769.00 0.6629280715
8769.86 0.6635397663
8770.72 0.6634044344
8771.57 0.6631238840
8772.43 0.6628418188
8773.28 0.6625616557
8774.14 0.6622805743
8774.99 0.6619983063
8775.85 0.6617185388
8776.70 0.6614361357
8777.56 0.6611550046
8778.42 0.6608724663
8779.27 0.6605904574
8780.12 0.6602982320
8780.98 0.6599189778
8781.84 0.6595399731
8782.69 0.6591632283
8783.55 0.6587822227
8784.41 0.6584013163
8785.26 0.6580242021
8786.12 0.6576449507
8786.97 0.6572685230
8787.83 0.6568901438
8788.69 0.6565098493
8789.55 0.6561334248
8790.40 0.6557373523
8791.26 0.6553253974
8792.11 0.6549149183
8792.97 0.6545013954
8793.83 0.6540912543
8794.69 0.6536785911
8795.55 0.6532662835
8796.40 0.6528556037
8797.26 0.6524418770
8798.12 0.6520280569
8798.97 0.6516176969
8799.83 0.6512069832
8800.69 0.6512940981
8801.55 0.6515056531
8802.41 0.6517158545
8803.26 0.6519225393
8804.12 0.6521322742
8804.98 0.6523381111
8805.84 0.6525455119
8806.70 0.6527529754
8807.55 0.6529583376
8808.41 0.6531638362
8809.27 0.6533687646
8810.13 0.6534836618
8810.99 0.6530822484
8811.85 0.6526844516
8812.71 0.6522821452
8813.57 0.6518807958
8814.42 0.6514852414
8815.28 0.6510844976
8816.14 0.6506832127
8817.00 0.6502853262
8817.86 0.6498848350
8818.72 0.6494841384
8819.58 0.6490859820
8820.44 0.6487791676
8821.30 0.6485629859
8822.16 0.6483464457
8823.02 0.6481296306
8823.88 0.6479125301
8824.74 0.6476964242
8825.60 0.6474784271
8826.46 0.6472633887
8827.32 0.6470461429
8828.18 0.6468295257
8829.04 0.6466123598
8829.90 0.6463936373
8830.76 0.6461451640
8831.62 0.6458902857
8832.49 0.6456346308
8833.35 0.6453812473
8834.21 0.6451270440
8835.07 0.6448711004
8835.93 0.6446176341
8836.80 0.6443624568
8837.65 0.6441089260
8838.51 0.6438521212
8839.37 0.6435974449
8840.24 0.6434259282
8841.10 0.6434754817
8841.96 0.6435221573
8842.82 0.6435695295
8843.69 0.6436177601
8844.55 0.6436644994
8845.41 0.6437104468
8846.27 0.6437555127
8847.13 0.6437997133
8848.00 0.6438452981
8848.85 0.6438904150
8849.72 0.6439352039
8850.58 0.6435097286
8851.44 0.6428612499
8852.31 0.6422099104
8853.17 0.6415614177
8854.03 0.6409110432
8854.90 0.6402605293
8855.76 0.6396143260
8856.62 0.6389645875
8857.49 0.6383177727
8858.35 0.6376678286
8859.22 0.6370174818
8860.07 0.6364009742
8860.94 0.6360798960
8861.81 0.6357588146
8862.67 0.6354382818
8863.53 0.6351158534
8864.40 0.6347928946
8865.26 0.6344730004
8866.13 0.6341528625
8866.99 0.6338316937
8867.85 0.6335069248
8868.72 0.6331859418
8869.58 0.6328620056
8870.45 0.6323263093
8871.32 0.6315949995
8872.17 0.6308700874
8873.04 0.6301382766
8873.90 0.6294099132
8874.77 0.6286786554
8875.64 0.6279476996
8876.50 0.6272215133
8877.37 0.6264915683
8878.23 0.6257610114
8879.10 0.6250360189
8879.97 0.6243085852
8880.83 0.6240341536
8881.69 0.6237775049
8882.56 0.6235210583
8883.42 0.6232681436
8884.29 0.6230120318
8885.16 0.6227536209
8886.02 0.6224978973
8886.89 0.6222404189
8887.75 0.6219866858
8888.62 0.6217304047
8889.49 0.6214729345
8890.35 0.6211181254
8891.22 0.6206205854
8892.09 0.6201262885
8892.96 0.6196293240
8893.83 0.6191322506
8894.68 0.6186410530
8895.55 0.6181445562
8896.42 0.6176476861
8897.29 0.6171535344
8898.16 0.6166561827
8899.03 0.6161590559
8899.89 0.6156641200
8900.76 0.6156433338
8901.63 0.6156931076
8902.50 0.6157410389
8903.36 0.6157863089
8904.23 0.6158316573
8905.10 0.6158762777
8905.97 0.6159237382
8906.83 0.6159687204
8907.70 0.6160127332
8908.57 0.6160563971
8909.44 0.6160999431
8910.31 0.6154968862
8911.17 0.6137285144
8912.05 0.6119519174
8912.92 0.6101799273
8913.78 0.6084139315
8914.65 0.6066410307
8915.52 0.6048794276
8916.39 0.6031074708
8917.26 0.6013395951
8918.12 0.5995932257
8919.00 0.5978265635
8919.86 0.5960742585
8920.73 0.5955286672
8921.60 0.5952104560
8922.47 0.5948954196
8923.34 0.5945792508
8924.22 0.5942611516
8925.08 0.5939439729
8925.96 0.5936286460
8926.82 0.5933123830
8927.69 0.5929939909
8928.57 0.5926761225
8929.43 0.5923625609
8930.30 0.5922590589
8931.18 0.5925561824
8932.04 0.5928505645
8932.92 0.5931472500
8933.78 0.5934425877
8934.66 0.5937377726
8935.53 0.5940306131
8936.40 0.5943213073
8937.27 0.5946147706
8938.15 0.5949067522
8939.01 0.5951973836
8939.89 0.5954875960
8940.75 0.5949773396
8941.63 0.5943433002
8942.50 0.5937085937
8943.37 0.5930773420
8944.24 0.5924431633
8945.12 0.5918117744
8945.99 0.5911810503
8946.86 0.5905475307
8947.73 0.5899180684
8948.60 0.5892870055
8949.47 0.5886584058
8950.35 0.5879759209
8951.22 0.5872183147
8952.10 0.5864640090
8952.96 0.5857160767
8953.84 0.5849632531
8954.71 0.5842124064
8955.58 0.5834587999
8956.46 0.5827043012
8957.33 0.5819551123
8958.20 0.5812026292
8959.08 0.5804471230
8959.95 0.5797003927
8960.83 0.5786078494
8961.69 0.5775048373
8962.57 0.5763945255
8963.45 0.5752850516
8964.31 0.5741891001
8965.19 0.5730821048
8966.07 0.5719748823
8966.94 0.5708749085
8967.81 0.5697682990
8968.68 0.5686713407
8969.56 0.5675682784
8970.44 0.5671532877
8971.31 0.5674290477
8972.19 0.5677050405
8973.06 0.5679781556
8973.93 0.5682529635
8974.81 0.5685262135
8975.68 0.5687972713
8976.56 0.5690695385
8977.43 0.5693413777
8978.31 0.5696110102
8979.18 0.5698818024
8980.06 0.5701038456
8980.93 0.5696628690
8981.81 0.5692227103
8982.68 0.5687829392
8983.56 0.5683420528
8984.44 0.5679010062
8985.31 0.5674618101
8986.19 0.5670216386
8987.06 0.5665832556
8987.94 0.5661459084
8988.82 0.5657055106
8989.69 0.5652652360
8990.57 0.5651291364
8991.44 0.5651605357
8992.32 0.5651898077
8993.20 0.5652177848
8994.08 0.5652473608
8994.95 0.5652763502
8995.83 0.5653037300
8996.70 0.5653303488
8997.58 0.5653585669
8998.46 0.5653863075
8999.33 0.5654128165
9000.21 0.5654549948
9001.09 0.5655471005
9001.97 0.5656425342
9002.85 0.5657350316
9003.72 0.5658269545
9004.60 0.5659200018
9005.48 0.5660095133
9006.35 0.5660979769
9007.24 0.5661886356
9008.11 0.5662763090
9008.99 0.5663649015
9009.87 0.5664542413
9010.74 0.5662113900
9011.62 0.5659063571
9012.50 0.5656021204
9013.38 0.5653007153
9014.26 0.5649968745
9015.14 0.5646945263
9016.02 0.5643900094
9016.90 0.5640869680
9017.77 0.5637825968
9018.66 0.5634776013
9019.53 0.5631759772
9020.41 0.5627848232
9021.30 0.5622948877
9022.17 0.5618138165
9023.05 0.5613276931
9023.93 0.5608379765
9024.81 0.5603521356
9025.69 0.5598656330
9026.57 0.5593785499
9027.45 0.5588934668
9028.33 0.5584062343
9029.21 0.5579220147
9030.09 0.5574329603
9030.97 0.5569410531
9031.85 0.5564517462
9032.73 0.5559593576
9033.61 0.5554663866
9034.49 0.5549804217
9035.37 0.5544888498
9036.25 0.5539985377
9037.13 0.5535078274
9038.01 0.5530162046
9038.89 0.5525271254
9039.78 0.5520336775
9040.66 0.5517095065
9041.54 0.5514440300
9042.42 0.5511785525
9043.30 0.5509122422
9044.18 0.5506450627
9045.07 0.5503745328
9045.94 0.5501106532
9046.83 0.5498435548
9047.71 0.5495772007
9048.59 0.5493107494
9049.47 0.5490413717
9050.35 0.5485649331
9051.24 0.5477711789
9052.12 0.5469762432
9053.00 0.5461883756
9053.89 0.5453976248
9054.77 0.5446107755
9055.65 0.5438188881
9056.54 0.5430277634
9057.41 0.5422473933
9058.30 0.5414574963
9059.18 0.5406674943
9060.06 0.5399254517
9060.95 0.5397624274
9061.83 0.5396017855
9062.71 0.5394397862
9063.60 0.5392766954
9064.48 0.5391161697
9065.36 0.5389548815
9066.25 0.5387929848
9067.13 0.5386286479
9068.02 0.5384613626
9068.90 0.5382966116
9069.78 0.5381345198
9070.67 0.5382877305
9071.55 0.5385460515
9072.43 0.5388055780
9073.32 0.5390626579
9074.20 0.5393181911
9075.09 0.5395729820
9075.98 0.5398259236
9076.86 0.5400807062
9077.75 0.5403340555
9078.63 0.5405846578
9079.51 0.5408364062
9080.40 0.5403558248
9081.28 0.5390092780
9082.17 0.5376485322
9083.05 0.5362947756
9083.94 0.5349336897
9084.83 0.5335740070
9085.71 0.5322237492
9086.60 0.5308678383
9087.48 0.5295137553
9088.37 0.5281662482
9089.25 0.5268130264
9090.14 0.5256584059
9091.03 0.5255281394
9091.92 0.5253960031
9092.79 0.5252650877
9093.68 0.5251334207
9094.57 0.5249997676
9095.45 0.5248663884
9096.34 0.5247332617
9097.23 0.5246017615
9098.12 0.5244668825
9099.00 0.5243317544
9099.89 0.5241982530
9100.78 0.5234071726
9101.66 0.5225261936
9102.55 0.5216412608
9103.44 0.5207574410
9104.32 0.5198834232
9105.21 0.5189974025
9106.10 0.5181149885
9106.99 0.5172367108
9107.88 0.5163566407
9108.77 0.5154758471
9109.65 0.5145991930
9110.54 0.5147472432
9111.43 0.5155535721
9112.32 0.5163635255
9113.21 0.5171711890
9114.09 0.5179736250
9114.98 0.5187802285
9115.87 0.5195837847
9116.75 0.5203771602
9117.65 0.5211766721
9118.53 0.5219708935
9119.42 0.5227687993
9120.31 0.5230432904
9121.20 0.5223639231
9122.09 0.5216832867
9122.98 0.5209987103
9123.87 0.5203194581
9124.76 0.5196379074
9125.65 0.5189596704
9126.54 0.5182786480
9127.43 0.5175961260
9128.31 0.5169215216
9129.21 0.5162417566
9130.10 0.5155248784
9130.99 0.5145168436
9131.88 0.5135040540
9132.76 0.5124977790
9133.66 0.5114875058
9134.55 0.5104762667
9135.44 0.5094710593
9136.33 0.5084631533
9137.22 0.5074551519
9138.11 0.5064528038
9139.00 0.5054470515
9139.89 0.5044533669
9140.78 0.5042974327
9141.67 0.5042638651
9142.56 0.5042297336
9143.45 0.5041949360
9144.35 0.5041602323
9145.24 0.5041254532
9146.13 0.5040907167
9147.02 0.5040519364
9147.91 0.5040165677
9148.81 0.5039806936
9149.70 0.5039434394
9150.59 0.5039208617
9151.49 0.5039050714
9152.37 0.5038889900
9153.26 0.5038724132
9154.15 0.5038533161
9155.05 0.5038361690
9155.94 0.5038170485
9156.83 0.5037998724
9157.73 0.5037811077
9158.62 0.5037589525
9159.51 0.5037371079
9160.41 0.5034328498
9161.30 0.5027929817
9162.19 0.5021488957
9163.09 0.5015039118
9163.97 0.5008664186
9164.87 0.5002232899
9165.76 0.4995828053
9166.66 0.4989399519
9167.55 0.4982975628
9168.44 0.4976582563
9169.34 0.4970153795
9170.23 0.4965050242
9171.12 0.4963641043
9172.02 0.4962244546
9172.91 0.4960836797
9173.81 0.4959404652
9174.70 0.4957977046
9175.59 0.4956574211
9176.49 0.4955145863
9177.39 0.4953701852
9178.28 0.4952261872
9179.17 0.4950827483
9180.07 0.4949231736
9180.96 0.4945738636
9181.86 0.4942228380
9182.75 0.4938734302
9183.65 0.4935224682
9184.55 0.4931709896
9185.44 0.4928218417
9186.34 0.4924705340
9187.23 0.4921228753
9188.12 0.4917708124
9189.02 0.4914200371
9189.91 0.4910694631
9190.81 0.4909581551
9191.71 0.4908694963
9192.60 0.4907805973
9193.50 0.4906907386
9194.40 0.4906020596
9195.29 0.4905132941
9196.19 0.4904229148
9197.09 0.4903316952
9197.98 0.4902392945
9198.88 0.4901477401
9199.77 0.4900567197
9200.67 0.4900996845
9201.57 0.4901880649
9202.46 0.4902772667
9203.36 0.4903664766
9204.26 0.4904532924
9205.16 0.4905400553
9206.06 0.4906271528
9206.95 0.4907092850
9207.85 0.4907950820
9208.75 0.4908799656
9209.65 0.4909638074
9210.55 0.4906519907
9211.44 0.4900909216
9212.34 0.4895239673
9213.24 0.4889582624
9214.13 0.4883930473
9215.03 0.4878271030
9215.93 0.4872632931
9216.83 0.4866990276
9217.73 0.4861322290
9218.62 0.4855677876
9219.52 0.4850031635
9220.42 0.4846454374
9221.32 0.4845140584
9222.22 0.4843821487
9223.11 0.4842534125
9224.02 0.4841214333
9224.92 0.4839918347
9225.81 0.4838611165
9226.72 0.4837273868
9227.62 0.4835941703
9228.51 0.4834639488
9229.42 0.4833319817
9230.31 0.4830958233
9231.22 0.4826660704
9232.12 0.4822383677
9233.01 0.4818134351
9233.92 0.4813834036
9234.82 0.4809562988
9235.71 0.4805316533
9236.61 0.4801016180
9237.51 0.4796756758
9238.41 0.4792482014
9239.32 0.4788195875
9240.21 0.4783914458
9241.12 0.4779497342
9242.02 0.4775077041
9242.92 0.4770726361
9243.82 0.4766311887
9244.72 0.4761941120
9245.62 0.4757546735
9246.53 0.4753148651
9247.42 0.4748797229
9248.32 0.4744397255
9249.22 0.4739997544
9250.13 0.4736442653
9251.03 0.4738222886
9251.93 0.4739956807
9252.83 0.4741682535
9253.74 0.4743444273
9254.64 0.4745157442
9255.54 0.4746872906
9256.44 0.4748580546
9257.34 0.4750280498
9258.25 0.4751966930
9259.15 0.4753653973
9260.05 0.4755180701
9260.95 0.4754183508
9261.85 0.4753199983
9262.76 0.4752207728
9263.66 0.4751218132
9264.56 0.4750217046
9265.47 0.4749210677
9266.37 0.4748206456
9267.27 0.4747185226
9268.18 0.4746150954
9269.08 0.4745118317
9269.99 0.4744088459
9270.88 0.4738695789
9271.79 0.4733185302
9272.69 0.4727668645
9273.60 0.4722184623
9274.50 0.4716671150
9275.41 0.4711170297
9276.31 0.4705691070
9277.22 0.4700165828
9278.12 0.4694700328
9279.02 0.4689192573
9279.93 0.4683705722
9280.83 0.4677506110
9281.74 0.4671202865
9282.65 0.4664925392
9283.55 0.4658714347
9284.45 0.4652432000
9285.35 0.4646192761
9286.26 0.4639930374
9287.17 0.4633657891
9288.07 0.4627436829
9288.98 0.4621162225
9289.89 0.4614889069
9290.79 0.4613600334
9291.70 0.4613003821
9292.60 0.4612422189
9293.51 0.4611817477
9294.41 0.4611199025
9295.31 0.4610588160
9296.22 0.4609972766
9297.13 0.4609347880
9298.03 0.4608756239
9298.94 0.4608103293
9299.85 0.4607445880
9300.76 0.4603037649
9301.67 0.4597838101
9302.57 0.4592684760
9303.48 0.4587518967
9304.39 0.4582341012
9305.29 0.4577189929
9306.20 0.4572004248
9307.10 0.4566884990
9308.01 0.4561708680
9308.92 0.4556508641
9309.82 0.4551377016
9310.73 0.4549549406
9311.64 0.4548530162
9312.55 0.4547498907
9313.46 0.4546450915
9314.36 0.4545414035
9315.27 0.4544362692
9316.18 0.4543308775
9317.09 0.4542243330
9318.00 0.4541193880
9318.91 0.4540117256
9319.81 0.4539062501
9320.72 0.4533263300
9321.63 0.4526276664
9322.54 0.4519258238
9323.45 0.4512241125
9324.35 0.4505275096
9325.27 0.4498258815
9326.18 0.4491256746
9327.08 0.4484297958
9328.00 0.4477317948
9328.90 0.4470378466
9329.81 0.4463387724
9330.73 0.4458509239
9331.63 0.4454215840
9332.54 0.4449914721
9333.44 0.4445635745
9334.36 0.4441313832
9335.27 0.4436994240
9336.18 0.4432679196
9337.09 0.4428343395
9338.00 0.4424029345
9338.91 0.4419739291
9339.82 0.4415431247
9340.73 0.4412295005
9341.64 0.4409438143
9342.55 0.4406594946
9343.46 0.4403742779
9344.37 0.4400861772
9345.28 0.4397985674
9346.19 0.4395153814
9347.10 0.4392270873
9348.01 0.4389399302
9348.93 0.4386495615
9349.84 0.4383641778
9350.75 0.4379202754
9351.66 0.4374434758
9352.58 0.4369646283
9353.49 0.4364890137
9354.40 0.4360110754
9355.30 0.4355367881
9356.22 0.4350578128
9357.13 0.4345798483
9358.04 0.4341043785
9358.96 0.4336264894
9359.87 0.4331468754
9360.78 0.4326860835
9361.69 0.4322251926
9362.60 0.4317672668
9363.52 0.4313053908
9364.43 0.4308439270
9365.34 0.4303854761
9366.26 0.4299252083
9367.17 0.4294682332
9368.08 0.4290100473
9369.00 0.4285475822
9369.91 0.4280908726
9370.82 0.4276451591
9371.74 0.4271996745
9372.65 0.4267580466
9373.56 0.4263132082
9374.48 0.4258696681
9375.39 0.4254285935
9376.31 0.4249826797
9377.22 0.4245428107
9378.14 0.4240974983
9379.05 0.4236559944
9379.96 0.4232150603
9380.87 0.4226113838
9381.79 0.4220011664
9382.70 0.4213936203
9383.62 0.4207842647
9384.53 0.4201770690
9385.45 0.4195660645
9386.36 0.4189585603
9387.28 0.4183540553
9388.19 0.4177432727
9389.11 0.4171345512
9390.02 0.4165374847
9390.94 0.4162312881
9391.85 0.4159224226
9392.77 0.4156112417
9393.69 0.4153011090
9394.60 0.4149915247
9395.52 0.4146795793
9396.43 0.4143692411
9397.35 0.4140600108
9398.27 0.4137464625
9399.18 0.4134354632
9400.10 0.4130742701
9401.02 0.4122927055
9401.93 0.4115151896
9402.85 0.4107358204
9403.76 0.4099602663
9404.68 0.4091856286
9405.60 0.4084069425
9406.51 0.4076347840
9407.43 0.4068568975
9408.35 0.4060799267
9409.26 0.4053087350
9410.18 0.4043616798
9411.10 0.4027191804
9412.02 0.4010858896
9412.94 0.3994458127
9413.85 0.3978205886
9414.77 0.3961862950
9415.69 0.3945544316
9416.60 0.3929453818
9417.52 0.3913177128
9418.44 0.3897029094
9419.35 0.3880826293
9420.28 0.3869967267
9421.19 0.3871547501
9422.11 0.3873119230
9423.03 0.3874677187
9423.95 0.3876221699
9424.87 0.3877746492
9425.78 0.3879269451
9426.71 0.3880778288
9427.63 0.3882256105
9428.54 0.3883732820
9429.46 0.3885194246
9430.38 0.3883179926
9431.30 0.3876362570
9432.22 0.3869498610
9433.14 0.3862686863
9434.06 0.3855817276
9434.98 0.3849001962
9435.90 0.3842186420
9436.82 0.3835315811
9437.74 0.3828491076
9438.66 0.3821702193
9439.58 0.3814883475
9440.49 0.3807603853
9441.42 0.3799771837
9442.34 0.3791957867
9443.26 0.3784196440
9444.18 0.3776384894
9445.10 0.3768574557
9446.02 0.3760855711
9446.94 0.3753042191
9447.86 0.3745326205
9448.78 0.3737576918
9449.71 0.3729801157
9450.62 0.3722456919
9451.55 0.3715234365
9452.47 0.3708069796
9453.39 0.3700915399
9454.31 0.3693719334
9455.23 0.3686586914
9456.15 0.3679401962
9457.08 0.3672232404
9458.00 0.3665070684
9458.92 0.3657962865
9459.84 0.3650797727
9460.76 0.3642565661
9461.69 0.3634047324
9462.61 0.3625606149
9463.53 0.3617137810
9464.46 0.3608662118
9465.37 0.3600276571
9466.30 0.3591834031
9467.22 0.3583389773
9468.14 0.3574995388
9469.07 0.3566558962
9469.99 0.3558197769
9470.91 0.3554226611
9471.84 0.3550313366
9472.76 0.3546386527
9473.68 0.3542474809
9474.61 0.3538553435
9475.53 0.3534652271
9476.46 0.3530732425
9477.37 0.3526849913
9478.30 0.3522920327
9479.22 0.3519009260
9480.15 0.3514557579
9481.07 0.3507276210
9482.00 0.3499954627
9482.92 0.3492734012
9483.85 0.3485451370
9484.77 0.3478210887
9485.69 0.3470939375
9486.62 0.3463675568
9487.54 0.3456486697
9488.47 0.3449239673
9489.40 0.3441996083
9490.31 0.3436389776
9491.24 0.3433712313
9492.16 0.3431057490
9493.09 0.3428376031
9494.02 0.3425677047
9494.94 0.3422986599
9495.87 0.3420314662
9496.80 0.3417616728
9497.72 0.3414922051
9498.65 0.3412214463
9499.57 0.3409512958
9500.50 0.3407103925
9501.42 0.3404969021
9502.35 0.3402811039
9503.27 0.3400634586
9504.20 0.3398481642
9505.13 0.3396310221
9506.06 0.3394143963
9506.98 0.3391938335
9507.91 0.3389745659
9508.84 0.3387566980
9509.76 0.3385374366
9510.69 0.3384571294
9511.62 0.3384224304
9512.55 0.3383862349
9513.48 0.3383494603
9514.40 0.3383119980
9515.32 0.3382731804
9516.25 0.3382338185
9517.18 0.3381931330
9518.11 0.3381528939
9519.03 0.3381093499
9519.96 0.3380699309
9520.90 0.3378403282
9521.82 0.3376061799
9522.75 0.3373702461
9523.68 0.3371348260
9524.61 0.3369028221
9525.54 0.3366664480
9526.46 0.3364310488
9527.39 0.3361937554
9528.32 0.3359557722
9529.25 0.3357201447
9530.18 0.3354503947
9531.11 0.3350484757
9532.03 0.3346494836
9532.97 0.3342466152
9533.89 0.3338516710
9534.82 0.3334502991
9535.75 0.3330502949
9536.68 0.3326517327
9537.61 0.3322498585
9538.55 0.3318473322
9539.47 0.3314511798
9540.40 0.3305430338
9541.33 0.3289663197
9542.26 0.3273894300
9543.19 0.3258108074
9544.12 0.3242450699
9545.05 0.3226749343
9545.98 0.3211067222
9546.91 0.3195508356
9547.84 0.3179911170
9548.77 0.3164385864
9549.71 0.3148833577
9550.63 0.3126013691
9551.56 0.3099798890
9552.50 0.3073529428
9553.43 0.3047283496
9554.36 0.3021229302
9555.29 0.2995106535
9556.22 0.2969184438
9557.15 0.2943173240
9558.09 0.2917205823
9559.02 0.2891470162
9559.95 0.2865602751
9560.89 0.2825206858
9561.81 0.2784373444
9562.75 0.2743366614
9563.67 0.2702935430
9564.61 0.2662138334
9565.54 0.2621443261
9566.47 0.2581049394
9567.41 0.2540555111
9568.34 0.2500138161
9569.27 0.2460067600
9570.21 0.2417913266
9571.14 0.2369287861
9572.07 0.2320525266
9573.01 0.2271908487
9573.94 0.2223629328
9574.87 0.2175221239
9575.80 0.2127207573
9576.73 0.2079304458
9577.67 0.2031283935
9578.60 0.1983631111
9579.54 0.1935802256
9580.47 0.1886270511
9581.40 0.1835240932
9582.34 0.1784136242
9583.27 0.1733122386
9584.21 0.1682538609
9585.14 0.1631820149
9586.08 0.1581504543
9587.01 0.1531077772
9587.95 0.1480810557
9588.88 0.1431196355
9589.81 0.1381209911
9590.75 0.1337316946
9591.68 0.1295316639
9592.62 0.1253161076
9593.55 0.1211333859
9594.49 0.1169402276
9595.43 0.1127584974
9596.36 0.1086098000
9597.30 0.1044504881
9598.23 0.1003235512
9599.17 0.0961868324
9600.10 0.0921721392
9601.03 0.0889547514
9601.97 0.0857269801
9602.91 0.0825081024
9603.84 0.0793167040
9604.78 0.0761149298
9605.71 0.0729371140
9606.65 0.0697520535
9607.59 0.0665758020
9608.52 0.0634242258
9609.46 0.0602614244
9610.40 0.0575319531
9611.34 0.0553870691
9612.28 0.0532347937
9613.20 0.0511133659
9614.15 0.0489727194
9615.08 0.0468388802
9616.02 0.0447217284
9616.96 0.0425999218
9617.90 0.0404837045
9618.83 0.0383846435
9619.77 0.0362784432
9620.71 0.0347833318
9621.65 0.0334742432
9622.59 0.0321704192
9623.52 0.0308757935
9624.46 0.0295781015
9625.40 0.0282843329
9626.33 0.0270090791
9627.27 0.0257214297
9628.21 0.0244456288
9629.15 0.0231671357
9630.09 0.0219390103
9631.03 0.0211658591
9631.97 0.0203899436
9632.91 0.0196164054
9633.85 0.0188498402
9634.79 0.0180804741
9635.72 0.0173174527
9636.67 0.0165526164
9637.61 0.0157890876
9638.54 0.0150372548
9639.48 0.0142781142
9640.42 0.0136502696
9641.36 0.0131841549
9642.30 0.0127175231
9643.24 0.0122541391
9644.18 0.0117897920
9645.12 0.0113268695
9646.06 0.0108676342
9647.00 0.0104075021
9647.94 0.0099488173
9648.88 0.0094937391
9649.83 0.0090372918
9650.76 0.0087124752
9651.70 0.0084141647
9652.65 0.0081164174
9653.58 0.0078210203
9654.53 0.0075249468
9655.47 0.0072297518
9656.41 0.0069368974
9657.35 0.0066433470
9658.29 0.0063522245
9659.23 0.0060604139
9660.18 0.0057901809
9661.12 0.0056126231
9662.06 0.0054345175
9663.00 0.0052569395
9663.94 0.0050819008
9664.88 0.0049053517
9665.82 0.0047302852
9666.77 0.0045548483
9667.71 0.0043799139
9668.65 0.0042064436
9669.60 0.0040324307
9670.54 0.0038920885
9671.48 0.0037773209
9672.42 0.0036624551
9673.36 0.0035483903
9674.31 0.0034340754
9675.26 0.0033201346
9676.19 0.0032078075
9677.14 0.0030944329
9678.08 0.0029821013
9679.02 0.0028695194
