1162.00 0.0707844229
1162.22 0.0723046706
1162.45 0.0738521690
1162.67 0.0754170825
1162.90 0.0770089605
1163.12 0.0786087684
1163.35 0.0802335155
1163.57 0.0818713909
1163.80 0.0835313530
1164.02 0.0852197246
1164.24 0.0869426309
1164.47 0.0886886313
1164.69 0.0904625916
1164.92 0.0922610107
1165.14 0.0940830782
1165.37 0.0959249532
1165.59 0.0977959452
1165.82 0.0996858762
1166.04 0.1016002101
1166.27 0.1035400345
1166.49 0.1055109002
1166.72 0.1075057164
1166.94 0.1095212748
1167.17 0.1115743494
1167.39 0.1136418308
1167.62 0.1157338247
1167.84 0.1178538867
1168.07 0.1200058842
1168.30 0.1221782236
1168.52 0.1243830104
1168.75 0.1266157257
1168.97 0.1288692161
1169.20 0.1311571165
1169.42 0.1334660551
1169.65 0.1358087730
1169.88 0.1381741354
1170.10 0.1405386106
1170.33 0.1429004144
1170.55 0.1452899598
1170.78 0.1476996357
1171.00 0.1501359666
1171.23 0.1526137013
1171.46 0.1551053335
1171.68 0.1576255464
1171.91 0.1601718379
1172.13 0.1627553334
1172.36 0.1653653050
1172.59 0.1679978198
1172.81 0.1706669058
1173.04 0.1733558326
1173.27 0.1760821536
1173.49 0.1788312285
1173.72 0.1816153441
1173.94 0.1844223986
1174.17 0.1872396224
1174.40 0.1900951352
1174.62 0.1929641940
1174.85 0.1958627900
1175.08 0.1986277636
1175.31 0.2011190448
1175.53 0.2036170062
1175.76 0.2061379950
1175.99 0.2086876104
1176.21 0.2112604295
1176.44 0.2138484657
1176.67 0.2164587682
1176.89 0.2190995122
1177.12 0.2217396579
1177.35 0.2243947358
1177.58 0.2270735947
1177.80 0.2297673749
1178.03 0.2324964616
1178.26 0.2352685662
1178.48 0.2380712534
1178.71 0.2408911540
1178.94 0.2437345698
1179.17 0.2465850450
1179.39 0.2494515211
1179.62 0.2523336324
1179.85 0.2552393544
1180.08 0.2581501928
1180.31 0.2610001763
1180.53 0.2638715686
1180.76 0.2667741400
1180.99 0.2696925889
1181.22 0.2725981689
1181.44 0.2755328078
1181.67 0.2784891294
1181.90 0.2814690744
1182.13 0.2844839097
1182.36 0.2875466010
1182.59 0.2906222738
1182.81 0.2937221877
1183.04 0.2968383229
1183.27 0.2999566956
1183.50 0.3030994304
1183.73 0.3062546911
1183.96 0.3094514992
1184.18 0.3126874252
1184.41 0.3159530298
1184.64 0.3192436095
1184.87 0.3225672883
1185.10 0.3258903412
1185.33 0.3292146042
1185.56 0.3325818869
1185.79 0.3359641533
1186.01 0.3393641536
1186.24 0.3428266184
1186.47 0.3463256649
1186.70 0.3498394935
1186.93 0.3533786733
1187.16 0.3569262965
1187.39 0.3604839628
1187.62 0.3640585025
1187.85 0.3676675106
1188.08 0.3713161661
1188.31 0.3750117878
1188.53 0.3787332137
1188.76 0.3824806196
1188.99 0.3862658240
1189.22 0.3900236742
1189.45 0.3938172354
1189.68 0.3976473591
1189.91 0.4014847388
1190.14 0.4051902124
1190.37 0.4088208190
1190.60 0.4124853610
1190.83 0.4161598462
1191.06 0.4198462714
1191.29 0.4235402773
1191.52 0.4272361015
1191.75 0.4309539360
1191.98 0.4347052710
1192.21 0.4385240555
1192.44 0.4423591136
1192.67 0.4462172349
1192.90 0.4501106084
1193.13 0.4539997211
1193.36 0.4578792637
1193.59 0.4617810458
1193.82 0.4657158604
1194.05 0.4696868458
1194.28 0.4737104889
1194.51 0.4777706491
1194.74 0.4818437180
1194.97 0.4859396965
1195.20 0.4900257602
1195.43 0.4941281615
1195.66 0.4982430776
1195.90 0.5023838684
1196.13 0.5065995865
1196.36 0.5108442295
1196.59 0.5151105479
1196.82 0.5194034802
1197.05 0.5237359121
1197.28 0.5280212306
1197.51 0.5323351476
1197.74 0.5366827385
1197.97 0.5410442672
1198.21 0.5454956849
1198.44 0.5499642995
1198.67 0.5544743459
1198.90 0.5589952505
1199.13 0.5634885017
1199.36 0.5679579814
1199.59 0.5724371543
1199.83 0.5769428126
1200.06 0.5811511651
1200.29 0.5843984905
1200.52 0.5876390279
1200.75 0.5908904061
1200.98 0.5941722332
1201.22 0.5973884684
1201.45 0.6006099769
1201.68 0.6038433148
1201.91 0.6070948561
1202.14 0.6103495696
1202.38 0.6136223367
1202.61 0.6169051532
1202.84 0.6201911536
1203.07 0.6235158711
1203.30 0.6268884394
1203.54 0.6302801029
1203.77 0.6336736822
1204.00 0.6370781835
1204.23 0.6404379699
1204.46 0.6438089577
1204.70 0.6471802594
1204.93 0.6505714496
1205.16 0.6539752578
1205.40 0.6573803335
1205.63 0.6607951466
1205.86 0.6642200810
1206.09 0.6676660290
1206.33 0.6711139151
1206.56 0.6745822818
1206.79 0.6780609647
1207.03 0.6815517747
1207.26 0.6850422401
1207.49 0.6885538722
1207.72 0.6920686152
1207.96 0.6955913157
1208.19 0.6991269057
1208.42 0.7026929850
1208.66 0.7062512610
1208.89 0.7098313371
1209.12 0.7134105118
1209.36 0.7170107497
1209.59 0.7206153852
1209.82 0.7242280026
1210.06 0.7278668074
1210.29 0.7315245178
1210.52 0.7352021912
1210.76 0.7388903365
1210.99 0.7425916592
1211.22 0.7462946866
1211.46 0.7500080261
1211.69 0.7537437945
1211.93 0.7574816092
1212.16 0.7612294148
1212.39 0.7650008073
1212.63 0.7687845148
1212.86 0.7725793574
1213.10 0.7763737923
1213.33 0.7801932132
1213.56 0.7840109477
1213.80 0.7878424600
1214.03 0.7916851326
1214.27 0.7955511860
1214.50 0.7994297454
1214.73 0.8033077578
1214.97 0.8072219111
1215.20 0.8110510773
1215.44 0.8148805012
1215.67 0.8187224166
1215.91 0.8225869320
1216.14 0.8260423732
1216.38 0.8292519427
1216.61 0.8324689780
1216.85 0.8356827013
1217.08 0.8388807429
1217.32 0.8420216825
1217.55 0.8451751976
1217.79 0.8483260582
1218.02 0.8514837039
1218.26 0.8546541025
1218.49 0.8578314608
1218.73 0.8610043458
1218.96 0.8641841929
1219.20 0.8672372455
1219.43 0.8702470856
1219.67 0.8732623339
1219.90 0.8762913430
1220.14 0.8782462960
1220.38 0.8794680790
1220.61 0.8806870574
1220.85 0.8819119772
1221.08 0.8830709859
1221.32 0.8841153295
1221.55 0.8851588479
1221.79 0.8862048636
1222.02 0.8872494941
1222.26 0.8882953538
1222.50 0.8893477027
1222.73 0.8903959019
1222.97 0.8914451048
1223.20 0.8924945820
1223.44 0.8935516809
1223.68 0.8946040644
1223.91 0.8956576196
1224.15 0.8967155767
1224.38 0.8977736426
1224.62 0.8988302177
1224.86 0.8998913663
1225.09 0.9008391605
1225.33 0.9016199436
1225.57 0.9024035303
1225.80 0.9031876861
1226.04 0.9039539994
1226.28 0.9046452306
1226.51 0.9053347557
1226.75 0.9060263855
1226.99 0.9067164748
1227.22 0.9074957923
1227.46 0.9082828550
1227.70 0.9090703210
1227.93 0.9098563534
1228.17 0.9106431225
1228.41 0.9114345448
1228.64 0.9122215456
1228.88 0.9130095245
1229.12 0.9137526815
1229.36 0.9144460849
1229.59 0.9151400969
1229.83 0.9158372275
1230.07 0.9165236857
1230.31 0.9171836608
1230.54 0.9178424834
1230.78 0.9185037445
1231.02 0.9191557402
1231.26 0.9197209228
1231.49 0.9202851729
1231.73 0.9208514923
1231.97 0.9214181293
1232.21 0.9220666167
1232.44 0.9227318676
1232.68 0.9233945465
1232.92 0.9240564952
1233.16 0.9247193801
1233.40 0.9253844648
1233.63 0.9260480597
1233.87 0.9267121773
1234.11 0.9273349386
1234.35 0.9279039052
1234.59 0.9284721828
1234.83 0.9290401067
1235.06 0.9296366477
1235.30 0.9303021486
1235.54 0.9309685090
1235.78 0.9316350571
1236.02 0.9322983447
1236.26 0.9328677530
1236.49 0.9334401666
1236.73 0.9340110534
1236.97 0.9345820052
1237.21 0.9352385005
1237.45 0.9359093987
1237.69 0.9365793081
1237.93 0.9372486492
1238.16 0.9379202831
1238.40 0.9385933696
1238.64 0.9392657197
1238.88 0.9399374170
1239.12 0.9405599276
1239.36 0.9411330542
1239.60 0.9417063320
1239.84 0.9422800981
1240.08 0.9428478611
1240.32 0.9433954456
1240.56 0.9439451130
1240.80 0.9444941613
1241.04 0.9450271482
1241.28 0.9454766263
1241.52 0.9459256145
1241.76 0.9463761431
1241.99 0.9468266063
1242.23 0.9473735519
1242.47 0.9479251182
1242.71 0.9484754748
1242.95 0.9490271566
1243.19 0.9495772024
1243.43 0.9501302706
1243.67 0.9506809382
1243.91 0.9512328502
1244.15 0.9517212842
1244.39 0.9521740462
1244.63 0.9526251311
1244.87 0.9530775042
1245.12 0.9535788375
1245.36 0.9541315229
1245.60 0.9546846892
1245.84 0.9552381672
1246.08 0.9557944188
1246.32 0.9563483517
1246.56 0.9569024271
1246.80 0.9574585998
1247.04 0.9579981261
1247.28 0.9584522968
1247.52 0.9589052939
1247.76 0.9593598420
1248.00 0.9598130461
1248.24 0.9603711056
1248.48 0.9609287094
1248.72 0.9614854379
1248.96 0.9620417094
1249.21 0.9625131907
1249.45 0.9629683788
1249.69 0.9634231610
1249.93 0.9638780470
1250.17 0.9645425943
1250.41 0.9652895411
1250.65 0.9660372144
1250.89 0.9667849340
1251.13 0.9675340611
1251.38 0.9682829875
1251.62 0.9690328889
1251.86 0.9697837820
1252.10 0.9704894271
1252.34 0.9711361726
1252.59 0.9717807866
1252.83 0.9724273753
1253.07 0.9731018239
1253.31 0.9738520638
1253.55 0.9746061965
1253.79 0.9753559232
1254.04 0.9760911248
1254.28 0.9767381771
1254.52 0.9773860148
1254.76 0.9780305942
1255.00 0.9786781770
1255.25 0.9794320462
1255.49 0.9801836456
1255.73 0.9809352912
1255.97 0.9816888618
1256.22 0.9824436029
1256.46 0.9831980499
1256.70 0.9839507358
1256.94 0.9847057896
1257.19 0.9853768420
1257.43 0.9860231126
1257.67 0.9866700013
1257.91 0.9873198036
1258.16 0.9880360018
1258.40 0.9887919365
1258.64 0.9895482605
1258.89 0.9903029196
1259.13 0.9909999865
1259.37 0.9916473389
1259.61 0.9922958952
1259.86 0.9929429145
1260.10 0.9933975907
1260.34 0.9935739041
1260.59 0.9937511714
1260.83 0.9939274731
1261.07 0.9941039404
1261.32 0.9942797158
1261.56 0.9944559998
1261.80 0.9946321063
1262.05 0.9947877121
1262.29 0.9948554090
1262.54 0.9949227142
1262.78 0.9949903146
1263.02 0.9950674859
1263.27 0.9952429549
1263.51 0.9954182458
1263.75 0.9955944903
1264.00 0.9957700409
1264.24 0.9958379539
1264.48 0.9959044432
1264.73 0.9959709835
1264.97 0.9960368595
1265.22 0.9962005932
1265.46 0.9963752315
1265.71 0.9965512659
1265.95 0.9967263343
1266.19 0.9969021834
1266.44 0.9970774109
1266.68 0.9972522873
1266.93 0.9974279444
1267.17 0.9975250852
1267.42 0.9975900545
1267.66 0.9976547045
1267.91 0.9977197475
1268.15 0.9978521756
1268.40 0.9980271878
1268.64 0.9982014064
1268.88 0.9983764049
1269.13 0.9984926364
1269.38 0.9985561651
1269.62 0.9986199131
1269.87 0.9986832659
1270.11 0.9987664330
1270.36 0.9988733996
1270.60 0.9989806788
1270.85 0.9990881928
1271.09 0.9991948873
1271.34 0.9993015488
1271.58 0.9994087902
1271.83 0.9995152123
1272.07 0.9995889043
1272.32 0.9995838205
1272.56 0.9995791931
1272.81 0.9995736104
1273.05 0.9995928826
1273.30 0.9996987639
1273.55 0.9998059162
1273.79 0.9999116381
1274.04 1.0000000000
1274.28 0.9999945762
1274.53 0.9999881172
1274.78 0.9999819279
1275.02 0.9999749681
1275.27 0.9999684515
1275.51 0.9999609005
1275.76 0.9999539730
1276.01 0.9999463576
1276.25 0.9999391857
1276.50 0.9999316784
1276.75 0.9999240933
1276.99 0.9999159947
1277.24 0.9999078188
1277.48 0.9998995655
1277.73 0.9998909748
1277.98 0.9998826537
1278.22 0.9998734724
1278.47 0.9998644739
1278.72 0.9998550495
1278.96 0.9998456348
1279.21 0.9998365760
1279.46 0.9998265693
1279.70 0.9998171802
1279.95 0.9998065838
1280.20 0.9996717674
1280.45 0.9995050465
1280.69 0.9993389672
1280.94 0.9991720596
1281.19 0.9990917767
1281.43 0.9990384920
1281.68 0.9989849382
1281.93 0.9989311152
1282.18 0.9988772788
1282.42 0.9988223936
1282.67 0.9987687150
1282.92 0.9987135453
1283.17 0.9986587228
1283.41 0.9986045833
1283.66 0.9985490466
1283.91 0.9984936685
1284.16 0.9984379409
1284.40 0.9983828953
1284.65 0.9983267839
1284.90 0.9982704978
1285.15 0.9981456025
1285.40 0.9979741823
1285.65 0.9978034753
1285.89 0.9976323760
1286.14 0.9975256037
1286.39 0.9974685528
1286.64 0.9974112300
1286.89 0.9973529604
1287.13 0.9972952693
1287.38 0.9972374813
1287.63 0.9971793471
1287.88 0.9971207663
1288.13 0.9970623374
1288.38 0.9970035633
1288.63 0.9969445900
1288.88 0.9968858700
1289.12 0.9968260009
1289.37 0.9967669111
1289.62 0.9967069513
1289.87 0.9966466148
1290.12 0.9965212626
1290.37 0.9963236622
1290.62 0.9961251396
1290.87 0.9959255522
1291.12 0.9957803524
1291.36 0.9956973688
1291.61 0.9956139960
1291.86 0.9955295700
1292.11 0.9954457404
1292.36 0.9953619803
1292.61 0.9952773018
1292.86 0.9951928677
1293.11 0.9951080846
1293.36 0.9950234367
1293.61 0.9949379779
1293.86 0.9948525227
1294.11 0.9947669609
1294.36 0.9946817732
1294.61 0.9945958215
1294.86 0.9945094109
1295.11 0.9944226678
1295.36 0.9943366343
1295.61 0.9942506697
1295.86 0.9941629495
1296.11 0.9940250093
1296.36 0.9938212951
1296.61 0.9936172521
1296.86 0.9934124115
1297.11 0.9932578088
1297.36 0.9931695901
1297.61 0.9930812637
1297.86 0.9929930651
1298.11 0.9929042284
1298.36 0.9928154013
1298.61 0.9927259366
1298.86 0.9926365981
1299.11 0.9925470936
1299.36 0.9924577717
1299.62 0.9923675770
1299.87 0.9922773938
1300.12 0.9921300476
1300.37 0.9919142519
1300.62 0.9916973484
1300.87 0.9914816473
1301.12 0.9912656120
1301.37 0.9910477034
1301.62 0.9908305919
1301.87 0.9906135535
1302.12 0.9903958788
1302.38 0.9901781709
1302.63 0.9899594198
1302.88 0.9897418020
1303.13 0.9895836999
1303.38 0.9894828950
1303.63 0.9893822049
1303.88 0.9892817565
1304.14 0.9891159267
1304.39 0.9888963372
1304.64 0.9886755252
1304.89 0.9884549577
1305.14 0.9882341009
1305.39 0.9880128132
1305.65 0.9877907033
1305.90 0.9875691902
1306.15 0.9873468936
1306.40 0.9871250164
1306.66 0.9869028470
1306.91 0.9866793630
1307.16 0.9864561630
1307.41 0.9862332930
1307.66 0.9860084854
1307.92 0.9857842716
1308.17 0.9856404482
1308.42 0.9855351513
1308.67 0.9854298769
1308.93 0.9853243109
1309.18 0.9851346336
1309.43 0.9849074125
1309.68 0.9846823455
1309.94 0.9844555147
1310.19 0.9842329389
1310.44 0.9840114902
1310.70 0.9837904173
1310.95 0.9835690075
1311.20 0.9833463690
1311.45 0.9831246415
1311.71 0.9829011496
1311.96 0.9826766416
1312.21 0.9824539012
1312.47 0.9822306448
1312.72 0.9820070508
1312.97 0.9817827954
1313.23 0.9816667551
1313.48 0.9815625654
1313.73 0.9814574019
1313.99 0.9813529857
1314.24 0.9811324893
1314.50 0.9809075439
1314.75 0.9806810078
1315.00 0.9804546384
1315.26 0.9802279304
1315.51 0.9800013002
1315.76 0.9797739139
1316.02 0.9795456802
1316.27 0.9793178503
1316.53 0.9790891150
1316.78 0.9788611138
1317.04 0.9786329519
1317.29 0.9784037072
1317.54 0.9781743536
1317.80 0.9779449919
1318.05 0.9777395138
1318.31 0.9776303153
1318.56 0.9775215401
1318.81 0.9774124710
1319.07 0.9772694291
1319.32 0.9770384729
1319.58 0.9768069963
1319.83 0.9765759187
1320.09 0.9763455765
1320.34 0.9761190228
1320.60 0.9758926473
1320.85 0.9756663325
1321.11 0.9754389386
1321.36 0.9752119233
1321.62 0.9749841897
1321.87 0.9747566927
1322.13 0.9745282795
1322.38 0.9742997413
1322.64 0.9740713844
1322.89 0.9738417876
1323.15 0.9736840083
1323.40 0.9735772103
1323.66 0.9734701496
1323.91 0.9733627638
1324.17 0.9731735059
1324.43 0.9729426894
1324.68 0.9727115308
1324.94 0.9724800167
1325.19 0.9721558865
1325.45 0.9718003870
1325.70 0.9714448694
1325.96 0.9710891189
1326.22 0.9708366987
1326.47 0.9706037721
1326.73 0.9703697810
1326.98 0.9701363493
1327.24 0.9699014917
1327.50 0.9696677351
1327.75 0.9694332744
1328.01 0.9691982974
1328.27 0.9689618854
1328.52 0.9687267557
1328.78 0.9684907466
1329.03 0.9682383009
1329.29 0.9678772223
1329.55 0.9675164696
1329.80 0.9671555063
1330.06 0.9668230965
1330.32 0.9665874596
1330.57 0.9663527453
1330.83 0.9661169612
1331.09 0.9658799318
1331.35 0.9656440043
1331.60 0.9654071887
1331.86 0.9651703920
1332.12 0.9649328883
1332.37 0.9646957648
1332.63 0.9644584780
1332.89 0.9642188510
1333.14 0.9639794238
1333.40 0.9637409205
1333.66 0.9635015251
1333.92 0.9632623313
1334.17 0.9629389646
1334.43 0.9625729307
1334.69 0.9622079591
1334.95 0.9618411359
1335.20 0.9615737957
1335.46 0.9613313316
1335.72 0.9610898053
1335.98 0.9608484707
1336.23 0.9606062522
1336.49 0.9603636708
1336.75 0.9601207593
1337.01 0.9598780376
1337.27 0.9596331404
1337.53 0.9593886323
1337.78 0.9591446862
1338.04 0.9588800006
1338.30 0.9585088722
1338.56 0.9581384284
1338.82 0.9577670423
1339.07 0.9574307581
1339.33 0.9571840707
1339.59 0.9569379594
1339.85 0.9566907563
1340.11 0.9564433862
1340.37 0.9561960470
1340.62 0.9559487240
1340.88 0.9557004888
1341.14 0.9554529984
1341.40 0.9552040641
1341.66 0.9549556922
1341.92 0.9547060583
1342.18 0.9543682753
1342.44 0.9539921339
1342.70 0.9536154110
1342.96 0.9532370107
1343.21 0.9529650757
1343.47 0.9527141594
1343.73 0.9524614086
1343.99 0.9522097907
1344.25 0.9519574336
1344.51 0.9517043826
1344.77 0.9514524196
1345.03 0.9511995808
1345.29 0.9509465741
1345.55 0.9506922760
1345.81 0.9504379917
1346.07 0.9501496978
1346.33 0.9497663506
1346.59 0.9493844327
1346.85 0.9490002816
1347.11 0.9486710560
1347.37 0.9484143789
1347.63 0.9481584485
1347.89 0.9479016454
1348.15 0.9476442156
1348.41 0.9473865235
1348.67 0.9471291813
1348.93 0.9468710872
1349.19 0.9466128224
1349.45 0.9463546030
1349.71 0.9460956632
1349.97 0.9458367370
1350.23 0.9454608183
1350.49 0.9450731127
1350.75 0.9446839361
1351.01 0.9443003832
1351.27 0.9440394072
1351.54 0.9437774888
1351.80 0.9435157290
1352.06 0.9432253715
1352.32 0.9428345616
1352.58 0.9424415071
1352.84 0.9420480466
1353.10 0.9417062577
1353.36 0.9414428584
1353.62 0.9411778147
1353.88 0.9409131097
1354.15 0.9405762664
1354.41 0.9401819380
1354.67 0.9397845811
1354.93 0.9393892551
1355.19 0.9390896851
1355.45 0.9388231549
1355.71 0.9385558541
1355.98 0.9382887943
1356.24 0.9379021793
1356.50 0.9375035381
1356.76 0.9371056428
1357.02 0.9367065063
1357.29 0.9363062704
1357.55 0.9359067823
1357.81 0.9355075756
1358.07 0.9351428680
1358.33 0.9348710039
1358.60 0.9346006783
1358.86 0.9343303638
1359.12 0.9339981396
1359.38 0.9335952282
1359.64 0.9331928839
1359.91 0.9327897603
1360.17 0.9324699691
1360.43 0.9321970336
1360.69 0.9319233686
1360.96 0.9316487329
1361.22 0.9312629760
1361.48 0.9308573011
1361.74 0.9304512158
1362.01 0.9300483087
1362.27 0.9297725709
1362.53 0.9294969698
1362.80 0.9292205112
1363.06 0.9289124294
1363.32 0.9285042832
1363.59 0.9280936849
1363.85 0.9276839104
1364.11 0.9273305527
1364.38 0.9270525099
1364.64 0.9267728062
1364.90 0.9264936683
1365.16 0.9261317352
1365.43 0.9257190197
1365.69 0.9253058897
1365.96 0.9248919734
1366.22 0.9245895625
1366.48 0.9243088289
1366.75 0.9240268024
1367.01 0.9237392745
1367.27 0.9233245657
1367.54 0.9229089328
1367.80 0.9224922091
1368.07 0.9221089317
1368.33 0.9218255545
1368.60 0.9215406965
1368.86 0.9212569630
1369.12 0.9209106751
1369.39 0.9204926710
1369.65 0.9200729471
1369.92 0.9196534780
1370.18 0.9193246010
1370.45 0.9190361959
1370.71 0.9187486925
1370.97 0.9184608237
1371.24 0.9180514834
1371.50 0.9176294962
1371.77 0.9172069055
1372.03 0.9167993066
1372.30 0.9165093535
1372.56 0.9162185516
1372.83 0.9159282088
1373.09 0.9155902815
1373.36 0.9151650921
1373.62 0.9147403376
1373.89 0.9143147905
1374.15 0.9139643248
1374.42 0.9136711439
1374.68 0.9133786123
1374.95 0.9130857129
1375.21 0.9126818285
1375.48 0.9122538605
1375.74 0.9118252856
1376.01 0.9113950817
1376.28 0.9109654788
1376.54 0.9105342450
1376.81 0.9101029638
1377.07 0.9097088052
1377.34 0.9094120282
1377.60 0.9091152467
1377.87 0.9088170695
1378.14 0.9084512365
1378.40 0.9080178000
1378.67 0.9075839462
1378.93 0.9071484483
1379.20 0.9067147781
1379.47 0.9062804978
1379.73 0.9058437310
1380.00 0.9054084175
1380.27 0.9051047364
1380.53 0.9048024677
1380.80 0.9044993559
1381.06 0.9041617842
1381.33 0.9037230381
1381.60 0.9032823637
1381.86 0.9028421136
1382.13 0.9024007762
1382.40 0.9019580729
1382.66 0.9015167358
1382.93 0.9010752494
1383.20 0.9007330369
1383.46 0.9004254327
1383.73 0.9001191482
1384.00 0.8998119255
1384.27 0.8993689716
1384.53 0.8989231436
1384.80 0.8984785834
1385.07 0.8980663725
1385.34 0.8977566984
1385.60 0.8974468373
1385.87 0.8971372727
1386.14 0.8967568299
1386.40 0.8963085659
1386.67 0.8958607355
1386.94 0.8954124776
1387.21 0.8949613092
1387.47 0.8945121943
1387.74 0.8940615972
1388.01 0.8936175549
1388.28 0.8933031714
1388.55 0.8929904884
1388.81 0.8926764087
1389.08 0.8923202792
1389.35 0.8918668258
1389.62 0.8914133946
1389.89 0.8909607811
1390.16 0.8905028957
1390.42 0.8900463952
1390.69 0.8895896527
1390.96 0.8891314155
1391.23 0.8887911164
1391.50 0.8884710584
1391.77 0.8881506218
1392.04 0.8878102576
1392.30 0.8873493871
1392.57 0.8868893399
1392.84 0.8864290499
1393.11 0.8859668795
1393.38 0.8855057910
1393.65 0.8850440129
1393.92 0.8845807964
1394.18 0.8842122619
1394.45 0.8838884648
1394.72 0.8835618859
1394.99 0.8832373269
1395.26 0.8827765238
1395.53 0.8823122509
1395.80 0.8818450758
1396.07 0.8813797436
1396.34 0.8809125187
1396.61 0.8804446672
1396.88 0.8799763791
1397.15 0.8795856887
1397.42 0.8792571179
1397.69 0.8789276537
1397.96 0.8785989471
1398.23 0.8781520932
1398.50 0.8776810951
1398.77 0.8772099060
1399.04 0.8767393080
1399.31 0.8762687098
1399.58 0.8757944933
1399.85 0.8753228290
1400.12 0.8749095649
1400.39 0.8745731556
1400.66 0.8742358960
1400.93 0.8738984403
1401.20 0.8734585963
1401.47 0.8729786831
1401.74 0.8724989519
1402.01 0.8720246401
1402.28 0.8716864864
1402.55 0.8713464201
1402.82 0.8710066811
1403.09 0.8705990064
1403.36 0.8700545529
1403.63 0.8695132122
1403.90 0.8689709786
1404.17 0.8684264171
1404.45 0.8678823896
1404.72 0.8673387617
1404.99 0.8667949044
1405.26 0.8663853595
1405.53 0.8659807095
1405.80 0.8655771774
1406.07 0.8651355629
1406.35 0.8645885616
1406.62 0.8640410927
1406.89 0.8634948383
1407.16 0.8629479266
1407.43 0.8623992474
1407.70 0.8618514024
1407.97 0.8613002934
1408.25 0.8608805978
1408.52 0.8604733196
1408.79 0.8600668146
1409.06 0.8596274762
1409.33 0.8590743158
1409.61 0.8585242933
1409.88 0.8579736111
1410.15 0.8574169319
1410.42 0.8568610916
1410.69 0.8563035987
1410.97 0.8557455063
1411.24 0.8553128151
1411.51 0.8548968162
1411.78 0.8544813310
1412.06 0.8540351171
1412.33 0.8534762750
1412.60 0.8529154528
1412.87 0.8523543501
1413.15 0.8517940937
1413.42 0.8512335585
1413.69 0.8506729616
1413.96 0.8501101618
1414.24 0.8496715213
1414.51 0.8492526547
1414.78 0.8488310846
1415.06 0.8483817233
1415.33 0.8478187760
1415.60 0.8472551633
1415.88 0.8466893446
1416.15 0.8461251706
1416.42 0.8455591942
1416.70 0.8449925501
1416.97 0.8444252204
1417.24 0.8439873424
1417.52 0.8435646376
1417.79 0.8431405667
1418.06 0.8426842393
1418.34 0.8421165683
1418.61 0.8415472802
1418.88 0.8409775163
1419.16 0.8404921981
1419.43 0.8400660863
1419.71 0.8396410988
1419.98 0.8392143398
1420.25 0.8386494427
1420.53 0.8380728567
1420.80 0.8374946540
1421.08 0.8369177017
1421.35 0.8363381450
1421.63 0.8357573516
1421.90 0.8351791559
1422.17 0.8346921598
1422.45 0.8342567650
1422.72 0.8338219077
1423.00 0.8333868211
1423.27 0.8328084623
1423.55 0.8322245994
1423.82 0.8316433458
1424.10 0.8310606498
1424.37 0.8304786302
1424.65 0.8298947764
1424.92 0.8293125732
1425.19 0.8288328103
1425.47 0.8283937056
1425.74 0.8279549522
1426.02 0.8275045238
1426.30 0.8269184650
1426.57 0.8263315381
1426.85 0.8257464581
1427.12 0.8251607029
1427.40 0.8245732971
1427.67 0.8239869669
1427.95 0.8233999612
1428.22 0.8229297861
1428.50 0.8224869547
1428.78 0.8220446755
1429.05 0.8215743570
1429.33 0.8209836723
1429.60 0.8203944574
1429.88 0.8198049451
1430.15 0.8192929541
1430.43 0.8188407950
1430.71 0.8183882164
1430.98 0.8179367646
1431.26 0.8173457090
1431.54 0.8167453955
1431.81 0.8161463604
1432.09 0.8155466441
1432.37 0.8149454518
1432.64 0.8143451511
1432.92 0.8137424150
1433.19 0.8132440540
1433.47 0.8127881167
1433.75 0.8123335025
1434.02 0.8118644150
1434.30 0.8112597122
1434.58 0.8106566865
1434.85 0.8100537380
1435.13 0.8095166394
1435.41 0.8090595487
1435.68 0.8086025903
1435.96 0.8081450047
1436.24 0.8075564855
1436.52 0.8069510962
1436.79 0.8063452180
1437.07 0.8057365054
1437.35 0.8051302350
1437.63 0.8045211024
1437.90 0.8039136570
1438.18 0.8034003599
1438.46 0.8029398482
1438.73 0.8024787081
1439.01 0.8020090817
1439.29 0.8013984454
1439.57 0.8007883574
1439.85 0.8001763770
1440.12 0.7996267741
1440.40 0.7991562358
1440.68 0.7986845101
1440.96 0.7982130978
1441.24 0.7976112617
1441.52 0.7969909359
1441.79 0.7963705075
1442.07 0.7957854379
1442.35 0.7953105559
1442.63 0.7948370014
1442.91 0.7943630090
1443.18 0.7937886381
1443.46 0.7931655368
1443.74 0.7925417440
1444.02 0.7919158439
1444.30 0.7912896427
1444.58 0.7906634914
1444.86 0.7900383023
1445.14 0.7894835237
1445.41 0.7890071017
1445.69 0.7885294983
1445.97 0.7880509729
1446.25 0.7874383497
1446.53 0.7868094054
1446.81 0.7861815829
1447.09 0.7855976926
1447.37 0.7851188749
1447.65 0.7846394206
1447.93 0.7841599199
1448.21 0.7835674689
1448.49 0.7829375491
1448.77 0.7823029428
1449.05 0.7816725652
1449.33 0.7810397174
1449.61 0.7804079997
1449.88 0.7797741527
1450.16 0.7792242700
1450.44 0.7787328460
1450.72 0.7782402430
1451.00 0.7777445184
1451.28 0.7770997811
1451.56 0.7764565139
1451.84 0.7758107687
1452.12 0.7752320009
1452.40 0.7747381435
1452.68 0.7742436429
1452.96 0.7737471157
1453.24 0.7731200955
1453.53 0.7724727492
1453.81 0.7718245017
1454.09 0.7712248539
1454.37 0.7707269150
1454.65 0.7702307044
1454.93 0.7697320679
1455.21 0.7691216274
1455.49 0.7684736155
1455.77 0.7678243727
1456.05 0.7672000356
1456.33 0.7667018286
1456.62 0.7662011931
1456.90 0.7657010311
1457.18 0.7651054353
1457.46 0.7644543810
1457.74 0.7638013619
1458.02 0.7631605966
1458.30 0.7626584826
1458.58 0.7621573801
1458.87 0.7616547644
1459.15 0.7610737851
1459.43 0.7604184180
1459.71 0.7597642055
1459.99 0.7591080206
1460.27 0.7585906184
1460.56 0.7580772538
1460.84 0.7575607755
1461.12 0.7569821208
1461.40 0.7563158156
1461.68 0.7556450637
1461.97 0.7549782507
1462.25 0.7544447605
1462.53 0.7539289908
1462.81 0.7534116099
1463.10 0.7528428349
1463.38 0.7521739599
1463.66 0.7515030950
1463.94 0.7508333926
1464.22 0.7501635754
1464.51 0.7494913671
1464.79 0.7488188430
1465.07 0.7481867366
1465.35 0.7476679243
1465.64 0.7471474846
1465.92 0.7466264771
1466.20 0.7459964289
1466.49 0.7453243101
1466.77 0.7446467987
1467.05 0.7440021802
1467.34 0.7434808743
1467.62 0.7429596198
1467.90 0.7424353275
1468.19 0.7418133238
1468.47 0.7411381021
1468.75 0.7404597686
1469.04 0.7398032950
1469.32 0.7392797967
1469.60 0.7387549456
1469.89 0.7382300364
1470.17 0.7376074979
1470.45 0.7369164709
1470.74 0.7362251218
1471.02 0.7355467547
1471.31 0.7350102390
1471.59 0.7344733624
1471.87 0.7339335173
1472.16 0.7333106267
1472.44 0.7326194546
1472.73 0.7319256542
1473.01 0.7312370438
1473.29 0.7306981874
1473.58 0.7301594696
1473.86 0.7296187801
1474.15 0.7289997459
1474.43 0.7283058254
1474.72 0.7276094697
1475.00 0.7269118790
1475.29 0.7263710802
1475.57 0.7258287051
1475.86 0.7252871805
1476.14 0.7246697995
1476.42 0.7239733270
1476.71 0.7232770226
1476.99 0.7225760639
1477.28 0.7220307981
1477.57 0.7214858708
1477.85 0.7209409665
1478.13 0.7203234589
1478.42 0.7196247172
1478.71 0.7189239266
1478.99 0.7182243368
1479.28 0.7176747050
1479.56 0.7171281097
1479.85 0.7165806457
1480.13 0.7160274815
1480.42 0.7154693388
1480.70 0.7149107266
1480.99 0.7143499118
1481.28 0.7136409619
1481.56 0.7129259650
1481.85 0.7122069662
1482.13 0.7115643560
1482.42 0.7110022890
1482.71 0.7104419686
1482.99 0.7098794376
1483.28 0.7091664038
1483.56 0.7084492842
1483.85 0.7077320371
1484.14 0.7070869942
1484.42 0.7065228045
1484.71 0.7059587475
1485.00 0.7053955603
1485.28 0.7046764352
1485.57 0.7039571118
1485.86 0.7032351033
1486.14 0.7025933381
1486.43 0.7020291703
1486.72 0.7014627103
1487.00 0.7008935525
1487.29 0.7001704644
1487.58 0.6994485309
1487.87 0.6987265354
1488.15 0.6980858353
1488.44 0.6975187951
1488.73 0.6969525609
1489.01 0.6963838917
1489.30 0.6958151530
1489.59 0.6952459396
1489.88 0.6946799791
1490.16 0.6940131491
1490.45 0.6932726324
1490.74 0.6925315749
1491.03 0.6918083124
1491.31 0.6912239691
1491.60 0.6906394057
1491.89 0.6900541014
1492.18 0.6893730846
1492.47 0.6886305678
1492.75 0.6878890232
1493.04 0.6871691804
1493.33 0.6865844153
1493.62 0.6859993206
1493.91 0.6854124299
1494.20 0.6847185763
1494.48 0.6839757757
1494.77 0.6832326380
1495.06 0.6825199152
1495.35 0.6819333097
1495.64 0.6813448490
1495.93 0.6807574860
1496.21 0.6800510598
1496.50 0.6793036056
1496.79 0.6785560154
1497.08 0.6778553213
1497.37 0.6772668741
1497.66 0.6766764061
1497.95 0.6760856148
1498.24 0.6754963790
1498.53 0.6749066189
1498.82 0.6743154437
1499.11 0.6736660883
1499.39 0.6729178991
1499.68 0.6721695753
1499.97 0.6714184652
1500.26 0.6708008617
1500.55 0.6701966816
1500.84 0.6695903810
1501.13 0.6689117304
1501.42 0.6681461906
1501.71 0.6673825158
1502.00 0.6666187018
1502.29 0.6660113189
1502.58 0.6654048084
1502.87 0.6647970605
1503.16 0.6641883811
1503.45 0.6635814620
1503.74 0.6629724187
1504.03 0.6623481594
1504.32 0.6615798171
1504.61 0.6608135536
1504.90 0.6600469455
1505.19 0.6593829875
1505.48 0.6587743856
1505.77 0.6581634524
1506.06 0.6575524669
1506.36 0.6569416321
1506.65 0.6563316889
1506.94 0.6557218721
1507.23 0.6549853237
1507.52 0.6542166638
1507.81 0.6534468149
1508.10 0.6527293771
1508.39 0.6521166216
1508.68 0.6515036025
1508.97 0.6508921233
1509.26 0.6501352224
1509.56 0.6493620085
1509.85 0.6485904813
1510.14 0.6478894633
1510.43 0.6472643540
1510.72 0.6466393655
1511.01 0.6460155089
1511.31 0.6453883130
1511.60 0.6447640837
1511.89 0.6441397718
1512.18 0.6434146212
1512.47 0.6426307255
1512.76 0.6418460548
1513.06 0.6410896615
1513.35 0.6404623719
1513.64 0.6398345866
1513.93 0.6392085703
1514.22 0.6385824709
1514.52 0.6379542288
1514.81 0.6373277570
1515.10 0.6366457745
1515.39 0.6358569402
1515.69 0.6350677533
1515.98 0.6342802693
1516.27 0.6336404939
1516.56 0.6330105362
1516.86 0.6323804940
1517.15 0.6316709305
1517.44 0.6308820032
1517.73 0.6300908700
1518.03 0.6293146633
1518.32 0.6286834761
1518.61 0.6280517919
1518.91 0.6274222960
1519.20 0.6267923038
1519.49 0.6261599555
1519.79 0.6255295903
1520.08 0.6248538686
1520.37 0.6240529489
1520.67 0.6232518795
1520.96 0.6224527335
1521.25 0.6217918482
1521.55 0.6211511425
1521.84 0.6205099357
1522.13 0.6198703047
1522.43 0.6192303815
1522.72 0.6185891146
1523.02 0.6179380335
1523.31 0.6171370890
1523.60 0.6163359879
1523.90 0.6155297544
1524.19 0.6148332436
1524.49 0.6141921895
1524.78 0.6135506473
1525.07 0.6129073356
1525.37 0.6122654021
1525.66 0.6116198276
1525.96 0.6109777214
1526.25 0.6101972896
1526.55 0.6093934674
1526.84 0.6085871972
1527.14 0.6078551298
1527.43 0.6072116599
1527.72 0.6065662165
1528.02 0.6059208751
1528.32 0.6052767324
1528.61 0.6046326926
1528.90 0.6039864877
1529.20 0.6032305754
1529.49 0.6024242392
1529.79 0.6016179418
1530.09 0.6008547557
1530.38 0.6002030190
1530.68 0.5995530680
1530.97 0.5989009227
1531.27 0.5982507971
1531.56 0.5976001682
1531.86 0.5969492442
1532.15 0.5962965391
1532.45 0.5956437174
1532.74 0.5949923230
1533.04 0.5943143052
1533.34 0.5935004944
1533.63 0.5926871301
1533.93 0.5918730217
1534.22 0.5911795105
1534.52 0.5905249531
1534.82 0.5898726041
1535.11 0.5892178381
1535.41 0.5885626000
1535.71 0.5879093628
1536.00 0.5872543679
1536.30 0.5864362810
1536.60 0.5856203784
1536.89 0.5848039089
1537.19 0.5840882260
1537.48 0.5834318151
1537.78 0.5827774075
1538.08 0.5821208209
1538.38 0.5814635189
1538.67 0.5808078441
1538.97 0.5801524602
1539.27 0.5794967801
1539.56 0.5788389194
1539.86 0.5781809277
1540.16 0.5774353375
1540.46 0.5766131143
1540.75 0.5757926705
1541.05 0.5749993225
1541.35 0.5743387352
1541.64 0.5736803665
1541.94 0.5730218635
1542.24 0.5723609656
1542.54 0.5716997695
1542.84 0.5710404230
1543.13 0.5703083773
1543.43 0.5694835990
1543.73 0.5686590379
1544.03 0.5678499680
1544.32 0.5671900301
1544.62 0.5665274846
1544.92 0.5658671624
1545.22 0.5652040216
1545.52 0.5645392115
1545.82 0.5638779963
1546.11 0.5632166944
1546.41 0.5625529926
1546.71 0.5618934105
1547.01 0.5612248484
1547.31 0.5603994836
1547.61 0.5595692206
1547.90 0.5587435555
1548.20 0.5580287031
1548.50 0.5573638047
1548.80 0.5566989674
1549.10 0.5560356409
1549.40 0.5553719550
1549.70 0.5547062855
1550.00 0.5540403178
1550.30 0.5533554981
1550.60 0.5526705838
1550.89 0.5519831892
1551.19 0.5511890190
1551.49 0.5503400635
1551.79 0.5494909508
1552.09 0.5486893170
1552.39 0.5480033080
1552.69 0.5473150236
1552.99 0.5466288261
1553.29 0.5459411255
1553.59 0.5452541056
1553.89 0.5445674149
1554.19 0.5438559666
1554.49 0.5431360304
1554.79 0.5424164102
1555.09 0.5416925903
1555.39 0.5409725440
1555.69 0.5402518323
1555.99 0.5395295925
1556.29 0.5388072445
1556.59 0.5380867714
1556.89 0.5373658472
1557.19 0.5366427542
1557.49 0.5359218834
1557.79 0.5351986554
1558.09 0.5344824448
1558.39 0.5337756667
1558.69 0.5330701415
1558.99 0.5323651532
1559.30 0.5316416626
1559.60 0.5309175113
1559.90 0.5301955867
1560.20 0.5294741926
1560.50 0.5287545173
1560.80 0.5280366067
1561.10 0.5273185065
1561.40 0.5265983039
1561.71 0.5258779956
1562.01 0.5251595823
1562.31 0.5244410655
1562.61 0.5237200179
1562.91 0.5229990775
1563.21 0.5222802490
1563.52 0.5215588868
1563.82 0.5208396387
1564.12 0.5201267892
1564.42 0.5194237187
1564.72 0.5187183298
1565.03 0.5180118968
1565.33 0.5172897062
1565.63 0.5165697534
1565.93 0.5158471418
1566.23 0.5151269821
1566.54 0.5144067194
1566.84 0.5136841246
1567.14 0.5129612117
1567.44 0.5122404254
1567.74 0.5115191100
1568.05 0.5107937526
1568.35 0.5100729825
1568.65 0.5093515710
1568.96 0.5086280343
1569.26 0.5079062041
1569.56 0.5071843815
1569.87 0.5064582950
1570.17 0.5057493960
1570.47 0.5050489461
1570.77 0.5043506431
1571.08 0.5036454095
1571.38 0.5029302497
1571.68 0.5022147766
1571.99 0.5014966386
1572.29 0.5007809661
1572.59 0.5000631599
1572.90 0.4993448248
1573.20 0.4986286391
1573.50 0.4979103170
1573.81 0.4971938204
1574.11 0.4964773367
1574.41 0.4957584999
1574.72 0.4950414901
1575.02 0.4943229809
1575.33 0.4936407086
1575.63 0.4929545771
1575.93 0.4922678305
1576.24 0.4915684466
1576.54 0.4908694189
1576.85 0.4901658936
1577.15 0.4894623708
1577.45 0.4887626393
1577.76 0.4880568792
1578.07 0.4873565088
1578.37 0.4866709782
1578.67 0.4859835229
1578.98 0.4852976056
1579.28 0.4845964457
1579.59 0.4838917564
1579.89 0.4831890314
1580.20 0.4825011338
1580.50 0.4818245418
1580.81 0.4811450728
1581.11 0.4804620803
1581.42 0.4797661877
1581.72 0.4790717502
1582.03 0.4783756788
1582.33 0.4776811523
1582.64 0.4769865377
1582.95 0.4762881314
1583.25 0.4756069044
1583.56 0.4749265409
1583.86 0.4742458789
1584.17 0.4735581563
1584.47 0.4728625916
1584.78 0.4721646512
1585.09 0.4714689928
1585.39 0.4707713058
1585.70 0.4700752551
1586.00 0.4693771752
1586.31 0.4686975599
1586.61 0.4680175683
1586.92 0.4673354956
1587.23 0.4666408199
1587.53 0.4659442515
1587.84 0.4652467322
1588.15 0.4645551729
1588.45 0.4638726778
1588.76 0.4631917532
1589.07 0.4625052791
1589.37 0.4618052444
1589.68 0.4611072090
1589.99 0.4604090868
1590.29 0.4597224136
1590.60 0.4590316194
1590.91 0.4583447069
1591.21 0.4576692532
1591.52 0.4569965350
1591.83 0.4563256880
1592.13 0.4556478359
1592.44 0.4549582794
1592.75 0.4542681368
1593.06 0.4535812289
1593.37 0.4529097726
1593.67 0.4522361403
1593.98 0.4515643151
1594.29 0.4508763696
1594.60 0.4501856542
1594.90 0.4494947893
1595.21 0.4488052951
1595.52 0.4481159362
1595.83 0.4474221282
1596.13 0.4467397673
1596.44 0.4460665090
1596.75 0.4453931131
1597.06 0.4447143350
1597.37 0.4440241210
1597.67 0.4433333904
1597.98 0.4426387257
1598.29 0.4419615831
1598.60 0.4412871307
1598.91 0.4406107041
1599.22 0.4399239208
1599.53 0.4392324897
1599.84 0.4385408162
1600.14 0.4378576035
1600.45 0.4371918301
1600.76 0.4365264212
1601.07 0.4358593086
1601.38 0.4351914154
1601.69 0.4345256281
1602.00 0.4338595515
1602.31 0.4331914423
1602.62 0.4325252226
1602.92 0.4318589319
1603.23 0.4311903898
1603.54 0.4305216083
1603.85 0.4298534084
1604.16 0.4291863959
1604.47 0.4285193615
1604.78 0.4278502914
1605.09 0.4271830658
1605.40 0.4265155516
1605.71 0.4258458303
1606.02 0.4251752096
1606.33 0.4244885225
1606.64 0.4238020209
1606.95 0.4231170990
1607.26 0.4224463533
1607.57 0.4217760170
1607.88 0.4211094147
1608.19 0.4204417794
1608.50 0.4197762607
1608.81 0.4191106720
1609.12 0.4184465040
1609.43 0.4177801199
1609.74 0.4171155959
1610.06 0.4164521385
1610.37 0.4158032470
1610.68 0.4151543325
1610.99 0.4145031646
1611.30 0.4138517143
1611.61 0.4132002381
1611.92 0.4125486611
1612.23 0.4119007123
1612.54 0.4112483529
1612.85 0.4105979046
1613.16 0.4099476137
1613.48 0.4092933796
1613.79 0.4086425244
1614.10 0.4079894124
1614.41 0.4073382138
1614.72 0.4066867664
1615.04 0.4060332796
1615.35 0.4053797297
1615.66 0.4047276241
1615.97 0.4040752373
1616.28 0.4034213102
1616.59 0.4027668503
1616.91 0.4021143068
1617.22 0.4014595019
1617.53 0.4008063943
1617.84 0.4001512447
1618.15 0.3994894306
1618.47 0.3988189674
1618.78 0.3981445251
1619.09 0.3974785482
1619.40 0.3968243982
1619.72 0.3961701868
1620.03 0.3955152771
1620.34 0.3948783516
1620.65 0.3942391908
1620.97 0.3935999740
1621.28 0.3929624654
1621.59 0.3923226964
1621.91 0.3916846364
1622.22 0.3910443154
1622.53 0.3904059247
1622.85 0.3897652722
1623.16 0.3891243626
1623.47 0.3884853651
1623.78 0.3878454119
1624.10 0.3872041147
1624.41 0.3865623197
1624.72 0.3859224406
1625.04 0.3852860433
1625.35 0.3846776816
1625.67 0.3840710459
1625.98 0.3834639114
1626.29 0.3828547594
1626.61 0.3822457861
1626.92 0.3816363412
1627.23 0.3810157621
1627.55 0.3803905015
1627.86 0.3797632003
1628.18 0.3791475859
1628.49 0.3785354928
1628.81 0.3779264247
1629.12 0.3773171047
1629.43 0.3767059801
1629.75 0.3760945910
1630.06 0.3754889143
1630.38 0.3748978321
1630.69 0.3743051716
1631.01 0.3737135849
1631.32 0.3731048739
1631.64 0.3724939101
1631.95 0.3718831324
1632.27 0.3712860698
1632.58 0.3706936338
1632.90 0.3701004927
1633.21 0.3695057717
1633.53 0.3689121184
1633.84 0.3683184350
1634.16 0.3677224979
1634.47 0.3671265250
1634.79 0.3665302942
1635.11 0.3659338054
1635.42 0.3653401706
1635.74 0.3647431675
1636.05 0.3641447938
1636.37 0.3635314749
1636.68 0.3629163330
1637.00 0.3623009268
1637.32 0.3617021791
1637.63 0.3611036166
1637.95 0.3605063598
1638.26 0.3599088434
1638.58 0.3593092834
1638.89 0.3587110327
1639.21 0.3581127440
1639.53 0.3575124092
1639.85 0.3569120385
1640.16 0.3563123012
1640.48 0.3557156583
1640.79 0.3551185358
1641.11 0.3545256136
1641.43 0.3539451676
1641.74 0.3533646871
1642.06 0.3527814995
1642.38 0.3521985072
1642.69 0.3516170507
1643.01 0.3510346830
1643.33 0.3504491292
1643.65 0.3498662596
1643.96 0.3492831289
1644.28 0.3486997472
1644.60 0.3481143133
1644.92 0.3475288507
1645.23 0.3469297236
1645.55 0.3463258506
1645.87 0.3457235090
1646.19 0.3451309976
1646.50 0.3445435918
1646.82 0.3439572922
1647.14 0.3433709498
1647.46 0.3427827871
1647.78 0.3421936993
1648.09 0.3416063760
1648.41 0.3410185936
1648.73 0.3404291790
1649.05 0.3398388380
1649.37 0.3392500749
1649.68 0.3386610413
1650.00 0.3380706139
1650.32 0.3375557939
1650.64 0.3370423413
1650.96 0.3365268490
1651.28 0.3360257293
1651.60 0.3355282309
1651.91 0.3350300666
1652.23 0.3345300683
1652.55 0.3340307954
1652.87 0.3335297090
1653.19 0.3330281562
1653.51 0.3325277571
1653.83 0.3320264896
1654.15 0.3315249802
1654.47 0.3310214277
1654.79 0.3305172309
1655.10 0.3300139405
1655.42 0.3295090546
1655.74 0.3290034985
1656.06 0.3284988753
1656.38 0.3279935828
1656.70 0.3274866918
1657.02 0.3269791298
1657.34 0.3264724743
1657.66 0.3259651767
1657.98 0.3254562484
1658.30 0.3249464515
1658.62 0.3244380127
1658.94 0.3239270974
1659.26 0.3234175404
1659.58 0.3229075370
1659.90 0.3223966672
1660.22 0.3218972544
1660.54 0.3214034959
1660.86 0.3209102327
1661.18 0.3204139785
1661.51 0.3199198343
1661.83 0.3194250239
1662.15 0.3189281567
1662.47 0.3184324303
1662.79 0.3179344534
1663.11 0.3174372006
1663.43 0.3169383041
1663.75 0.3164385480
1664.07 0.3159399332
1664.39 0.3154406499
1664.71 0.3149391129
1665.04 0.3144387176
1665.36 0.3139376530
1665.68 0.3134347479
1666.00 0.3129309451
1666.32 0.3124280963
1666.64 0.3119220050
1666.96 0.3114180408
1667.29 0.3109134059
1667.61 0.3104069255
1667.93 0.3099027624
1668.25 0.3093951646
1668.57 0.3088868939
1668.90 0.3083781349
1669.22 0.3078689287
1669.54 0.3073602694
1669.86 0.3068511214
1670.18 0.3063492061
1670.51 0.3058551134
1670.83 0.3053603093
1671.15 0.3048636560
1671.47 0.3043663332
1671.80 0.3038697505
1672.12 0.3033726806
1672.44 0.3028733489
1672.77 0.3023733467
1673.09 0.3018743136
1673.41 0.3013745633
1673.73 0.3008727767
1674.06 0.3003702703
1674.38 0.2998683273
1674.70 0.2993635166
1675.03 0.2988647863
1675.35 0.2984161459
1675.67 0.2979654372
1676.00 0.2975154941
1676.32 0.2970468892
1676.64 0.2965773976
1676.97 0.2961046352
1677.29 0.2956504760
1677.61 0.2951977169
1677.94 0.2947428834
1678.26 0.2942727355
1678.59 0.2937995222
1678.91 0.2933260513
1679.23 0.2928635662
1679.56 0.2924058515
1679.88 0.2919487325
1680.21 0.2914983897
1680.53 0.2910524218
1680.86 0.2906070012
1681.18 0.2901506972
1681.50 0.2896854502
1681.83 0.2892182877
1682.15 0.2887604161
1682.48 0.2883105265
1682.80 0.2878602128
1683.13 0.2874028946
1683.45 0.2869337028
1683.78 0.2864640212
1684.10 0.2859965971
1684.43 0.2855441493
1684.75 0.2850908782
1685.08 0.2846303558
1685.40 0.2841573770
1685.73 0.2836833386
1686.05 0.2832105794
1686.38 0.2827529822
1686.70 0.2822961665
1687.03 0.2818382361
1687.35 0.2813786687
1687.68 0.2809196543
1688.01 0.2804587718
1688.33 0.2799797808
1688.66 0.2794987466
1688.98 0.2790180298
1689.31 0.2785551920
1689.63 0.2780907762
1689.96 0.2776260948
1690.29 0.2771550720
1690.61 0.2766798720
1690.94 0.2762066037
1691.27 0.2757480829
1691.59 0.2752923556
1691.92 0.2748345236
1692.25 0.2743617650
1692.57 0.2738849584
1692.90 0.2734060371
1693.22 0.2729407960
1693.55 0.2724794319
1693.88 0.2720190210
1694.21 0.2715561080
1694.53 0.2710941483
1694.86 0.2706313693
1695.19 0.2701558007
1695.51 0.2696708758
1695.84 0.2691868968
1696.17 0.2687107126
1696.50 0.2682445485
1696.82 0.2677761077
1697.15 0.2672995457
1697.48 0.2668120029
1697.81 0.2663223312
1698.13 0.2658398406
1698.46 0.2653689989
1698.79 0.2648950336
1699.12 0.2644163187
1699.44 0.2639240700
1699.77 0.2634299179
1700.10 0.2629464989
1700.43 0.2624784460
1700.76 0.2620115033
1701.09 0.2615360318
1701.41 0.2610489425
1701.74 0.2605597161
1702.07 0.2600755310
1702.40 0.2596046424
1702.73 0.2591347896
1703.06 0.2586609510
1703.38 0.2581693040
1703.71 0.2576784550
1704.04 0.2571856948
1704.37 0.2566911720
1704.70 0.2562000097
1705.03 0.2557077805
1705.36 0.2552338964
1705.69 0.2547595785
1706.02 0.2542822744
1706.35 0.2537875947
1706.68 0.2532895207
1707.00 0.2527954331
1707.33 0.2523174539
1707.66 0.2518385743
1707.99 0.2513594908
1708.32 0.2508621671
1708.65 0.2503639361
1708.98 0.2498635491
1709.31 0.2493643450
1709.64 0.2488630693
1709.97 0.2483613491
1710.30 0.2478850024
1710.63 0.2474091514
1710.96 0.2469340291
1711.29 0.2464412501
1711.62 0.2459440727
1711.95 0.2454478494
1712.28 0.2449664631
1712.61 0.2444886891
1712.94 0.2440092245
1713.27 0.2435142690
1713.61 0.2430138865
1713.94 0.2425132009
1714.27 0.2420131865
1714.60 0.2415124951
1714.93 0.2410113599
1715.26 0.2405225648
1715.59 0.2400399082
1715.92 0.2395556937
1716.25 0.2390558691
1716.58 0.2385520533
1716.91 0.2380476979
1717.25 0.2375573763
1717.58 0.2370707235
1717.91 0.2365831638
1718.24 0.2360819410
1718.57 0.2355736328
1718.90 0.2350659090
1719.23 0.2345720010
1719.57 0.2340821331
1719.90 0.2335912906
1720.23 0.2330912858
1720.56 0.2325850238
1720.90 0.2320778752
1721.23 0.2315717309
1721.56 0.2310650462
1721.89 0.2305561116
1722.22 0.2300604008
1722.56 0.2295720082
1722.89 0.2290830823
1723.22 0.2285786864
1723.56 0.2280670933
1723.89 0.2275563256
1724.22 0.2270569192
1724.55 0.2265652771
1724.88 0.2260728045
1725.22 0.2256061457
1725.55 0.2251505003
1725.88 0.2246967819
1726.22 0.2242413479
1726.55 0.2237866356
1726.88 0.2233300178
1727.22 0.2228742755
1727.55 0.2224179885
1727.88 0.2219598986
1728.22 0.2215014504
1728.55 0.2210434563
1728.88 0.2205850576
1729.22 0.2201370446
1729.55 0.2196978550
1729.88 0.2192581270
1730.22 0.2188071157
1730.55 0.2183484062
1730.89 0.2178905627
1731.22 0.2174321181
1731.56 0.2169718005
1731.89 0.2165096399
1732.22 0.2160494210
1732.56 0.2155876250
1732.89 0.2151265000
1733.23 0.2146647804
1733.56 0.2142012223
1733.90 0.2137372332
1734.23 0.2132878317
1734.57 0.2128446105
1734.90 0.2123992489
1735.23 0.2119391861
1735.57 0.2114736662
1735.90 0.2110075696
1736.24 0.2105398440
1736.57 0.2100726952
1736.91 0.2096051647
1737.24 0.2091356448
1737.58 0.2086655949
1737.92 0.2081949953
1738.25 0.2077392568
1738.59 0.2072908434
1738.92 0.2068391695
1739.26 0.2063726162
1739.59 0.2059006632
1739.93 0.2054255779
1740.27 0.2049542468
1740.60 0.2044815819
1740.94 0.2040082918
1741.27 0.2035356824
1741.61 0.2030628979
1741.94 0.2025877600
1742.28 0.2021136084
1742.62 0.2016376920
1742.95 0.2011623411
1743.29 0.2007032156
1743.63 0.2002474821
1743.96 0.1997901071
1744.30 0.1993149667
1744.64 0.1988354240
1744.97 0.1983569628
1745.31 0.1978776663
1745.65 0.1973965743
1745.98 0.1969135662
1746.32 0.1964326663
1746.66 0.1959498017
1746.99 0.1954678185
1747.33 0.1949852480
1747.67 0.1945021040
1748.01 0.1940174366
1748.34 0.1935527065
1748.68 0.1930888609
1749.02 0.1926234901
1749.36 0.1921361478
1749.69 0.1916495878
1750.03 0.1911789529
1750.37 0.1908830292
1750.71 0.1905875445
1751.04 0.1902942418
1751.38 0.1900182023
1751.72 0.1897415759
1752.06 0.1894646747
1752.40 0.1891878890
1752.74 0.1889100781
1753.07 0.1886279372
1753.41 0.1883285638
1753.75 0.1880289539
1754.09 0.1877327445
1754.43 0.1874532523
1754.77 0.1871734953
1755.10 0.1868933650
1755.44 0.1866117995
1755.78 0.1863306261
1756.12 0.1860405997
1756.46 0.1857364119
1756.80 0.1854324785
1757.14 0.1851359136
1757.48 0.1848517110
1757.82 0.1845678153
1758.15 0.1842737538
1758.49 0.1839667317
1758.83 0.1836590421
1759.17 0.1833627997
1759.51 0.1830766711
1759.85 0.1827892061
1760.19 0.1825018637
1760.53 0.1822150752
1760.87 0.1819278753
1761.21 0.1816259478
1761.55 0.1813162958
1761.89 0.1810060965
1762.23 0.1807091988
1762.57 0.1804188300
1762.91 0.1801280783
1763.25 0.1798207504
1763.59 0.1795089553
1763.93 0.1791950053
1764.27 0.1788987665
1764.61 0.1786048105
1764.95 0.1783121332
1765.29 0.1780188018
1765.63 0.1777243642
1765.98 0.1774293477
1766.32 0.1771143534
1766.66 0.1767974707
1767.00 0.1764792108
1767.34 0.1761829682
1767.68 0.1758865057
1768.02 0.1755873188
1768.36 0.1752670834
1768.70 0.1749462780
1769.05 0.1746289176
1769.39 0.1743300470
1769.73 0.1740298951
1770.07 0.1737301899
1770.41 0.1734305972
1770.75 0.1731296253
1771.10 0.1728219486
1771.44 0.1724979027
1771.78 0.1721735026
1772.12 0.1718572294
1772.46 0.1715547067
1772.80 0.1712516926
1773.15 0.1709482598
1773.49 0.1706435393
1773.83 0.1703381578
1774.17 0.1700211601
1774.52 0.1696927086
1774.86 0.1693646737
1775.20 0.1690883578
1775.54 0.1688476349
1775.89 0.1686072187
1776.23 0.1683516943
1776.57 0.1680874332
1776.91 0.1678227191
1777.26 0.1675745414
1777.60 0.1673320621
1777.94 0.1670893536
1778.29 0.1668454022
1778.63 0.1666018765
1778.97 0.1663579541
1779.32 0.1660921432
1779.66 0.1658240425
1780.00 0.1655566733
1780.35 0.1653118274
1780.69 0.1650651229
1781.04 0.1648173217
1781.38 0.1645486306
1781.72 0.1642788741
1782.07 0.1640136351
1782.41 0.1637657248
1782.75 0.1635172508
1783.10 0.1632620431
1783.44 0.1629908247
1783.79 0.1627192172
1784.13 0.1624551056
1784.47 0.1622054471
1784.82 0.1619552497
1785.16 0.1617039357
1785.51 0.1614522939
1785.85 0.1612010285
1786.20 0.1609362276
1786.54 0.1606604692
1786.89 0.1603841791
1787.23 0.1601237637
1787.58 0.1598703424
1787.92 0.1596157582
1788.27 0.1593430830
1788.61 0.1590655797
1788.96 0.1587866924
1789.30 0.1585277040
1789.65 0.1582717765
1789.99 0.1580148045
1790.34 0.1577587044
1790.68 0.1575023235
1791.03 0.1572426803
1791.38 0.1569615347
1791.72 0.1566807662
1792.07 0.1564040212
1792.41 0.1561448101
1792.76 0.1558857763
1793.10 0.1556186219
1793.45 0.1553356696
1793.80 0.1550515608
1794.14 0.1547764186
1794.49 0.1545153135
1794.84 0.1542539254
1795.18 0.1539912168
1795.53 0.1537281510
1795.88 0.1534653261
1796.22 0.1531873407
1796.57 0.1528995731
1796.91 0.1526114141
1797.26 0.1523404377
1797.61 0.1520756527
1797.95 0.1518102784
1798.30 0.1515242825
1798.65 0.1512346318
1799.00 0.1509437785
1799.34 0.1506757305
1799.69 0.1504074594
1800.04 0.1501432453
1800.39 0.1499139460
1800.73 0.1496842288
1801.08 0.1494534171
1801.43 0.1492228387
1801.78 0.1489911404
1802.12 0.1487596756
1802.47 0.1485271478
1802.82 0.1482940442
1803.17 0.1480490931
1803.52 0.1477928436
1803.86 0.1475346772
1804.21 0.1472911470
1804.56 0.1470565677
1804.91 0.1468207088
1805.26 0.1465844610
1805.60 0.1463485699
1805.95 0.1461107986
1806.30 0.1458739172
1806.65 0.1456365160
1807.00 0.1453980608
1807.35 0.1451605284
1807.70 0.1449212038
1808.05 0.1446813088
1808.39 0.1444411197
1808.74 0.1442003536
1809.09 0.1439598281
1809.44 0.1437188491
1809.79 0.1434768423
1810.14 0.1432351689
1810.49 0.1429934164
1810.84 0.1427504813
1811.19 0.1424939632
1811.54 0.1422266234
1811.89 0.1419579868
1812.24 0.1417054037
1812.59 0.1414607938
1812.94 0.1412156354
1813.29 0.1409701786
1813.64 0.1407235313
1813.99 0.1404763377
1814.34 0.1402294755
1814.69 0.1399806662
1815.04 0.1397328301
1815.39 0.1394844902
1815.74 0.1392350620
1816.09 0.1389857961
1816.44 0.1387360780
1816.79 0.1384859568
1817.14 0.1382338546
1817.49 0.1379827038
1817.84 0.1377311755
1818.19 0.1374784272
1818.54 0.1372252247
1818.89 0.1369722853
1819.24 0.1367015717
1819.60 0.1364222326
1819.95 0.1361423792
1820.30 0.1358841174
1820.65 0.1356284951
1821.00 0.1353724170
1821.35 0.1351165272
1821.70 0.1348602066
1822.06 0.1346026616
1822.41 0.1343452804
1822.76 0.1340874677
1823.11 0.1338285283
1823.46 0.1335690561
1823.81 0.1333098729
1824.17 0.1330501817
1824.52 0.1327892141
1824.87 0.1325278859
1825.22 0.1322825586
1825.58 0.1320451957
1825.93 0.1318074809
1826.28 0.1315700641
1826.63 0.1313320492
1826.98 0.1310930852
1827.34 0.1308534972
1827.69 0.1306141828
1828.04 0.1303744681
1828.40 0.1301336997
1828.75 0.1298930095
1829.10 0.1296512432
1829.45 0.1294097968
1829.81 0.1291670531
1830.16 0.1289249031
1830.51 0.1286823512
1830.87 0.1284387456
1831.22 0.1281946672
1831.57 0.1279508090
1831.93 0.1277051181
1832.28 0.1274603794
1832.63 0.1272151381
1832.99 0.1269688596
1833.34 0.1267227367
1833.70 0.1264754564
1834.05 0.1262283766
1834.40 0.1259802069
1834.76 0.1257322189
1835.11 0.1254830899
1835.47 0.1252342611
1835.82 0.1249842285
1836.17 0.1247344148
1836.53 0.1244842457
1836.88 0.1242327645
1837.24 0.1239808769
1837.59 0.1237292902
1837.95 0.1234756820
1838.30 0.1232238654
1838.66 0.1229701180
1839.01 0.1227166550
1839.37 0.1224626850
1839.72 0.1222074900
1840.08 0.1219519707
1840.43 0.1216962846
1840.79 0.1214400649
1841.14 0.1211840561
1841.50 0.1209276048
1841.85 0.1206700340
1842.21 0.1204126400
1842.56 0.1201548622
1842.92 0.1198958131
1843.28 0.1196362538
1843.63 0.1193769970
1843.99 0.1191165319
1844.34 0.1188563297
1844.70 0.1185949428
1845.05 0.1183337693
1845.41 0.1180721490
1845.77 0.1178093395
1846.12 0.1175467462
1846.48 0.1172829512
1846.84 0.1170179535
1847.19 0.1167538985
1847.55 0.1164893685
1847.90 0.1162244267
1848.26 0.1159582428
1848.62 0.1156922870
1848.97 0.1154258178
1849.33 0.1151574254
1849.69 0.1148900407
1850.05 0.1146230860
1850.40 0.1143616800
1850.76 0.1140998510
1851.12 0.1138383907
1851.47 0.1135766449
1851.83 0.1133144622
1852.19 0.1130510869
1852.55 0.1127875113
1852.90 0.1125234727
1853.26 0.1122590817
1853.62 0.1119951648
1853.98 0.1117307093
1854.33 0.1114660680
1854.69 0.1112002257
1855.05 0.1109347580
1855.41 0.1106681545
1855.77 0.1104011460
1856.12 0.1101346735
1856.48 0.1098677277
1856.84 0.1095996275
1857.20 0.1093312640
1857.56 0.1090632097
1857.92 0.1087947914
1858.28 0.1085245839
1858.63 0.1082553857
1858.99 0.1079858988
1859.35 0.1077152453
1859.71 0.1074442336
1860.07 0.1071736513
1860.43 0.1069029891
1860.79 0.1066310250
1861.15 0.1063596062
1861.51 0.1060869101
1861.86 0.1058146580
1862.22 0.1055413873
1862.58 0.1052684025
1862.94 0.1049950006
1863.30 0.1047205281
1863.66 0.1044456628
1864.02 0.1041711854
1864.38 0.1038947029
1864.74 0.1036195462
1865.10 0.1033439411
1865.46 0.1030679685
1865.82 0.1027900427
1866.18 0.1025134142
1866.54 0.1022362866
1866.90 0.1019579353
1867.26 0.1016809850
1867.62 0.1014011373
1867.98 0.1011225353
1868.34 0.1008164879
1868.70 0.1005095684
1869.06 0.1002072062
1869.42 0.0999262283
1869.79 0.0996448547
1870.15 0.0993639732
1870.51 0.0990820899
1870.87 0.0988005697
1871.23 0.0985180466
1871.59 0.0982357616
1871.95 0.0979531807
1872.31 0.0976693151
1872.67 0.0973851795
1873.04 0.0971014608
1873.40 0.0968172944
1873.76 0.0965310756
1874.12 0.0962461651
1874.48 0.0959600673
1874.84 0.0956751521
1875.21 0.0954041974
1875.57 0.0951456298
1875.93 0.0948867005
1876.29 0.0946260296
1876.65 0.0943656595
1877.02 0.0941056430
1877.38 0.0938446236
1877.74 0.0935839572
1878.10 0.0933150354
1878.47 0.0930246954
1878.83 0.0927340574
1879.19 0.0924586616
1879.55 0.0921962147
1879.92 0.0919326095
1880.28 0.0916687933
1880.64 0.0914053800
1881.00 0.0911416305
1881.37 0.0908768204
1881.73 0.0906123677
1882.09 0.0903468274
1882.46 0.0900817187
1882.82 0.0898154255
1883.18 0.0895343954
1883.55 0.0892398310
1883.91 0.0889440407
1884.27 0.0886701206
1884.64 0.0884019791
1885.00 0.0881342401
1885.37 0.0878654168
1885.73 0.0875962010
1886.09 0.0873274390
1886.46 0.0870574893
1886.82 0.0867879933
1887.18 0.0865180588
1887.55 0.0862471556
1887.91 0.0859765320
1888.28 0.0856828849
1888.64 0.0853829401
1889.01 0.0850823214
1889.37 0.0848102625
1889.74 0.0845378030
1890.10 0.0842642295
1890.47 0.0839904155
1890.83 0.0837169337
1891.19 0.0834431788
1891.56 0.0831682316
1891.93 0.0828922047
1892.29 0.0825942827
1892.66 0.0822894185
1893.02 0.0819866704
1893.39 0.0817106049
1893.75 0.0814342208
1894.12 0.0811566851
1894.48 0.0808787526
1894.85 0.0806012311
1895.21 0.0803226853
1895.58 0.0800444220
1895.94 0.0797657620
1896.31 0.0794760862
1896.68 0.0791842902
1897.04 0.0788936914
1897.41 0.0786077328
1897.78 0.0783198980
1898.14 0.0780332575
1898.51 0.0777453797
1898.88 0.0774578862
1899.24 0.0771692836
1899.61 0.0768811433
1899.97 0.0765925503
1900.34 0.0763245675
1900.71 0.0760560906
1901.08 0.0757894926
1901.44 0.0755248172
1901.81 0.0752596582
1902.18 0.0749920128
1902.54 0.0747231705
1902.91 0.0744532106
1903.28 0.0741858196
1903.64 0.0739180092
1904.01 0.0736496626
1904.38 0.0733780471
1904.75 0.0731060621
1905.12 0.0728344723
1905.48 0.0725625514
1905.85 0.0722893796
1906.22 0.0720183145
1906.59 0.0717481250
1906.95 0.0714767860
1907.32 0.0712023940
1907.69 0.0709272275
1908.06 0.0706537176
1908.43 0.0703807050
1908.79 0.0701081012
1909.16 0.0698338291
1909.53 0.0695558832
1909.90 0.0692790765
1910.27 0.0690034151
1910.64 0.0687280578
1911.01 0.0684530990
1911.38 0.0681739933
1911.74 0.0678953015
1912.11 0.0676153718
1912.48 0.0673359085
1912.85 0.0670560036
1913.22 0.0667766100
1913.59 0.0664981014
1913.96 0.0662199661
1914.33 0.0659388027
1914.70 0.0656560240
1915.07 0.0653750421
1915.44 0.0650944582
1915.81 0.0648135527
1916.18 0.0645306574
1916.55 0.0642459278
1916.92 0.0639615006
1917.29 0.0636767170
1917.66 0.0633907376
1918.03 0.0631045055
1918.40 0.0628206696
1918.77 0.0625380892
1919.14 0.0622522960
1919.51 0.0619642534
1919.88 0.0616757554
1920.25 0.0613905768
1920.62 0.0611043812
1920.99 0.0608177886
1921.36 0.0605294181
1921.73 0.0602389043
1922.10 0.0599488488
1922.47 0.0596606165
1922.84 0.0593727556
1923.21 0.0590819115
1923.59 0.0587900828
1923.96 0.0584970905
1924.33 0.0582073044
1924.70 0.0579173761
1925.07 0.0576285660
1925.44 0.0573493286
1925.82 0.0570697433
1926.19 0.0567897052
1926.56 0.0565108846
1926.93 0.0562299962
1927.30 0.0559520821
1927.67 0.0556743977
1928.05 0.0553951126
1928.42 0.0551127232
1928.79 0.0548298032
1929.16 0.0545495728
1929.53 0.0542691032
1929.91 0.0539881536
1930.28 0.0537045975
1930.65 0.0534206098
1931.02 0.0531362489
1931.40 0.0528505659
1931.77 0.0525646110
1932.14 0.0522793300
1932.52 0.0519964843
1932.89 0.0517131833
1933.26 0.0514265361
1933.63 0.0511393005
1934.01 0.0508517927
1934.38 0.0505660905
1934.76 0.0502799319
1935.13 0.0499931599
1935.50 0.0497039042
1935.87 0.0494134531
1936.25 0.0491254940
1936.62 0.0488373126
1936.99 0.0485496244
1937.37 0.0482574993
1937.74 0.0479649926
1938.12 0.0476720283
1938.49 0.0473787080
1938.87 0.0470857759
1939.24 0.0467944660
1939.62 0.0465030642
1939.99 0.0462128203
1940.36 0.0459175717
1940.74 0.0456217831
1941.11 0.0453264576
1941.49 0.0450338958
1941.86 0.0447408746
1942.24 0.0444446397
1942.61 0.0441476072
1942.98 0.0438501400
1943.36 0.0435545292
1943.73 0.0432585669
1944.11 0.0429613195
1944.49 0.0426613359
1944.86 0.0423617931
1945.24 0.0420618455
1945.61 0.0417606052
1945.99 0.0414589807
1946.36 0.0411608947
1946.74 0.0408624790
1947.12 0.0405618420
1947.49 0.0402584693
1947.87 0.0399556181
1948.24 0.0396544164
1948.62 0.0393538968
1948.99 0.0390530136
1949.37 0.0387507654
1949.75 0.0384482052
1950.12 0.0381472755
1950.50 0.0378503913
1950.88 0.0375538816
1951.25 0.0372591317
1951.63 0.0369642769
1952.01 0.0366689411
1952.38 0.0363740009
1952.76 0.0360787319
1953.13 0.0357822226
1953.51 0.0354851893
1953.89 0.0351886846
1954.27 0.0348917792
1954.64 0.0345935962
1955.02 0.0342949320
1955.40 0.0339976751
1955.78 0.0336982346
1956.15 0.0333984097
1956.53 0.0330981737
1956.91 0.0327974467
1957.29 0.0324972498
1957.66 0.0321965888
1958.04 0.0318947237
1958.42 0.0315932664
1958.80 0.0312904705
1959.17 0.0309866709
1959.55 0.0306797720
1959.93 0.0303724699
1960.31 0.0300683529
1960.69 0.0297643563
1961.07 0.0294588685
1961.44 0.0291527119
1961.82 0.0288461150
1962.20 0.0285382916
1962.58 0.0282301335
1962.96 0.0279224274
1963.34 0.0276143211
1963.72 0.0273048652
1964.10 0.0269950879
1964.48 0.0266849720
1964.85 0.0263761266
1965.23 0.0260652386
1965.61 0.0257538302
1965.99 0.0254421818
1966.37 0.0251300018
1966.75 0.0248183901
1967.13 0.0245063408
1967.51 0.0241930552
1967.89 0.0238801350
1968.27 0.0235669882
1968.65 0.0232524976
1969.03 0.0229375639
1969.41 0.0226231150
1969.79 0.0223083147
1970.17 0.0219922858
1970.55 0.0216767277
1970.93 0.0213598053
1971.31 0.0210406089
1971.69 0.0207195312
1972.07 0.0203987544
1972.45 0.0200812003
1972.84 0.0197613739
1973.21 0.0194430398
1973.60 0.0191241657
1973.98 0.0188041272
1974.36 0.0184917599
1974.74 0.0181777575
1975.12 0.0178802445
1975.50 0.0176199784
1975.88 0.0173609301
1976.26 0.0171022910
1976.64 0.0168445317
1977.03 0.0165870719
1977.41 0.0163293475
1977.79 0.0160705139
1978.17 0.0158129378
1978.55 0.0155569129
1978.93 0.0153006104
1979.32 0.0150418476
1979.70 0.0147821514
1980.08 0.0145214275
1980.46 0.0142603425
1980.84 0.0140004856
1981.23 0.0137408013
1981.61 0.0134829212
1981.99 0.0132232774
1982.37 0.0129613918
1982.76 0.0126990753
1983.14 0.0124377355
1983.52 0.0121782452
1983.90 0.0119177283
1984.29 0.0116542548
1984.67 0.0113904007
1985.05 0.0111246597
1985.44 0.0108600812
1985.82 0.0105951406
1986.20 0.0103310857
1986.59 0.0100682246
1986.97 0.0098058426
1987.35 0.0095398991
1987.74 0.0092726406
1988.12 0.0090054538
1988.50 0.0087396272
1988.89 0.0084735218
1989.27 0.0082062934
1989.65 0.0079395482
1990.04 0.0076724086
1990.42 0.0074038173
1990.81 0.0071349493
1991.19 0.0068658929
1991.58 0.0065967285
1991.96 0.0063287408
1992.35 0.0060588510
1992.73 0.0057886803
1993.12 0.0055181418
1993.50 0.0052480109
1993.88 0.0049776017
1994.27 0.0047058944
1994.65 0.0044336206
1995.04 0.0041618843
1995.42 0.0038901821
1995.81 0.0036173363
1996.19 0.0033448971
1996.58 0.0030721833
1996.96 0.0027983199
1997.35 0.0025186121
