1216.00 0.0075384582
1216.23 0.0078344556
1216.46 0.0081320254
1216.69 0.0084296003
1216.92 0.0087269993
1217.15 0.0090260403
1217.38 0.0093254918
1217.61 0.0096248735
1217.83 0.0099246689
1218.06 0.0105523014
1218.29 0.0120143663
1218.52 0.0134831675
1218.75 0.0149556056
1218.98 0.0164355982
1219.21 0.0179151078
1219.44 0.0193927349
1219.67 0.0208726122
1219.90 0.0223547400
1220.13 0.0239285079
1220.36 0.0255732591
1220.59 0.0272260571
1220.82 0.0288781650
1221.05 0.0305325896
1221.28 0.0321907748
1221.51 0.0338475982
1221.74 0.0355083149
1221.97 0.0371720693
1222.20 0.0387126879
1222.43 0.0402346500
1222.66 0.0417593882
1222.89 0.0432869036
1223.12 0.0448171976
1223.35 0.0463559502
1223.59 0.0478926350
1223.82 0.0494369768
1224.05 0.0514019760
1224.28 0.0550368630
1224.51 0.0586900461
1224.74 0.0623595463
1224.97 0.0660280408
1225.20 0.0696830147
1225.43 0.0733630431
1225.66 0.0770165677
1225.89 0.0806862175
1226.12 0.0862089565
1226.36 0.0933769618
1226.59 0.1005333987
1226.82 0.1077009923
1227.05 0.1148972835
1227.28 0.1220921934
1227.51 0.1292958270
1227.74 0.1365120614
1227.97 0.1437562652
1228.20 0.1570585902
1228.44 0.1711504418
1228.67 0.1852669888
1228.90 0.1994085805
1229.13 0.2135549727
1229.36 0.2277072053
1229.60 0.2419635648
1229.83 0.2561445874
1230.06 0.2694410393
1230.29 0.2801666296
1230.52 0.2908747481
1230.75 0.3015990452
1230.98 0.3123280700
1231.22 0.3230761038
1231.45 0.3337969531
1231.68 0.3445315198
1231.91 0.3553084997
1232.15 0.3638397572
1232.38 0.3710631572
1232.61 0.3782936638
1232.84 0.3855537005
1233.08 0.3928022821
1233.31 0.4000382682
1233.54 0.4073235248
1233.77 0.4146194556
1234.00 0.4218986864
1234.24 0.4291459776
1234.47 0.4364177185
1234.70 0.4436568063
1234.93 0.4509240489
1235.17 0.4582497240
1235.40 0.4655804306
1235.63 0.4729179394
1235.87 0.4802854366
1236.10 0.4876160282
1236.33 0.4949275729
1236.56 0.5022442659
1236.80 0.5095938937
1237.03 0.5169327401
1237.26 0.5243239244
1237.50 0.5317261846
1237.73 0.5391545912
1237.96 0.5465750299
1238.20 0.5540022207
1238.43 0.5614562080
1238.66 0.5689013386
1238.90 0.5763536656
1239.13 0.5837794773
1239.36 0.5911889954
1239.60 0.5985997219
1239.83 0.6060239788
1240.07 0.6125991566
1240.30 0.6168317755
1240.53 0.6210665130
1240.77 0.6252937363
1241.00 0.6295507077
1241.23 0.6337312618
1241.47 0.6379165216
1241.70 0.6421058034
1241.94 0.6463083435
1242.17 0.6505498024
1242.40 0.6548132603
1242.64 0.6590930440
1242.87 0.6633644330
1243.11 0.6676409439
1243.34 0.6719314873
1243.58 0.6762138009
1243.81 0.6804876914
1244.04 0.6847656618
1244.28 0.6890113454
1244.51 0.6932379110
1244.75 0.6974636809
1244.98 0.7016959824
1245.22 0.7059960125
1245.45 0.7103063194
1245.68 0.7146221591
1245.92 0.7189520657
1246.15 0.7232739185
1246.39 0.7276007415
1246.62 0.7319280218
1246.86 0.7362744831
1247.09 0.7405809895
1247.33 0.7448442885
1247.57 0.7491208182
1247.80 0.7533904466
1248.04 0.7573499446
1248.27 0.7595154913
1248.51 0.7616835876
1248.74 0.7638598530
1248.98 0.7660307289
1249.21 0.7681387620
1249.45 0.7702327856
1249.68 0.7723277216
1249.92 0.7744196322
1250.15 0.7764674244
1250.39 0.7784812913
1250.62 0.7804959471
1250.86 0.7825235764
1251.10 0.7845388395
1251.33 0.7865506831
1251.57 0.7885683376
1251.80 0.7905935089
1252.04 0.7925994863
1252.28 0.7945362267
1252.51 0.7964797389
1252.75 0.7984174690
1252.98 0.8003564109
1253.22 0.8023735537
1253.46 0.8044035289
1253.69 0.8064274671
1253.93 0.8084531876
1254.16 0.8104260216
1254.40 0.8123617833
1254.64 0.8143042523
1254.87 0.8162467871
1255.11 0.8182405023
1255.35 0.8202717641
1255.58 0.8223014615
1255.82 0.8243332397
1256.06 0.8263661474
1256.29 0.8283989811
1256.53 0.8304327617
1256.77 0.8324734892
1257.00 0.8345086273
1257.24 0.8364567956
1257.48 0.8384115814
1257.71 0.8403605608
1257.95 0.8423098550
1258.19 0.8443300913
1258.43 0.8463767502
1258.66 0.8484164662
1258.90 0.8504593204
1259.14 0.8524497396
1259.37 0.8544073040
1259.61 0.8563606330
1259.85 0.8583139579
1260.09 0.8599442004
1260.32 0.8609964217
1260.56 0.8620460896
1260.80 0.8630986191
1261.04 0.8641548773
1261.27 0.8652084022
1261.51 0.8662647923
1261.75 0.8673213386
1261.99 0.8683724738
1262.22 0.8693393170
1262.46 0.8703032089
1262.70 0.8712645093
1262.94 0.8722257486
1263.18 0.8732569298
1263.41 0.8743141284
1263.65 0.8753693110
1263.89 0.8764248289
1264.13 0.8774290907
1264.37 0.8783934441
1264.61 0.8793550499
1264.84 0.8803162309
1265.08 0.8813135530
1265.32 0.8823663270
1265.56 0.8834230043
1265.80 0.8844823742
1266.04 0.8855420812
1266.28 0.8865987050
1266.51 0.8876565458
1266.75 0.8887138396
1266.99 0.8897714446
1267.23 0.8907366784
1267.47 0.8916987410
1267.71 0.8926629185
1267.95 0.8936282824
1268.18 0.8946619098
1268.42 0.8957227243
1268.66 0.8967815133
1268.90 0.8978406376
1269.14 0.8988423036
1269.38 0.8998071827
1269.62 0.9007691076
1269.86 0.9017277112
1270.10 0.9027111141
1270.34 0.9037112299
1270.58 0.9047116581
1270.82 0.9057120348
1271.06 0.9067152572
1271.30 0.9077135286
1271.54 0.9087148289
1271.78 0.9097182636
1272.01 0.9107129174
1272.25 0.9116171394
1272.49 0.9125189045
1272.73 0.9134205803
1272.97 0.9143210839
1273.21 0.9153110073
1273.45 0.9163141863
1273.69 0.9173154898
1273.93 0.9183165582
1274.17 0.9192451364
1274.41 0.9201482594
1274.65 0.9210483802
1274.89 0.9219485921
1275.13 0.9228510796
1275.38 0.9237503785
1275.62 0.9246499506
1275.86 0.9255488822
1276.10 0.9264473556
1276.34 0.9273470108
1276.58 0.9282476709
1276.82 0.9291458660
1277.06 0.9300461587
1277.30 0.9309445301
1277.54 0.9318397007
1277.78 0.9327393484
1278.02 0.9336368901
1278.26 0.9345336067
1278.50 0.9354302273
1278.74 0.9363318804
1278.98 0.9372253824
1279.22 0.9381217190
1279.47 0.9390205264
1279.71 0.9399159402
1279.95 0.9408116246
1280.19 0.9412582541
1280.43 0.9415819520
1280.67 0.9419049715
1280.91 0.9422289649
1281.16 0.9426201604
1281.40 0.9430468492
1281.64 0.9434734484
1281.88 0.9439003269
1282.12 0.9443261956
1282.36 0.9447517904
1282.60 0.9451778480
1282.85 0.9456045503
1283.09 0.9460306113
1283.33 0.9464560306
1283.57 0.9468795188
1283.81 0.9473051240
1284.06 0.9477293513
1284.30 0.9481536713
1284.54 0.9485788223
1284.78 0.9490018530
1285.02 0.9494148576
1285.27 0.9497315083
1285.51 0.9500489498
1285.75 0.9503647838
1285.99 0.9506799327
1286.23 0.9510995706
1286.48 0.9515209545
1286.72 0.9519424324
1286.96 0.9523619687
1287.20 0.9527836288
1287.45 0.9532063049
1287.69 0.9536259320
1287.93 0.9540469435
1288.18 0.9544669393
1288.42 0.9548851774
1288.66 0.9553040589
1288.90 0.9557245133
1289.15 0.9561428367
1289.39 0.9565612530
1289.63 0.9569810553
1289.88 0.9573983551
1290.12 0.9577529343
1290.36 0.9580410583
1290.61 0.9583295959
1290.85 0.9586166920
1291.09 0.9589441331
1291.33 0.9593391249
1291.58 0.9597349406
1291.82 0.9601291692
1292.07 0.9605240365
1292.31 0.9609189845
1292.55 0.9613125290
1292.80 0.9617061570
1293.04 0.9621002353
1293.28 0.9624914238
1293.53 0.9628841801
1293.77 0.9632766456
1294.01 0.9636695612
1294.26 0.9640620004
1294.50 0.9644535922
1294.75 0.9648448923
1294.99 0.9652357151
1295.23 0.9656262456
1295.48 0.9660159236
1295.72 0.9664071715
1295.97 0.9667968243
1296.21 0.9670904055
1296.45 0.9673682483
1296.70 0.9676466877
1296.94 0.9679236740
1297.19 0.9682861478
1297.43 0.9686748862
1297.68 0.9690618407
1297.92 0.9694479428
1298.16 0.9698343074
1298.41 0.9702214961
1298.65 0.9706087618
1298.90 0.9709946165
1299.14 0.9713811058
1299.39 0.9717652493
1299.63 0.9721505888
1299.88 0.9725352599
1300.12 0.9728939420
1300.37 0.9732258755
1300.62 0.9735586136
1300.86 0.9738886066
1301.10 0.9742188447
1301.35 0.9745483927
1301.60 0.9748783719
1301.84 0.9752072843
1302.09 0.9755360683
1302.33 0.9758637846
1302.58 0.9761917450
1302.82 0.9765169546
1303.07 0.9768750655
1303.31 0.9773151745
1303.56 0.9777557534
1303.80 0.9781941851
1304.05 0.9786099337
1304.30 0.9789338761
1304.54 0.9792567468
1304.79 0.9795794862
1305.03 0.9799022776
1305.28 0.9802253114
1305.53 0.9805465244
1305.77 0.9808661027
1306.02 0.9811864832
1306.26 0.9815059795
1306.51 0.9818247782
1306.76 0.9821430659
1307.00 0.9824621555
1307.25 0.9827794206
1307.49 0.9830959866
1307.74 0.9834129796
1307.99 0.9837294602
1308.23 0.9841548315
1308.48 0.9845855396
1308.73 0.9850176550
1308.97 0.9854472361
1309.22 0.9857734230
1309.47 0.9860870992
1309.71 0.9863998858
1309.96 0.9867117823
1310.21 0.9870278539
1310.45 0.9873432212
1310.70 0.9876588277
1310.95 0.9879739198
1311.19 0.9882883095
1311.44 0.9886023720
1311.69 0.9889159191
1311.94 0.9892285748
1312.18 0.9895418443
1312.43 0.9898532797
1312.68 0.9901641983
1312.93 0.9904757302
1313.17 0.9908696735
1313.42 0.9912979235
1313.67 0.9917253239
1313.92 0.9921535700
1314.16 0.9925030561
1314.41 0.9928102507
1314.66 0.9931180578
1314.91 0.9934247805
1315.15 0.9937313600
1315.40 0.9940357218
1315.65 0.9943410720
1315.90 0.9946455245
1316.15 0.9949494557
1316.39 0.9952541868
1316.64 0.9955568860
1316.89 0.9958577410
1317.14 0.9961593950
1317.39 0.9964614711
1317.63 0.9967618903
1317.88 0.9970615971
1318.13 0.9974262800
1318.38 0.9978457776
1318.63 0.9982651736
1318.88 0.9986846584
1319.13 0.9990432162
1319.37 0.9993396769
1319.62 0.9996363690
1319.87 0.9999315884
1320.12 1.0000000000
1320.37 0.9998255905
1320.62 0.9996506672
1320.87 0.9994739046
1321.12 0.9992983281
1321.37 0.9991224251
1321.61 0.9989460064
1321.86 0.9987686946
1322.11 0.9985914333
1322.36 0.9984142238
1322.61 0.9982359268
1322.86 0.9980580626
1323.11 0.9979327332
1323.36 0.9978768342
1323.61 0.9978204601
1323.86 0.9977647517
1324.11 0.9976554855
1324.36 0.9974753636
1324.61 0.9972947291
1324.86 0.9971147087
1325.10 0.9968835120
1325.36 0.9965773659
1325.60 0.9962721868
1325.85 0.9959671942
1326.10 0.9957121488
1326.35 0.9955296812
1326.60 0.9953472736
1326.85 0.9951643374
1327.10 0.9949799312
1327.35 0.9947961453
1327.60 0.9946118280
1327.86 0.9944266093
1328.10 0.9942424148
1328.35 0.9940571177
1328.60 0.9938716804
1328.86 0.9936853283
1329.11 0.9934476366
1329.36 0.9931366989
1329.61 0.9928253835
1329.86 0.9925131037
1330.11 0.9922562529
1330.36 0.9920706912
1330.61 0.9918844012
1330.86 0.9916989233
1331.11 0.9915129236
1331.36 0.9913258299
1331.61 0.9911395671
1331.86 0.9909527641
1332.11 0.9907641035
1332.37 0.9905762356
1332.62 0.9903880551
1332.87 0.9901999243
1333.12 0.9900108888
1333.37 0.9898219028
1333.62 0.9896325845
1333.87 0.9894427428
1334.12 0.9891904556
1334.38 0.9888732254
1334.63 0.9885583132
1334.88 0.9882413010
1335.13 0.9879885061
1335.38 0.9877961895
1335.63 0.9876042790
1335.88 0.9874110778
1336.14 0.9872186902
1336.39 0.9870259953
1336.64 0.9868313810
1336.89 0.9866370607
1337.14 0.9864429526
1337.40 0.9862487012
1337.65 0.9860535114
1337.90 0.9858590024
1338.15 0.9855872885
1338.40 0.9852649958
1338.66 0.9849407866
1338.91 0.9846180795
1339.16 0.9843740289
1339.41 0.9841775434
1339.67 0.9839796034
1339.92 0.9837813275
1340.17 0.9838164312
1340.42 0.9839628084
1340.68 0.9841082447
1340.93 0.9842534401
1341.18 0.9843982361
1341.43 0.9845417064
1341.69 0.9846853186
1341.94 0.9848281463
1342.19 0.9848729347
1342.45 0.9848869119
1342.70 0.9849000553
1342.95 0.9849125567
1343.20 0.9850267806
1343.46 0.9851663363
1343.71 0.9853056459
1343.96 0.9854443604
1344.22 0.9855819387
1344.47 0.9857183808
1344.72 0.9858553082
1344.98 0.9859920243
1345.23 0.9861274108
1345.48 0.9862622004
1345.74 0.9863972807
1345.99 0.9865310682
1346.24 0.9865387566
1346.50 0.9865417119
1346.75 0.9865442124
1347.01 0.9865493441
1347.26 0.9866798501
1347.52 0.9868110283
1347.77 0.9869406812
1348.02 0.9870695805
1348.28 0.9871982256
1348.53 0.9873268088
1348.79 0.9874544447
1349.04 0.9875814791
1349.29 0.9877079117
1349.55 0.9878337421
1349.80 0.9879589700
1350.06 0.9880553277
1350.31 0.9880480079
1350.57 0.9880396899
1350.82 0.9880311053
1351.07 0.9880597455
1351.33 0.9881810605
1351.58 0.9883025017
1351.84 0.9884229505
1352.09 0.9884949694
1352.35 0.9884813928
1352.60 0.9884678910
1352.86 0.9884536884
1353.11 0.9884962721
1353.37 0.9886133712
1353.62 0.9887296689
1353.88 0.9888457012
1354.13 0.9888917498
1354.39 0.9888728185
1354.64 0.9888535247
1354.90 0.9888326469
1355.15 0.9888923729
1355.41 0.9890046506
1355.66 0.9891159764
1355.92 0.9892259620
1356.17 0.9892451313
1356.43 0.9892205330
1356.69 0.9891949316
1356.94 0.9891693967
1357.20 0.9891420812
1357.45 0.9891149766
1357.71 0.9890863337
1357.96 0.9890575608
1358.22 0.9891440437
1358.48 0.9892485806
1358.73 0.9893525028
1358.99 0.9894560048
1359.25 0.9894294027
1359.50 0.9893954238
1359.76 0.9893618442
1360.01 0.9893124577
1360.27 0.9890307397
1360.53 0.9887483127
1360.78 0.9884651248
1361.04 0.9881609060
1361.30 0.9877410997
1361.55 0.9873215958
1361.81 0.9868995230
1362.07 0.9865123291
1362.32 0.9862279237
1362.58 0.9859428691
1362.84 0.9856564908
1363.09 0.9853208600
1363.35 0.9848980971
1363.61 0.9844740693
1363.86 0.9840497346
1364.12 0.9836897691
1364.38 0.9834018884
1364.63 0.9831129865
1364.89 0.9828245531
1365.15 0.9824563772
1365.41 0.9820288811
1365.66 0.9816021946
1365.92 0.9811761245
1366.18 0.9808430796
1366.43 0.9805516491
1366.69 0.9802598428
1366.95 0.9799686395
1367.21 0.9795653343
1367.47 0.9791360884
1367.72 0.9787062870
1367.98 0.9782761864
1368.24 0.9779714463
1368.50 0.9776780839
1368.76 0.9773831693
1369.01 0.9770832434
1369.27 0.9766496598
1369.53 0.9762170907
1369.79 0.9757837008
1370.05 0.9753726403
1370.30 0.9750757563
1370.56 0.9747792064
1370.82 0.9744801935
1371.08 0.9741419275
1371.34 0.9737044166
1371.60 0.9732669434
1371.85 0.9728283742
1372.11 0.9724503616
1372.37 0.9721510628
1372.63 0.9718508737
1372.89 0.9715510141
1373.15 0.9711716111
1373.41 0.9707306722
1373.66 0.9702885937
1373.92 0.9698482469
1374.18 0.9695059415
1374.44 0.9692026064
1374.70 0.9688991207
1374.96 0.9685959277
1375.22 0.9681751807
1375.48 0.9677303733
1375.74 0.9672867087
1376.00 0.9668431170
1376.26 0.9663962215
1376.52 0.9659519593
1376.77 0.9655063647
1377.03 0.9650782812
1377.29 0.9647703866
1377.55 0.9644647629
1377.81 0.9641569832
1378.07 0.9638100536
1378.33 0.9633611847
1378.59 0.9629122590
1378.85 0.9624635971
1379.11 0.9620145001
1379.37 0.9615644682
1379.63 0.9611141059
1379.89 0.9606635055
1380.15 0.9601157298
1380.41 0.9594988807
1380.67 0.9588826248
1380.93 0.9582647851
1381.19 0.9575442877
1381.45 0.9567868536
1381.71 0.9560294623
1381.97 0.9552702326
1382.23 0.9545128252
1382.49 0.9537545717
1382.75 0.9529961634
1383.01 0.9522438345
1383.28 0.9516262477
1383.54 0.9510082670
1383.80 0.9503891807
1384.06 0.9497398789
1384.32 0.9489834178
1384.58 0.9482247129
1384.84 0.9474628781
1385.10 0.9467578125
1385.36 0.9461395045
1385.62 0.9455170149
1385.88 0.9449004865
1386.14 0.9442034664
1386.41 0.9434409978
1386.67 0.9426807567
1386.93 0.9419205596
1387.19 0.9411604896
1387.45 0.9403980783
1387.71 0.9396370195
1387.97 0.9388758067
1388.24 0.9382427424
1388.50 0.9376207057
1388.76 0.9370002781
1389.02 0.9363692852
1389.28 0.9356052909
1389.54 0.9348460396
1389.81 0.9340845219
1390.07 0.9334753281
1390.33 0.9333039220
1390.59 0.9331331072
1390.85 0.9329608935
1391.12 0.9328513728
1391.38 0.9328198489
1391.64 0.9327876490
1391.90 0.9327552438
1392.16 0.9326319798
1392.43 0.9324556356
1392.69 0.9322796854
1392.95 0.9321014796
1393.21 0.9319230696
1393.48 0.9317437284
1393.74 0.9315641238
1394.00 0.9313843852
1394.27 0.9313460706
1394.53 0.9313065394
1394.79 0.9312671335
1395.05 0.9311970126
1395.32 0.9310131075
1395.58 0.9308270683
1395.84 0.9306414926
1396.11 0.9304553143
1396.37 0.9302680671
1396.63 0.9300793493
1396.89 0.9298906281
1397.16 0.9297876666
1397.42 0.9297413663
1397.68 0.9296943822
1397.95 0.9296469143
1398.21 0.9294832968
1398.47 0.9292896486
1398.74 0.9290951238
1399.00 0.9288999958
1399.27 0.9287047914
1399.53 0.9285076434
1399.79 0.9283107558
1400.06 0.9280864000
1400.32 0.9277687718
1400.59 0.9274508359
1400.85 0.9271331764
1401.11 0.9267513867
1401.38 0.9262885960
1401.64 0.9258238183
1401.91 0.9253572515
1402.17 0.9249839535
1402.43 0.9246632672
1402.70 0.9243423946
1402.96 0.9240227421
1403.23 0.9235213074
1403.49 0.9229904206
1403.76 0.9224592687
1404.02 0.9219267523
1404.29 0.9213946666
1404.55 0.9208621145
1404.81 0.9203295499
1405.08 0.9198387712
1405.34 0.9194517857
1405.61 0.9190639350
1405.87 0.9186755701
1406.14 0.9182106282
1406.40 0.9176771239
1406.67 0.9171393736
1406.93 0.9166018056
1407.20 0.9160653328
1407.46 0.9155281898
1407.73 0.9149907796
1407.99 0.9144526989
1408.26 0.9140579348
1408.52 0.9136661846
1408.79 0.9132732566
1409.06 0.9128506556
1409.32 0.9123089608
1409.59 0.9117697400
1409.85 0.9112277505
1410.12 0.9106837948
1410.38 0.9101369842
1410.65 0.9095880844
1410.92 0.9090409333
1411.18 0.9085939457
1411.45 0.9081922019
1411.71 0.9077914551
1411.98 0.9073904927
1412.24 0.9068517604
1412.51 0.9063002908
1412.78 0.9057493229
1413.04 0.9051982857
1413.31 0.9046469768
1413.58 0.9040956310
1413.84 0.9035431707
1414.11 0.9030502074
1414.38 0.9026442877
1414.64 0.9022391333
1414.91 0.9018351809
1415.17 0.9013315102
1415.44 0.9007753486
1415.71 0.9002198701
1415.98 0.8996641463
1416.24 0.8991047276
1416.51 0.8985496465
1416.78 0.8979926957
1417.04 0.8974587825
1417.31 0.8970492703
1417.58 0.8966401245
1417.85 0.8962307609
1418.11 0.8957568276
1418.38 0.8951973222
1418.65 0.8946385372
1418.91 0.8940764729
1419.18 0.8936157460
1419.45 0.8932041553
1419.72 0.8927923655
1419.98 0.8923785265
1420.25 0.8918202354
1420.52 0.8912515359
1420.79 0.8906817280
1421.06 0.8901082154
1421.32 0.8895380701
1421.59 0.8889672394
1421.86 0.8883955054
1422.13 0.8878943770
1422.39 0.8874730456
1422.66 0.8870496712
1422.93 0.8866272840
1423.20 0.8860923685
1423.47 0.8855186852
1423.73 0.8849445079
1424.00 0.8843676047
1424.27 0.8837928778
1424.54 0.8832172507
1424.81 0.8826393115
1425.08 0.8821057759
1425.35 0.8816813800
1425.61 0.8812549247
1425.88 0.8808253985
1426.15 0.8803137475
1426.42 0.8797348384
1426.69 0.8791542261
1426.96 0.8785763908
1427.23 0.8779960282
1427.50 0.8774141620
1427.77 0.8768330344
1428.03 0.8762710525
1428.30 0.8758403118
1428.57 0.8754087322
1428.84 0.8749779514
1429.11 0.8744845285
1429.38 0.8739014068
1429.65 0.8733153443
1429.92 0.8727312478
1430.19 0.8722474313
1430.46 0.8718057682
1430.73 0.8713651112
1431.00 0.8709242206
1431.27 0.8703302032
1431.54 0.8697365147
1431.81 0.8691417283
1432.08 0.8685470584
1432.35 0.8679518974
1432.62 0.8673552293
1432.88 0.8667590861
1433.16 0.8662490463
1433.43 0.8658030119
1433.70 0.8653581852
1433.97 0.8649149776
1434.24 0.8643335245
1434.51 0.8637347412
1434.78 0.8631358620
1435.05 0.8625626031
1435.32 0.8621142238
1435.59 0.8616666581
1435.86 0.8612194628
1436.13 0.8606965623
1436.40 0.8600942297
1436.67 0.8594920024
1436.94 0.8588872231
1437.21 0.8582846243
1437.48 0.8576821907
1437.75 0.8570779871
1438.03 0.8564862401
1438.30 0.8560351101
1438.57 0.8555818952
1438.84 0.8551303032
1439.11 0.8546160380
1439.38 0.8540093831
1439.65 0.8534022330
1439.92 0.8527929117
1440.19 0.8522895377
1440.47 0.8518252849
1440.74 0.8513643313
1441.01 0.8508946551
1441.28 0.8502761681
1441.55 0.8496579777
1441.82 0.8490374289
1442.10 0.8484717543
1442.37 0.8480069833
1442.64 0.8475411827
1442.91 0.8470753210
1443.18 0.8465056849
1443.45 0.8458820311
1443.73 0.8452586677
1444.00 0.8446364909
1444.27 0.8440136060
1444.54 0.8433919113
1444.82 0.8427665389
1445.09 0.8421918143
1445.36 0.8417227851
1445.63 0.8412505433
1445.90 0.8407806259
1446.18 0.8402110678
1446.45 0.8395846889
1446.72 0.8389561089
1446.99 0.8383293039
1447.27 0.8378541590
1447.54 0.8373805985
1447.81 0.8369082510
1448.09 0.8363865201
1448.36 0.8357571422
1448.63 0.8351257178
1448.90 0.8344957010
1449.18 0.8338651800
1449.45 0.8332339949
1449.72 0.8326007564
1450.00 0.8319706395
1450.27 0.8312786550
1450.54 0.8305807413
1450.82 0.8298869188
1451.09 0.8291420220
1451.37 0.8282893338
1451.64 0.8274409449
1451.91 0.8265912394
1452.18 0.8258460178
1452.46 0.8251494878
1452.73 0.8244555486
1453.01 0.8237580171
1453.28 0.8229050075
1453.55 0.8220540235
1453.83 0.8212034348
1454.10 0.8204101460
1454.38 0.8197136994
1454.65 0.8190189292
1454.92 0.8183244029
1455.20 0.8175166126
1455.47 0.8166627511
1455.75 0.8158110751
1456.02 0.8149716735
1456.30 0.8142741885
1456.57 0.8135794449
1456.84 0.8128861856
1457.12 0.8121242406
1457.39 0.8112694964
1457.67 0.8104169470
1457.94 0.8095654101
1458.22 0.8088320304
1458.49 0.8081387694
1458.77 0.8074426841
1459.04 0.8067240592
1459.32 0.8058687802
1459.59 0.8050157792
1459.87 0.8041629519
1460.14 0.8033836878
1460.42 0.8026771365
1460.69 0.8019706804
1460.97 0.8012643199
1461.24 0.8004165221
1461.52 0.7995531495
1461.79 0.7986889767
1462.07 0.7978624447
1462.34 0.7971581305
1462.62 0.7964509816
1462.89 0.7957442639
1463.17 0.7949353077
1463.45 0.7940711680
1463.72 0.7932067327
1464.00 0.7923428770
1464.27 0.7914778890
1464.55 0.7906136892
1464.83 0.7897469196
1465.10 0.7889411191
1465.38 0.7882316963
1465.65 0.7875260304
1465.93 0.7868190184
1466.21 0.7859908391
1466.48 0.7851264976
1466.76 0.7842616588
1467.04 0.7834152500
1467.31 0.7827076615
1467.59 0.7820017406
1467.87 0.7812942524
1468.14 0.7805007755
1468.42 0.7796352268
1468.70 0.7787704588
1468.97 0.7779019434
1469.25 0.7771812665
1469.53 0.7764732082
1469.80 0.7757627229
1470.08 0.7750058117
1470.36 0.7741261224
1470.63 0.7732488887
1470.91 0.7723716909
1471.19 0.7716017625
1471.47 0.7708822715
1471.74 0.7701600277
1472.02 0.7694285015
1472.30 0.7685509597
1472.58 0.7676730333
1472.85 0.7667931336
1473.13 0.7659900557
1473.41 0.7652698646
1473.69 0.7645477571
1473.96 0.7638274333
1474.24 0.7629698878
1474.52 0.7620926348
1474.80 0.7612147855
1475.07 0.7603791267
1475.35 0.7596569485
1475.63 0.7589366756
1475.91 0.7582144775
1476.19 0.7573878578
1476.46 0.7565121545
1476.74 0.7556318060
1477.02 0.7547660000
1477.30 0.7540453605
1477.58 0.7533250312
1477.86 0.7526023471
1478.13 0.7518049553
1478.41 0.7509270571
1478.69 0.7500458095
1478.97 0.7491672698
1479.25 0.7484307779
1479.53 0.7477079382
1479.81 0.7469873156
1480.09 0.7462629768
1480.37 0.7455293288
1480.64 0.7447946624
1480.92 0.7440610709
1481.20 0.7432132480
1481.48 0.7423221989
1481.76 0.7414282151
1482.04 0.7405620685
1482.32 0.7398290599
1482.60 0.7390936737
1482.88 0.7383600072
1483.16 0.7375353950
1483.44 0.7366463344
1483.72 0.7357532771
1484.00 0.7348618135
1484.28 0.7341262552
1484.56 0.7333907923
1484.84 0.7326574830
1485.12 0.7318592626
1485.39 0.7309679482
1485.67 0.7300739054
1485.95 0.7291826656
1486.23 0.7284238433
1486.52 0.7276888013
1486.80 0.7269552193
1487.08 0.7261792093
1487.36 0.7252908230
1487.64 0.7243965729
1487.92 0.7235050691
1488.20 0.7227221370
1488.48 0.7219872427
1488.76 0.7212532405
1489.04 0.7205223228
1489.32 0.7197889465
1489.60 0.7190535932
1489.88 0.7183202579
1490.16 0.7174888071
1490.44 0.7165809059
1490.72 0.7156757588
1491.00 0.7147718752
1491.28 0.7140250411
1491.57 0.7132762170
1491.85 0.7125289311
1492.13 0.7117103736
1492.41 0.7108051172
1492.69 0.7098969044
1492.97 0.7089949269
1493.25 0.7082292459
1493.54 0.7074805490
1493.82 0.7067333988
1494.10 0.7059315729
1494.38 0.7050241537
1494.66 0.7041220776
1494.94 0.7032170858
1495.22 0.7024375613
1495.51 0.7016866869
1495.79 0.7009401502
1496.07 0.7001545051
1496.35 0.6992493368
1496.63 0.6983446745
1496.91 0.6974400503
1497.20 0.6966456654
1497.48 0.6958972865
1497.76 0.6951508990
1498.04 0.6944043957
1498.33 0.6936579911
1498.61 0.6929093581
1498.89 0.6921629362
1499.17 0.6913193628
1499.46 0.6904121110
1499.74 0.6895079038
1500.02 0.6886212906
1500.30 0.6879313658
1500.59 0.6872368623
1500.87 0.6865467473
1501.15 0.6857707402
1501.44 0.6849194084
1501.72 0.6840732459
1502.00 0.6832239211
1502.28 0.6825332320
1502.57 0.6818405363
1502.85 0.6811496592
1503.13 0.6804584736
1503.42 0.6797650634
1503.70 0.6790741210
1503.98 0.6783824396
1504.27 0.6775420316
1504.55 0.6766900936
1504.83 0.6758399028
1505.12 0.6750550820
1505.40 0.6743617861
1505.68 0.6736717962
1505.97 0.6729780968
1506.25 0.6722840716
1506.54 0.6715925414
1506.82 0.6708996101
1507.10 0.6701498400
1507.39 0.6692989340
1507.67 0.6684476597
1507.96 0.6675968810
1508.24 0.6668777085
1508.53 0.6661852095
1508.81 0.6654902419
1509.09 0.6647480713
1509.38 0.6638964220
1509.66 0.6630420339
1509.95 0.6621905132
1510.23 0.6614593066
1510.52 0.6607539499
1510.80 0.6600502228
1511.09 0.6593470536
1511.37 0.6586414079
1511.65 0.6579378303
1511.94 0.6572343737
1512.22 0.6564054377
1512.51 0.6555401903
1512.79 0.6546797690
1513.08 0.6538610117
1513.37 0.6531550223
1513.65 0.6524513228
1513.93 0.6517447106
1514.22 0.6510410348
1514.51 0.6503368342
1514.79 0.6496325394
1515.08 0.6488856265
1515.36 0.6480222916
1515.65 0.6471564016
1515.93 0.6462927577
1516.22 0.6455511920
1516.51 0.6448446983
1516.79 0.6441402814
1517.08 0.6433927660
1517.36 0.6425266982
1517.65 0.6416624539
1517.93 0.6407986964
1518.22 0.6400569694
1518.51 0.6393521014
1518.79 0.6386471399
1519.08 0.6379401122
1519.37 0.6372351808
1519.65 0.6365279639
1519.94 0.6358228457
1520.22 0.6349894292
1520.51 0.6341151197
1520.80 0.6332434838
1521.08 0.6324178891
1521.37 0.6317010461
1521.66 0.6309887013
1521.94 0.6302782441
1522.23 0.6295650774
1522.52 0.6288506802
1522.80 0.6281375413
1523.09 0.6273741195
1523.38 0.6264990849
1523.67 0.6256269732
1523.95 0.6247549250
1524.24 0.6240154311
1524.53 0.6233002560
1524.82 0.6225876332
1525.10 0.6218740427
1525.39 0.6211607948
1525.68 0.6204456749
1525.96 0.6197350791
1526.25 0.6188823270
1526.54 0.6180040067
1526.83 0.6171314645
1527.12 0.6163224384
1527.40 0.6156090501
1527.69 0.6148953840
1527.98 0.6141822458
1528.27 0.6134687951
1528.55 0.6127528430
1528.84 0.6120394236
1529.13 0.6112538692
1529.42 0.6103805895
1529.71 0.6095044882
1529.99 0.6086311200
1530.28 0.6079105564
1530.57 0.6071902943
1530.86 0.6064723897
1531.15 0.6057547870
1531.44 0.6050382730
1531.73 0.6043160511
1532.02 0.6035981643
1532.30 0.6028800091
1532.59 0.6021599128
1532.88 0.6014411308
1533.17 0.6006318011
1533.46 0.5997535644
1533.75 0.5988729773
1534.04 0.5980148619
1534.33 0.5972965591
1534.62 0.5965761344
1534.90 0.5958578640
1535.19 0.5951395006
1535.48 0.5944190128
1535.77 0.5937002430
1536.06 0.5929481659
1536.35 0.5920694807
1536.64 0.5911914678
1536.93 0.5903102201
1537.22 0.5895528079
1537.51 0.5888346426
1537.80 0.5881137421
1538.09 0.5873956114
1538.38 0.5866769478
1538.67 0.5859562087
1538.96 0.5852394040
1539.25 0.5845209051
1539.54 0.5838020939
1539.83 0.5830809859
1540.12 0.5822939999
1540.41 0.5814140922
1540.70 0.5805366800
1540.99 0.5796541971
1541.28 0.5789281106
1541.57 0.5782083323
1541.86 0.5774861880
1542.15 0.5767637300
1542.44 0.5760458857
1542.73 0.5753255216
1543.02 0.5745903444
1543.31 0.5737102313
1543.61 0.5728298969
1543.90 0.5719469789
1544.19 0.5711698287
1544.48 0.5704519125
1544.77 0.5697318431
1545.06 0.5690096177
1545.35 0.5682875212
1545.64 0.5675671787
1545.93 0.5668467460
1546.22 0.5661264448
1546.52 0.5654062751
1546.81 0.5646837229
1547.10 0.5639086515
1547.39 0.5630258422
1547.68 0.5621452561
1547.97 0.5612674024
1548.27 0.5605303279
1548.56 0.5598100925
1548.85 0.5590899078
1549.14 0.5583675537
1549.43 0.5576470511
1549.72 0.5569263758
1550.02 0.5562110754
1550.31 0.5556015321
1550.60 0.5549886619
1550.89 0.5543750763
1551.19 0.5536625458
1551.48 0.5528877693
1551.77 0.5521147493
1552.06 0.5513760710
1552.36 0.5507626737
1552.65 0.5501481589
1552.94 0.5495339984
1553.23 0.5489183645
1553.53 0.5483042389
1553.82 0.5476913628
1554.11 0.5470646795
1554.40 0.5464155908
1554.70 0.5457679644
1554.99 0.5451204066
1555.28 0.5444704663
1555.58 0.5438223420
1555.87 0.5431737121
1556.16 0.5425227938
1556.46 0.5418739459
1556.75 0.5412244666
1557.04 0.5405725988
1557.34 0.5399225528
1557.63 0.5392724469
1557.92 0.5386216120
1558.22 0.5379826657
1558.51 0.5373458948
1558.81 0.5367108544
1559.10 0.5360696109
1559.39 0.5354160467
1559.69 0.5347657547
1559.98 0.5341129467
1560.27 0.5334646663
1560.57 0.5328142103
1560.86 0.5321651409
1561.16 0.5315137772
1561.45 0.5308643665
1561.74 0.5302144498
1562.04 0.5295644745
1562.33 0.5289123182
1562.63 0.5282618918
1562.92 0.5276108446
1563.22 0.5269595150
1563.51 0.5263063373
1563.81 0.5256544417
1564.10 0.5250078632
1564.39 0.5243718687
1564.69 0.5237336911
1564.98 0.5230970311
1565.28 0.5224464220
1565.58 0.5217914901
1565.87 0.5211375100
1566.16 0.5204835869
1566.46 0.5198254422
1566.76 0.5191708349
1567.05 0.5185178574
1567.35 0.5178624598
1567.64 0.5172050884
1567.94 0.5165496770
1568.23 0.5158936524
1568.53 0.5152354267
1568.82 0.5145786098
1569.12 0.5139220616
1569.41 0.5132646773
1569.71 0.5126075608
1570.01 0.5119481367
1570.30 0.5113138374
1570.60 0.5106792626
1570.89 0.5100421628
1571.19 0.5093981626
1571.48 0.5087463320
1571.78 0.5080901395
1572.08 0.5074375186
1572.38 0.5067846158
1572.67 0.5061295011
1572.97 0.5054779650
1573.26 0.5048244421
1573.56 0.5041707327
1573.86 0.5035140360
1574.15 0.5028575063
1574.45 0.5022026287
1574.75 0.5015477878
1575.04 0.5008969496
1575.34 0.5002737112
1575.64 0.4996505204
1575.93 0.4990270591
1576.23 0.4983884301
1576.53 0.4977481703
1576.83 0.4971071824
1577.12 0.4964644257
1577.42 0.4958231093
1577.72 0.4951812902
1578.02 0.4945381519
1578.31 0.4939125036
1578.61 0.4932880807
1578.91 0.4926619782
1579.20 0.4920222617
1579.50 0.4913770665
1579.80 0.4907330920
1580.10 0.4900979753
1580.39 0.4894795576
1580.69 0.4888607888
1580.99 0.4882401067
1581.29 0.4876069896
1581.59 0.4869691520
1581.88 0.4863326250
1582.18 0.4856962769
1582.48 0.4850576949
1582.78 0.4844203440
1583.08 0.4837872528
1583.38 0.4831641705
1583.67 0.4825427815
1583.97 0.4819208976
1584.27 0.4812818074
1584.57 0.4806431224
1584.87 0.4800036322
1585.17 0.4793641700
1585.46 0.4787243575
1585.77 0.4780826027
1586.06 0.4774454198
1586.36 0.4768216671
1586.66 0.4761969637
1586.96 0.4755721458
1587.26 0.4749328120
1587.56 0.4742891829
1587.86 0.4736450492
1588.16 0.4730132332
1588.45 0.4723869034
1588.76 0.4717587810
1589.05 0.4711287260
1589.35 0.4704854959
1589.65 0.4698397131
1589.95 0.4691951793
1590.25 0.4685608452
1590.55 0.4679256889
1590.85 0.4672921771
1591.15 0.4666671179
1591.45 0.4660497662
1591.75 0.4654300971
1592.05 0.4648092494
1592.35 0.4641762139
1592.65 0.4635409182
1592.95 0.4629033597
1593.25 0.4622813740
1593.55 0.4616599298
1593.85 0.4610379896
1594.15 0.4604113837
1594.45 0.4597742346
1594.75 0.4591365847
1595.05 0.4584968942
1595.36 0.4578572165
1595.65 0.4572202886
1595.96 0.4565798344
1596.26 0.4559549918
1596.56 0.4553324536
1596.86 0.4547093635
1597.16 0.4540753687
1597.46 0.4534350990
1597.76 0.4527942723
1598.06 0.4521566597
1598.36 0.4515322790
1598.66 0.4509074022
1598.97 0.4502804789
1599.27 0.4496381716
1599.57 0.4489955380
1599.87 0.4483549216
1600.17 0.4476947843
1600.47 0.4470197490
1600.78 0.4463449351
1601.08 0.4456695554
1601.38 0.4449959044
1601.68 0.4443244916
1601.98 0.4436512368
1602.28 0.4429751726
1602.59 0.4423013464
1602.89 0.4416276939
1603.19 0.4409517353
1603.49 0.4402795330
1603.79 0.4396029577
1604.10 0.4389309203
1604.40 0.4382545065
1604.70 0.4375780357
1605.00 0.4369033044
1605.31 0.4362285180
1605.61 0.4355518787
1605.91 0.4348788216
1606.21 0.4341921399
1606.52 0.4334958166
1606.82 0.4328039915
1607.12 0.4321185099
1607.43 0.4314411032
1607.73 0.4307677083
1608.03 0.4300924552
1608.33 0.4294214866
1608.64 0.4287486956
1608.94 0.4280776575
1609.24 0.4274063363
1609.55 0.4267329227
1609.85 0.4260633055
1610.15 0.4253976246
1610.46 0.4247420397
1610.76 0.4240861444
1611.06 0.4234279280
1611.37 0.4227712474
1611.67 0.4221152442
1611.97 0.4214561934
1612.28 0.4207996345
1612.58 0.4201425375
1612.89 0.4194836053
1613.19 0.4188262134
1613.49 0.4181705952
1613.80 0.4175128524
1614.10 0.4168530384
1614.41 0.4161952303
1614.71 0.4155373762
1615.02 0.4148771890
1615.32 0.4142187795
1615.62 0.4135603488
1615.93 0.4129018473
1616.23 0.4122428373
1616.54 0.4115817213
1616.84 0.4109226419
1617.15 0.4102634939
1617.45 0.4096022594
1617.76 0.4089425563
1618.06 0.4082793532
1618.37 0.4076005754
1618.67 0.4069235989
1618.98 0.4062465702
1619.28 0.4055847935
1619.59 0.4049243622
1619.89 0.4042638853
1620.20 0.4036142676
1620.50 0.4029690344
1620.81 0.4023237608
1621.11 0.4016798242
1621.42 0.4010381709
1621.72 0.4003918500
1622.03 0.3997475652
1622.34 0.3991032558
1622.64 0.3984565837
1622.95 0.3978098844
1623.25 0.3971663619
1623.56 0.3965214316
1623.87 0.3958739158
1624.17 0.3952281985
1624.48 0.3945822210
1624.78 0.3939343532
1625.09 0.3932978388
1625.39 0.3926852634
1625.70 0.3920742835
1626.01 0.3914595699
1626.31 0.3908448291
1626.62 0.3902316917
1626.93 0.3896180556
1627.23 0.3889894868
1627.54 0.3883604144
1627.85 0.3877292132
1628.15 0.3871049841
1628.46 0.3864886488
1628.77 0.3858741527
1629.07 0.3852610273
1629.38 0.3846443805
1629.69 0.3840291075
1629.99 0.3834138089
1630.30 0.3828155286
1630.61 0.3822188620
1630.92 0.3816219435
1631.22 0.3810105242
1631.53 0.3803979132
1631.84 0.3797817712
1632.15 0.3791747203
1632.45 0.3785765312
1632.76 0.3779769165
1633.07 0.3773782226
1633.38 0.3767792736
1633.68 0.3761805435
1633.99 0.3755794476
1634.30 0.3749799743
1634.61 0.3743783757
1634.92 0.3737783968
1635.22 0.3731798103
1635.53 0.3725793268
1635.84 0.3719769441
1636.15 0.3713675199
1636.46 0.3707491693
1636.77 0.3701286763
1637.08 0.3695140264
1637.38 0.3689124749
1637.69 0.3683083248
1638.00 0.3677074591
1638.31 0.3671034954
1638.62 0.3664985838
1638.93 0.3658974192
1639.24 0.3652920003
1639.55 0.3646884403
1639.85 0.3640848615
1640.16 0.3634803248
1640.47 0.3628785884
1640.78 0.3622768344
1641.09 0.3616778685
1641.40 0.3610944289
1641.71 0.3605086134
1642.02 0.3599230062
1642.33 0.3593350355
1642.64 0.3587487159
1642.95 0.3581600155
1643.26 0.3575731852
1643.57 0.3569856555
1643.88 0.3563978610
1644.19 0.3558081712
1644.50 0.3552198822
1644.81 0.3546311305
1645.12 0.3540359871
1645.42 0.3534295197
1645.74 0.3528208921
1646.05 0.3522162738
1646.36 0.3516262555
1646.67 0.3510340810
1646.98 0.3504433317
1647.29 0.3498540099
1647.60 0.3492627669
1647.91 0.3486693643
1648.22 0.3480773650
1648.53 0.3474834651
1648.84 0.3468890801
1649.15 0.3462980148
1649.46 0.3457048130
1649.77 0.3451096560
1650.08 0.3445291631
1650.39 0.3439843779
1650.70 0.3434381251
1651.02 0.3428935615
1651.33 0.3423653212
1651.64 0.3418366211
1651.95 0.3413074610
1652.26 0.3407766275
1652.57 0.3402467832
1652.88 0.3397164786
1653.19 0.3391842616
1653.51 0.3386549297
1653.82 0.3381234800
1654.13 0.3375903198
1654.44 0.3370564928
1654.75 0.3365238623
1655.07 0.3359908040
1655.38 0.3354577242
1655.69 0.3349239454
1656.00 0.3343897396
1656.31 0.3338538153
1656.63 0.3333174273
1656.94 0.3327822728
1657.25 0.3322481166
1657.56 0.3317105762
1657.87 0.3311742712
1658.19 0.3306372660
1658.50 0.3301002343
1658.81 0.3295610760
1659.12 0.3290229179
1659.44 0.3284849697
1659.75 0.3279461221
1660.06 0.3274093450
1660.38 0.3268885913
1660.69 0.3263663471
1661.00 0.3258451130
1661.31 0.3253246950
1661.63 0.3248023087
1661.94 0.3242782318
1662.25 0.3237536956
1662.57 0.3232299341
1662.88 0.3227059524
1663.19 0.3221812742
1663.51 0.3216565690
1663.82 0.3211309732
1664.13 0.3206051569
1664.45 0.3200774056
1664.76 0.3195506244
1665.07 0.3190234300
1665.39 0.3184940125
1665.70 0.3179660892
1666.02 0.3174375152
1666.33 0.3169069529
1666.64 0.3163774094
1666.96 0.3158474545
1667.27 0.3153155077
1667.59 0.3147860641
1667.90 0.3142531938
1668.21 0.3137213450
1668.53 0.3131894614
1668.85 0.3126552039
1669.16 0.3121222085
1669.47 0.3115885122
1669.79 0.3110560279
1670.10 0.3105249421
1670.42 0.3100063116
1670.73 0.3094867997
1671.05 0.3089655261
1671.36 0.3084448608
1671.68 0.3079239228
1671.99 0.3074010350
1672.31 0.3068789415
1672.62 0.3063566294
1672.94 0.3058321256
1673.25 0.3053084173
1673.57 0.3047844902
1673.88 0.3042583687
1674.20 0.3037347807
1674.51 0.3032075003
1674.83 0.3026814383
1675.14 0.3021796836
1675.46 0.3017054904
1675.78 0.3012333167
1676.09 0.3007529024
1676.41 0.3002601637
1676.72 0.2997673973
1677.04 0.2992748425
1677.36 0.2987975147
1677.67 0.2983226909
1677.99 0.2978459230
1678.30 0.2973511696
1678.62 0.2968537415
1678.94 0.2963573704
1679.25 0.2958737124
1679.57 0.2953946610
1679.89 0.2949149916
1680.20 0.2944433013
1680.52 0.2939761601
1680.84 0.2935068961
1681.15 0.2930297305
1681.47 0.2925423178
1681.79 0.2920546340
1682.10 0.2915725267
1682.42 0.2911018490
1682.74 0.2906296327
1683.06 0.2901533608
1683.37 0.2896629758
1683.69 0.2891734192
1684.01 0.2886823831
1684.32 0.2882069903
1684.64 0.2877329154
1684.96 0.2872568818
1685.28 0.2867641663
1685.59 0.2862714583
1685.91 0.2857765421
1686.23 0.2852946280
1686.55 0.2848156515
1686.87 0.2843379235
1687.18 0.2838595118
1687.50 0.2833789665
1687.82 0.2828994283
1688.14 0.2824129950
1688.45 0.2819124275
1688.77 0.2814114090
1689.09 0.2809165454
1689.41 0.2804345394
1689.73 0.2799503200
1690.05 0.2794672612
1690.37 0.2789761015
1690.68 0.2784812696
1691.00 0.2779885653
1691.32 0.2775142270
1691.64 0.2770390418
1691.96 0.2765633372
1692.28 0.2760707917
1692.60 0.2755752958
1692.92 0.2750778165
1693.23 0.2745948384
1693.55 0.2741159441
1693.87 0.2736368499
1694.19 0.2731570706
1694.51 0.2726753109
1694.83 0.2721944027
1695.15 0.2717040698
1695.47 0.2712019562
1695.79 0.2707002850
1696.11 0.2702060189
1696.43 0.2697194722
1696.75 0.2692349180
1697.07 0.2687459466
1697.39 0.2682400000
1697.71 0.2677363601
1698.03 0.2672322688
1698.35 0.2667449073
1698.67 0.2662555539
1698.99 0.2657668133
1699.31 0.2652596191
1699.63 0.2647494502
1699.95 0.2642416799
1700.27 0.2637958542
1700.59 0.2633635673
1700.91 0.2629308555
1701.23 0.2624829230
1701.55 0.2620301082
1701.87 0.2615766171
1702.19 0.2611329939
1702.51 0.2606974108
1702.83 0.2602613108
1703.15 0.2598146930
1703.47 0.2593583135
1703.80 0.2589016522
1704.12 0.2584429999
1704.44 0.2579865378
1704.76 0.2575280842
1705.08 0.2570738347
1705.40 0.2566322455
1705.72 0.2561902269
1706.05 0.2557456745
1706.37 0.2552860312
1706.69 0.2548242416
1707.01 0.2543609427
1707.33 0.2539174990
1707.65 0.2534729879
1707.98 0.2530258012
1708.30 0.2525640392
1708.62 0.2520986603
1708.94 0.2516316702
1709.26 0.2511653177
1709.59 0.2506985268
1709.91 0.2502295834
1710.23 0.2497802828
1710.55 0.2493380447
1710.87 0.2488965558
1711.20 0.2484399813
1711.52 0.2479753739
1711.84 0.2475114094
1712.16 0.2470567139
1712.49 0.2466096767
1712.81 0.2461647622
1713.13 0.2457098501
1713.45 0.2452414181
1713.78 0.2447724522
1714.10 0.2443042985
1714.42 0.2438355581
1714.75 0.2433661573
1715.07 0.2429004427
1715.39 0.2424493232
1715.72 0.2419963396
1716.04 0.2415415278
1716.36 0.2410691508
1716.69 0.2405960381
1717.01 0.2401229761
1717.33 0.2396669423
1717.66 0.2392116945
1717.98 0.2387544946
1718.31 0.2382795292
1718.63 0.2378028085
1718.95 0.2373268950
1719.28 0.2368642976
1719.60 0.2364040940
1719.92 0.2359445968
1720.25 0.2354719522
1720.57 0.2349966736
1720.90 0.2345223198
1721.22 0.2340457876
1721.55 0.2335674079
1721.87 0.2330895211
1722.19 0.2326229796
1722.52 0.2321622268
1722.84 0.2317024432
1723.17 0.2312315027
1723.49 0.2307506797
1723.82 0.2302674621
1724.14 0.2297940698
1724.47 0.2293308201
1724.79 0.2288670436
1725.12 0.2284159802
1725.44 0.2279909370
1725.77 0.2275651490
1726.09 0.2271376106
1726.42 0.2267107767
1726.74 0.2262830984
1727.07 0.2258539394
1727.39 0.2254263943
1727.72 0.2249972758
1728.05 0.2245674781
1728.37 0.2241357515
1728.70 0.2237048858
1729.02 0.2232746286
1729.35 0.2228614151
1729.67 0.2224487925
1730.00 0.2220355481
1730.33 0.2216039042
1730.65 0.2211743288
1730.98 0.2207414852
1731.31 0.2203093515
1731.63 0.2198765930
1731.96 0.2194419722
1732.28 0.2190079382
1732.61 0.2185731794
1732.94 0.2181368040
1733.26 0.2177009681
1733.59 0.2172657939
1733.92 0.2168289533
1734.24 0.2164050201
1734.57 0.2159871959
1734.90 0.2155685777
1735.22 0.2151341816
1735.55 0.2146941636
1735.88 0.2142535668
1736.21 0.2138109974
1736.53 0.2133690692
1736.86 0.2129265353
1737.19 0.2124821508
1737.51 0.2120399246
1737.84 0.2115940551
1738.17 0.2111596539
1738.50 0.2107345594
1738.83 0.2103076893
1739.15 0.2098718589
1739.48 0.2094245119
1739.81 0.2089750130
1740.13 0.2085286736
1740.46 0.2080817978
1740.79 0.2076341208
1741.12 0.2071831274
1741.45 0.2067342293
1741.78 0.2062848232
1742.10 0.2058346843
1742.43 0.2053838124
1742.76 0.2049323818
1743.09 0.2044847030
1743.42 0.2040515127
1743.75 0.2036187843
1744.07 0.2031821157
1744.40 0.2027277408
1744.73 0.2022711063
1745.06 0.2018152598
1745.39 0.2013587368
1745.72 0.2009002331
1746.05 0.2004425271
1746.38 0.1999842342
1746.70 0.1995264156
1747.04 0.1990639605
1747.36 0.1986037051
1747.69 0.1981426616
1748.02 0.1976813061
1748.35 0.1972400660
1748.68 0.1967991843
1749.01 0.1963546912
1749.34 0.1958892863
1749.67 0.1954243447
1750.00 0.1949591894
1750.33 0.1946774915
1750.66 0.1943970304
1750.99 0.1941150961
1751.32 0.1938531657
1751.65 0.1935906063
1751.98 0.1933284006
1752.31 0.1930656557
1752.64 0.1928017536
1752.97 0.1925381052
1753.30 0.1922547853
1753.63 0.1919681147
1753.96 0.1916819413
1754.29 0.1914138847
1754.62 0.1911479836
1754.95 0.1908814325
1755.29 0.1906138034
1755.62 0.1903462700
1755.95 0.1900783788
1756.28 0.1897913849
1756.61 0.1895011501
1756.94 0.1892114143
1757.27 0.1889376431
1757.60 0.1886665306
1757.93 0.1883956732
1758.26 0.1881074282
1758.60 0.1878135019
1758.93 0.1875197979
1759.26 0.1872423705
1759.59 0.1869684395
1759.92 0.1866946834
1760.25 0.1864210883
1760.59 0.1861465801
1760.92 0.1858722227
1761.25 0.1855812590
1761.58 0.1852844712
1761.91 0.1849869741
1762.24 0.1847041730
1762.58 0.1844274571
1762.91 0.1841502200
1763.24 0.1838559262
1763.57 0.1835569309
1763.90 0.1832564240
1764.24 0.1829709746
1764.57 0.1826904634
1764.90 0.1824094010
1765.24 0.1821279415
1765.57 0.1818475492
1765.90 0.1815659259
1766.23 0.1812684282
1766.57 0.1809631150
1766.90 0.1806580280
1767.23 0.1803670111
1767.57 0.1800826788
1767.90 0.1797988346
1768.23 0.1794976786
1768.56 0.1791900644
1768.90 0.1788820177
1769.23 0.1785877258
1769.56 0.1783005832
1769.90 0.1780129895
1770.23 0.1777260118
1770.56 0.1774372381
1770.90 0.1771478850
1771.23 0.1768426094
1771.57 0.1765310923
1771.90 0.1762198298
1772.23 0.1759225948
1772.57 0.1756307157
1772.90 0.1753392748
1773.24 0.1750462643
1773.57 0.1747536643
1773.90 0.1744606114
1774.24 0.1741512734
1774.57 0.1738349486
1774.91 0.1735172685
1775.24 0.1732643358
1775.58 0.1730355778
1775.91 0.1728065389
1776.25 0.1725598507
1776.58 0.1723083553
1776.91 0.1720548143
1777.25 0.1718177031
1777.59 0.1715863806
1777.92 0.1713548262
1778.26 0.1711220718
1778.59 0.1708903495
1778.92 0.1706574267
1779.26 0.1704059766
1779.60 0.1701489912
1779.93 0.1698921836
1780.27 0.1696535460
1780.60 0.1694199896
1780.94 0.1691846294
1781.27 0.1689311228
1781.61 0.1686729347
1781.94 0.1684134379
1782.28 0.1681733558
1782.62 0.1679364721
1782.95 0.1676992240
1783.29 0.1674412328
1783.62 0.1671803820
1783.96 0.1669189187
1784.30 0.1666765167
1784.63 0.1664370869
1784.97 0.1661970951
1785.31 0.1659569151
1785.64 0.1657155075
1785.98 0.1654742368
1786.32 0.1652111717
1786.65 0.1649455197
1786.99 0.1646800829
1787.33 0.1644371345
1787.66 0.1641929462
1788.00 0.1639492943
1788.34 0.1636820811
1788.67 0.1634143055
1789.01 0.1631468676
1789.35 0.1629005734
1789.68 0.1626545962
1790.02 0.1624082071
1790.36 0.1621612147
1790.70 0.1619145399
1791.03 0.1616653119
1791.37 0.1613938402
1791.71 0.1611226264
1792.05 0.1608542888
1792.38 0.1606046524
1792.72 0.1603553725
1793.06 0.1601014815
1793.40 0.1598280550
1793.74 0.1595541030
1794.07 0.1592847262
1794.41 0.1590331585
1794.75 0.1587804424
1795.09 0.1585272854
1795.43 0.1582743960
1795.76 0.1580217750
1796.10 0.1577609055
1796.44 0.1574825060
1796.78 0.1572042779
1797.12 0.1569338089
1797.46 0.1566775838
1797.80 0.1564214627
1798.13 0.1561555621
1798.47 0.1558742007
1798.81 0.1555933145
1799.15 0.1553224366
1799.49 0.1550633338
1799.83 0.1548052902
1800.17 0.1545570204
1800.51 0.1543214778
1800.85 0.1540841843
1801.19 0.1538471348
1801.53 0.1536089096
1801.87 0.1533709887
1802.21 0.1531319167
1802.55 0.1528939495
1802.88 0.1526547459
1803.22 0.1523995164
1803.57 0.1521340882
1803.90 0.1518697562
1804.25 0.1516214941
1804.58 0.1513808607
1804.92 0.1511391050
1805.26 0.1508969115
1805.61 0.1506536135
1805.94 0.1504106985
1806.29 0.1501672416
1806.62 0.1499233461
1806.97 0.1496790946
1807.31 0.1494344505
1807.65 0.1491885179
1807.99 0.1489430515
1808.33 0.1486962389
1808.67 0.1484499183
1809.01 0.1482037708
1809.35 0.1479564923
1809.69 0.1477073037
1810.03 0.1474592469
1810.38 0.1472104379
1810.72 0.1469619656
1811.06 0.1467097552
1811.40 0.1464361467
1811.74 0.1461612629
1812.08 0.1458924352
1812.42 0.1456417674
1812.76 0.1453906056
1813.11 0.1451383567
1813.45 0.1448863356
1813.79 0.1446338977
1814.13 0.1443802409
1814.47 0.1441270481
1814.81 0.1438731504
1815.16 0.1436190443
1815.50 0.1433636374
1815.84 0.1431086689
1816.18 0.1428531001
1816.53 0.1425964368
1816.87 0.1423400564
1817.21 0.1420832051
1817.55 0.1418259607
1817.89 0.1415682968
1818.24 0.1413100833
1818.58 0.1410514502
1818.92 0.1407917706
1819.27 0.1405130970
1819.61 0.1402283926
1819.95 0.1399432581
1820.29 0.1396783642
1820.64 0.1394175842
1820.98 0.1391562787
1821.32 0.1388945520
1821.67 0.1386315407
1822.01 0.1383689705
1822.35 0.1381058479
1822.70 0.1378414915
1823.04 0.1375775504
1823.38 0.1373131055
1823.73 0.1370474281
1824.07 0.1367821892
1824.41 0.1365163477
1824.76 0.1362508408
1825.10 0.1359907873
1825.45 0.1357487154
1825.79 0.1355062810
1826.13 0.1352626430
1826.48 0.1350193524
1826.82 0.1347756253
1827.17 0.1345307145
1827.51 0.1342868894
1827.86 0.1340411678
1828.20 0.1337957208
1828.54 0.1335498839
1828.89 0.1333029646
1829.23 0.1330562160
1829.58 0.1328090507
1829.92 0.1325608798
1830.27 0.1323132409
1830.61 0.1320651650
1830.96 0.1318160817
1831.30 0.1315679050
1831.65 0.1313186482
1831.99 0.1310689997
1832.34 0.1308180860
1832.68 0.1305667532
1833.03 0.1303157964
1833.38 0.1300643420
1833.72 0.1298124949
1834.07 0.1295602730
1834.41 0.1293067384
1834.76 0.1290528362
1835.10 0.1287992495
1835.45 0.1285459961
1835.79 0.1282914904
1836.14 0.1280359502
1836.49 0.1277806028
1836.83 0.1275248871
1837.18 0.1272678558
1837.53 0.1270112712
1837.87 0.1267541862
1838.22 0.1264974956
1838.57 0.1262380985
1838.91 0.1259796158
1839.26 0.1257208952
1839.60 0.1254616360
1839.95 0.1252011898
1840.30 0.1249422024
1840.64 0.1246810942
1840.99 0.1244197881
1841.34 0.1241586614
1841.68 0.1238970730
1842.03 0.1236342837
1842.38 0.1233726770
1842.73 0.1231098427
1843.07 0.1228464784
1843.42 0.1225818848
1843.77 0.1223177762
1844.12 0.1220530050
1844.46 0.1217872011
1844.81 0.1215216844
1845.16 0.1212556629
1845.51 0.1209892018
1845.85 0.1207215479
1846.20 0.1204541811
1846.55 0.1201864140
1846.90 0.1199181022
1847.25 0.1196486997
1847.59 0.1193795190
1847.94 0.1191099638
1848.29 0.1188391719
1848.64 0.1185686022
1848.99 0.1182984937
1849.34 0.1180262580
1849.68 0.1177544673
1850.03 0.1174835884
1850.38 0.1172274113
1850.73 0.1169702754
1851.08 0.1167132523
1851.43 0.1164560546
1851.78 0.1161976212
1852.12 0.1159396195
1852.47 0.1156811508
1852.82 0.1154223376
1853.17 0.1151624990
1853.52 0.1149029432
1853.87 0.1146429629
1854.22 0.1143827704
1854.57 0.1141212852
1854.92 0.1138602775
1855.27 0.1135987565
1855.62 0.1133362070
1855.97 0.1130747386
1856.32 0.1128121537
1856.67 0.1125492037
1857.02 0.1122851094
1857.37 0.1120206753
1857.72 0.1117565252
1858.07 0.1114920283
1858.42 0.1112272108
1858.77 0.1109619397
1859.12 0.1106955288
1859.47 0.1104295092
1859.82 0.1101623223
1860.17 0.1098964002
1860.52 0.1096296092
1860.87 0.1093614572
1861.22 0.1090937241
1861.57 0.1088257010
1861.92 0.1085564227
1862.27 0.1082875417
1862.62 0.1080191605
1862.97 0.1077494748
1863.33 0.1074786659
1863.68 0.1072074845
1864.03 0.1069358193
1864.38 0.1066647342
1864.73 0.1063939097
1865.08 0.1061219680
1865.43 0.1058488743
1865.79 0.1055760943
1866.14 0.1053021680
1866.49 0.1050286059
1866.84 0.1047554655
1867.19 0.1044804046
1867.55 0.1042049112
1867.90 0.1039305570
1868.25 0.1036347226
1868.60 0.1033312214
1868.95 0.1030272506
1869.31 0.1027460999
1869.66 0.1024697327
1870.01 0.1021914893
1870.36 0.1019129193
1870.71 0.1016348523
1871.07 0.1013564328
1871.42 0.1010767219
1871.77 0.1007982915
1872.12 0.1005185970
1872.48 0.1002376904
1872.83 0.0999572878
1873.18 0.0996755379
1873.54 0.0993942920
1873.89 0.0991126118
1874.24 0.0988305227
1874.60 0.0985481323
1874.95 0.0982652258
1875.30 0.0980058914
1875.66 0.0977495395
1876.01 0.0974935675
1876.36 0.0972371983
1876.72 0.0969797024
1877.07 0.0967226400
1877.42 0.0964651266
1877.78 0.0962066441
1878.13 0.0959378422
1878.49 0.0956510142
1878.84 0.0953638562
1879.19 0.0950910036
1879.55 0.0948312599
1879.90 0.0945712502
1880.26 0.0943109203
1880.61 0.0940495124
1880.96 0.0937892191
1881.32 0.0935277937
1881.67 0.0932652080
1882.03 0.0930030825
1882.38 0.0927405866
1882.74 0.0924776841
1883.09 0.0922061276
1883.45 0.0919140450
1883.80 0.0916214952
1884.16 0.0913404304
1884.51 0.0910756069
1884.87 0.0908104612
1885.22 0.0905448852
1885.58 0.0902781436
1885.93 0.0900117872
1886.29 0.0897451620
1886.65 0.0894773903
1887.00 0.0892098756
1887.36 0.0889420647
1887.71 0.0886746874
1888.07 0.0883998419
1888.42 0.0881021980
1888.78 0.0878039564
1889.13 0.0875155091
1889.49 0.0872445610
1889.85 0.0869749006
1890.20 0.0867040418
1890.56 0.0864321002
1890.92 0.0861605830
1891.27 0.0858886679
1891.63 0.0856156061
1891.98 0.0853429319
1892.34 0.0850421022
1892.70 0.0847387493
1893.06 0.0844403098
1893.41 0.0841661176
1893.77 0.0838914462
1894.12 0.0836164114
1894.48 0.0833402800
1894.84 0.0830652635
1895.20 0.0827882608
1895.55 0.0825116741
1895.91 0.0822338804
1896.27 0.0819478678
1896.63 0.0816575749
1896.98 0.0813685206
1897.34 0.0810839477
1897.70 0.0807991647
1898.06 0.0805131697
1898.41 0.0802267498
1898.77 0.0799407571
1899.13 0.0796544483
1899.49 0.0793676723
1899.84 0.0790805505
1900.20 0.0788044729
1900.56 0.0785388715
1900.92 0.0782712871
1901.28 0.0780064682
1901.63 0.0777418708
1901.99 0.0774768415
1902.35 0.0772077156
1902.71 0.0769389055
1903.07 0.0766696332
1903.43 0.0764029808
1903.79 0.0761367406
1904.14 0.0758681317
1904.50 0.0755965777
1904.86 0.0753245214
1905.22 0.0750521510
1905.58 0.0747808764
1905.94 0.0745085511
1906.30 0.0742381379
1906.66 0.0739671377
1907.02 0.0736962643
1907.38 0.0734223064
1907.74 0.0731469399
1908.10 0.0728737105
1908.46 0.0726006787
1908.82 0.0723279821
1909.17 0.0720534384
1909.54 0.0717761062
1909.89 0.0714991567
1910.25 0.0712240299
1910.62 0.0709485132
1910.97 0.0706742637
1911.34 0.0703952448
1911.70 0.0701154310
1912.06 0.0698361272
1912.42 0.0695564393
1912.78 0.0692762304
1913.14 0.0689967603
1913.50 0.0687188875
1913.86 0.0684404855
1914.22 0.0681590491
1914.58 0.0678768436
1914.94 0.0675941351
1915.30 0.0673135997
1915.66 0.0670323851
1916.02 0.0667513465
1916.38 0.0664670215
1916.74 0.0661822003
1917.11 0.0658962858
1917.47 0.0656106362
1917.83 0.0653246272
1918.19 0.0650390132
1918.55 0.0647552519
1918.91 0.0644710221
1919.27 0.0641840697
1919.64 0.0638950922
1920.00 0.0636065669
1920.36 0.0633215310
1920.72 0.0630344688
1921.08 0.0627470906
1921.44 0.0624568810
1921.81 0.0621655167
1922.17 0.0618750562
1922.53 0.0615876111
1922.89 0.0612988190
1923.26 0.0610065854
1923.62 0.0607138475
1923.98 0.0604206683
1924.34 0.0601300435
1924.71 0.0598382888
1925.07 0.0595492868
1925.43 0.0592700391
1925.80 0.0589894198
1926.16 0.0587093768
1926.52 0.0584287524
1926.88 0.0581478002
1927.25 0.0578685318
1927.61 0.0575898995
1927.97 0.0573109096
1928.34 0.0570276980
1928.70 0.0567438231
1929.06 0.0564609956
1929.43 0.0561802970
1929.79 0.0558991556
1930.15 0.0556163301
1930.52 0.0553312367
1930.88 0.0550442097
1931.25 0.0547582848
1931.61 0.0544729123
1931.97 0.0541862117
1932.34 0.0539011151
1932.70 0.0536167648
1933.07 0.0533314179
1933.43 0.0530422216
1933.80 0.0527534112
1934.16 0.0524656239
1934.52 0.0521800246
1934.89 0.0518923177
1935.25 0.0516019756
1935.62 0.0513111343
1935.98 0.0510198460
1936.35 0.0507302465
1936.71 0.0504422000
1937.08 0.0501512640
1937.44 0.0498574400
1937.81 0.0495640052
1938.17 0.0492702324
1938.54 0.0489750936
1938.90 0.0486812613
1939.27 0.0483885592
1939.63 0.0480963017
1940.00 0.0478027052
1940.37 0.0475063303
1940.73 0.0472095315
1941.10 0.0469123671
1941.46 0.0466179509
1941.83 0.0463231184
1942.19 0.0460253267
1942.56 0.0457272608
1942.93 0.0454270953
1943.29 0.0451298789
1943.66 0.0448329091
1944.03 0.0445344553
1944.39 0.0442334126
1944.76 0.0439318635
1945.12 0.0436291896
1945.49 0.0433268441
1945.86 0.0430248945
1946.22 0.0427236587
1946.59 0.0424224060
1946.96 0.0421216280
1947.32 0.0418175332
1947.69 0.0415116902
1948.06 0.0412068234
1948.43 0.0409043221
1948.79 0.0406013202
1949.16 0.0402970634
1949.53 0.0399932337
1949.90 0.0396881065
1950.26 0.0393884902
1950.63 0.0390884915
1951.00 0.0387889914
1951.37 0.0384922340
1951.73 0.0381942834
1952.10 0.0378967377
1952.47 0.0375987891
1952.84 0.0372995701
1953.20 0.0370016329
1953.57 0.0367025000
1953.94 0.0364028880
1954.31 0.0361020317
1954.68 0.0358016006
1955.05 0.0355008019
1955.41 0.0351986733
1955.78 0.0348970545
1956.15 0.0345949172
1956.52 0.0342915708
1956.89 0.0339878166
1957.26 0.0336844432
1957.63 0.0333815700
1958.00 0.0330764834
1958.36 0.0327719468
1958.73 0.0324669454
1959.10 0.0321605642
1959.47 0.0318504899
1959.84 0.0315408695
1960.21 0.0312326742
1960.58 0.0309264785
1960.95 0.0306180909
1961.32 0.0303089667
1961.69 0.0299992029
1962.06 0.0296881835
1962.43 0.0293767224
1962.80 0.0290667702
1963.17 0.0287545212
1963.54 0.0284418295
1963.91 0.0281297344
1964.28 0.0278171935
1964.65 0.0275043218
1965.02 0.0271910067
1965.39 0.0268773522
1965.76 0.0265632510
1966.13 0.0262477677
1966.50 0.0259328852
1966.87 0.0256176757
1967.24 0.0253009594
1967.61 0.0249857814
1967.98 0.0246693417
1968.35 0.0243515193
1968.72 0.0240342751
1969.10 0.0237156567
1969.47 0.0233975304
1969.84 0.0230790626
1970.21 0.0227592009
1970.58 0.0224398432
1970.95 0.0221201407
1971.32 0.0217961662
1971.69 0.0214722491
1972.07 0.0211494397
1972.44 0.0208281456
1972.81 0.0205054617
1973.18 0.0201824151
1973.55 0.0198607331
1973.92 0.0195368950
1974.30 0.0192190486
1974.67 0.0189021527
1975.04 0.0185908152
1975.41 0.0183282803
1975.79 0.0180646781
1976.16 0.0178021778
1976.53 0.0175420704
1976.90 0.0172816854
1977.28 0.0170209492
1977.65 0.0167599210
1978.02 0.0164979574
1978.39 0.0162389875
1978.77 0.0159811037
1979.14 0.0157202021
1979.51 0.0154582209
1979.88 0.0151944997
1980.26 0.0149318679
1980.63 0.0146674011
1981.00 0.0144034702
1981.38 0.0141426194
1981.75 0.0138806349
1982.12 0.0136179845
1982.50 0.0133526394
1982.87 0.0130862357
1983.24 0.0128225317
1983.62 0.0125589874
1983.99 0.0122957563
1984.37 0.0120296861
1984.74 0.0117615202
1985.12 0.0114931554
1985.49 0.0112259141
1985.86 0.0109568109
1986.24 0.0106904443
1986.61 0.0104249096
1986.98 0.0101599662
1987.36 0.0098896164
1987.73 0.0096196307
1988.11 0.0093497655
1988.48 0.0090797445
1988.86 0.0088101388
1989.23 0.0085402559
1989.61 0.0082692022
1989.98 0.0079986640
1990.36 0.0077274105
1990.73 0.0074550603
1991.11 0.0071840271
1991.48 0.0069112881
1991.86 0.0066382574
1992.23 0.0063664551
1992.61 0.0060926812
1992.98 0.0058194170
1993.36 0.0055458698
1993.74 0.0052711453
1994.11 0.0049975483
1994.49 0.0047218047
1994.86 0.0044472953
1995.24 0.0041710289
1995.62 0.0038946007
1995.99 0.0036178876
1996.37 0.0033423242
1996.74 0.0030657551
1997.12 0.0027867770
