1216.00 0.0075878234
1216.23 0.0078857591
1216.46 0.0081852775
1216.69 0.0084848012
1216.92 0.0087841476
1217.15 0.0090851469
1217.38 0.0093865593
1217.61 0.0096879015
1217.83 0.0099896601
1218.06 0.0106214027
1218.29 0.0120930417
1218.52 0.0135714613
1218.75 0.0150535416
1218.98 0.0165432259
1219.21 0.0180324240
1219.44 0.0195197272
1219.67 0.0210092955
1219.90 0.0225011289
1220.13 0.0240852025
1220.36 0.0257407243
1220.59 0.0274043456
1220.82 0.0290672723
1221.05 0.0307325308
1221.28 0.0324015745
1221.51 0.0340692475
1221.74 0.0357408393
1221.97 0.0374154887
1222.20 0.0389661960
1222.43 0.0404981246
1222.66 0.0420328475
1222.89 0.0435703658
1223.12 0.0451106809
1223.35 0.0466595099
1223.59 0.0482062576
1223.82 0.0497607124
1224.05 0.0517385793
1224.28 0.0553972691
1224.51 0.0590743750
1224.74 0.0627679047
1224.97 0.0664604222
1225.20 0.0701393305
1225.43 0.0738434574
1225.66 0.0775209069
1225.89 0.0812145873
1226.12 0.0867734916
1226.36 0.0939884362
1226.59 0.1011917367
1226.82 0.1084062669
1227.05 0.1156496827
1227.28 0.1228917081
1227.51 0.1301425143
1227.74 0.1374060039
1227.97 0.1446976460
1228.20 0.1680058160
1228.44 0.1933918968
1228.67 0.2188224367
1228.90 0.2442979731
1229.13 0.2697892712
1229.36 0.2952958668
1229.60 0.3209902713
1229.83 0.3465491808
1230.06 0.3668716059
1230.29 0.3713838343
1230.52 0.3758888702
1230.75 0.3804005455
1230.98 0.3849140725
1231.22 0.3894111723
1231.45 0.3938952072
1231.68 0.3983849873
1231.91 0.4028923836
1232.15 0.4074149784
1232.38 0.4119593203
1232.61 0.4165081869
1232.84 0.4210752627
1233.08 0.4256354864
1233.31 0.4301872842
1233.54 0.4347702657
1233.77 0.4393599271
1234.00 0.4439384806
1234.24 0.4484790605
1234.47 0.4530350240
1234.70 0.4575702368
1234.93 0.4621231420
1235.17 0.4667258166
1235.40 0.4713366052
1235.63 0.4759517713
1235.87 0.4805855673
1236.10 0.4851884718
1236.33 0.4897686637
1236.56 0.4943521083
1236.80 0.4989560503
1237.03 0.5035557646
1237.26 0.5082040788
1237.50 0.5128591023
1237.73 0.5175306502
1237.96 0.5221972049
1238.20 0.5268679167
1238.43 0.5315552375
1238.66 0.5362370747
1238.90 0.5409233141
1239.13 0.5455825228
1239.36 0.5502231673
1239.60 0.5548647203
1239.83 0.5595146853
1240.07 0.5641899596
1240.30 0.5688313826
1240.53 0.5734754849
1240.77 0.5781109188
1241.00 0.5827792222
1241.23 0.5873745953
1241.47 0.5919753503
1241.70 0.5965806616
1241.94 0.6012003234
1242.17 0.6058549125
1242.40 0.6105303210
1242.64 0.6152235254
1242.87 0.6199077512
1243.11 0.6245978182
1243.34 0.6293031957
1243.58 0.6339995804
1243.81 0.6386865970
1244.04 0.6433801249
1244.28 0.6480477610
1244.51 0.6526939740
1244.75 0.6573395733
1244.98 0.6619924360
1245.22 0.6667090992
1245.45 0.6714362914
1245.68 0.6761697056
1245.92 0.6809183268
1246.15 0.6856584530
1246.39 0.6904039116
1246.62 0.6951498345
1246.86 0.6999167648
1247.09 0.7046445942
1247.33 0.7093317480
1247.57 0.7140332383
1247.80 0.7187272476
1248.04 0.7234346670
1248.27 0.7282087604
1248.51 0.7329887391
1248.74 0.7377870755
1248.98 0.7425734370
1249.21 0.7473104687
1249.45 0.7520270243
1249.68 0.7567458415
1249.92 0.7614573723
1250.15 0.7640734114
1250.39 0.7655354091
1250.62 0.7669981551
1250.86 0.7684701263
1251.10 0.7699330741
1251.33 0.7713932708
1251.57 0.7728581871
1251.80 0.7743279313
1252.04 0.7757806696
1252.28 0.7771656714
1252.51 0.7785552924
1252.75 0.7799406871
1252.98 0.7813270903
1253.22 0.7827894664
1253.46 0.7842629003
1253.69 0.7857320526
1253.93 0.7872020638
1254.16 0.7886193313
1254.40 0.7900030927
1254.64 0.7913919263
1254.87 0.7927805922
1255.11 0.7942160389
1255.35 0.7956899691
1255.58 0.7971630404
1255.82 0.7986376072
1256.06 0.8001125799
1256.29 0.8015879643
1256.53 0.8030635714
1256.77 0.8045443017
1257.00 0.8060208226
1257.24 0.8074132153
1257.48 0.8088104256
1257.71 0.8102033918
1257.95 0.8115964630
1258.19 0.8130580087
1258.43 0.8145428238
1258.66 0.8160226731
1258.90 0.8175048631
1259.14 0.8189366323
1259.37 0.8203354822
1259.61 0.8217314587
1259.85 0.8231270692
1260.09 0.8245327006
1260.32 0.8259426905
1260.56 0.8273493367
1260.80 0.8287602697
1261.04 0.8301756048
1261.27 0.8315874155
1261.51 0.8330033365
1261.75 0.8344195507
1261.99 0.8358283016
1262.22 0.8371570433
1262.46 0.8384844070
1262.70 0.8398078435
1262.94 0.8411315373
1263.18 0.8425224907
1263.41 0.8439399496
1263.65 0.8453542399
1263.89 0.8467693674
1264.13 0.8481344961
1264.37 0.8494626618
1264.61 0.8507869507
1264.84 0.8521109486
1265.08 0.8534708872
1265.32 0.8548824533
1265.56 0.8562991250
1265.80 0.8577197373
1266.04 0.8591404600
1266.28 0.8605573280
1266.51 0.8619757136
1266.75 0.8633933439
1266.99 0.8648115807
1267.23 0.8661399237
1267.47 0.8674653698
1267.71 0.8687939950
1267.95 0.8701237458
1268.18 0.8715176378
1268.42 0.8729406526
1268.66 0.8743608502
1268.90 0.8757809722
1269.14 0.8771455902
1269.38 0.8784751249
1269.62 0.8798009296
1269.86 0.8811224506
1270.10 0.8824710207
1270.34 0.8838342116
1270.58 0.8851978528
1270.82 0.8865612119
1271.06 0.8879286510
1271.30 0.8892894303
1271.54 0.8906537415
1271.78 0.8920216207
1272.01 0.8933797164
1272.25 0.8946503901
1272.49 0.8959174446
1272.73 0.8971845465
1272.97 0.8984500723
1273.21 0.8998037044
1273.45 0.9011717329
1273.69 0.9025365414
1273.93 0.9039014329
1274.17 0.9051945977
1274.41 0.9064640984
1274.65 0.9077294441
1274.89 0.9089950183
1275.13 0.9102637402
1275.38 0.9115281178
1275.62 0.9127927229
1275.86 0.9140570037
1276.10 0.9153205919
1276.34 0.9165853089
1276.58 0.9178519103
1276.82 0.9191152601
1277.06 0.9203815813
1277.30 0.9216448170
1277.54 0.9229038745
1277.78 0.9241697727
1278.02 0.9254320301
1278.26 0.9266937886
1278.50 0.9279550229
1278.74 0.9292236603
1278.98 0.9304809327
1279.22 0.9317419212
1279.47 0.9330068143
1279.71 0.9342667778
1279.95 0.9355273342
1280.19 0.9363688763
1280.43 0.9370943971
1280.67 0.9378177249
1280.91 0.9385445761
1281.16 0.9393379291
1281.40 0.9401655042
1281.64 0.9409929547
1281.88 0.9418204608
1282.12 0.9426471074
1282.36 0.9434734437
1282.60 0.9443000208
1282.85 0.9451281369
1283.09 0.9459559434
1283.33 0.9467817752
1283.57 0.9476043378
1283.81 0.9484313971
1284.06 0.9492555544
1284.30 0.9500799551
1284.54 0.9509062650
1284.78 0.9517293010
1285.02 0.9525422068
1285.27 0.9532580923
1285.51 0.9539760336
1285.75 0.9546910265
1285.99 0.9554051087
1286.23 0.9562252545
1286.48 0.9570458251
1286.72 0.9578666394
1286.96 0.9586841651
1287.20 0.9595058325
1287.45 0.9603286733
1287.69 0.9611474802
1287.93 0.9619683877
1288.18 0.9627873085
1288.42 0.9636031219
1288.66 0.9644202883
1288.90 0.9652408634
1289.15 0.9660577657
1289.39 0.9668745415
1289.63 0.9676937939
1289.88 0.9685095543
1290.12 0.9692617777
1290.36 0.9699461435
1290.61 0.9706320084
1290.85 0.9713152642
1291.09 0.9720392771
1291.33 0.9728318035
1291.58 0.9736258716
1291.82 0.9744171816
1292.07 0.9752092889
1292.31 0.9760023710
1292.55 0.9767926916
1292.80 0.9775832512
1293.04 0.9783751578
1293.28 0.9791616784
1293.53 0.9799508723
1293.77 0.9807397347
1294.01 0.9815301306
1294.26 0.9823200086
1294.50 0.9831076890
1294.75 0.9838950366
1294.99 0.9846816779
1295.23 0.9854681724
1295.48 0.9862535718
1295.72 0.9870418406
1295.97 0.9878271463
1296.21 0.9885140300
1296.45 0.9891844710
1296.70 0.9898567923
1296.94 0.9905262899
1297.19 0.9912831154
1297.43 0.9920676465
1297.68 0.9928493935
1297.92 0.9936287452
1298.16 0.9944098167
1298.41 0.9951926266
1298.65 0.9959752868
1298.90 0.9967553631
1299.14 0.9975371608
1299.39 0.9983139193
1299.63 0.9990933537
1299.88 0.9998718869
1300.12 1.0000000000
1300.37 0.9994925072
1300.62 0.9989838330
1300.86 0.9984756097
1301.10 0.9979678926
1301.35 0.9974599134
1301.60 0.9969522505
1301.84 0.9964420579
1302.09 0.9959344320
1302.33 0.9954257788
1302.58 0.9949157499
1302.82 0.9944082500
1303.07 0.9939296254
1303.31 0.9935373511
1303.56 0.9931426032
1303.80 0.9927491292
1304.05 0.9923327028
1304.30 0.9918233654
1304.54 0.9913133814
1304.79 0.9908040833
1305.03 0.9902922655
1305.28 0.9897813188
1305.53 0.9892712319
1305.77 0.9887623837
1306.02 0.9882500784
1306.26 0.9877395810
1306.51 0.9872290096
1306.76 0.9867179875
1307.00 0.9862057620
1307.25 0.9856949680
1307.49 0.9851835350
1307.74 0.9846707077
1307.99 0.9841600672
1308.23 0.9837589115
1308.48 0.9833631933
1308.73 0.9829664988
1308.97 0.9825724186
1309.22 0.9820735719
1309.47 0.9815595563
1309.71 0.9810454656
1309.96 0.9805335658
1310.21 0.9800257467
1310.45 0.9795180523
1310.70 0.9790106563
1310.95 0.9785031883
1311.19 0.9779956486
1311.44 0.9774857689
1311.69 0.9769780856
1311.94 0.9764695745
1312.18 0.9759600333
1312.43 0.9754515673
1312.68 0.9749434085
1312.93 0.9744334606
1313.17 0.9740071006
1313.42 0.9736146025
1313.67 0.9732218879
1313.92 0.9728300760
1314.16 0.9723592477
1314.41 0.9718491629
1314.66 0.9713401250
1314.91 0.9708287410
1315.15 0.9703193698
1315.40 0.9698110857
1315.65 0.9692992968
1315.90 0.9687891426
1316.15 0.9682789171
1316.39 0.9677655604
1316.64 0.9672551910
1316.89 0.9667457247
1317.14 0.9662350241
1317.39 0.9657227070
1317.63 0.9652116736
1317.88 0.9647003795
1318.13 0.9642499737
1318.38 0.9638554164
1318.63 0.9634606423
1318.88 0.9630665719
1319.13 0.9626114405
1319.37 0.9620990485
1319.62 0.9615875050
1319.87 0.9610747815
1320.12 0.9607609863
1320.37 0.9606609522
1320.62 0.9605607787
1320.87 0.9604591319
1321.12 0.9603579839
1321.37 0.9602565391
1321.61 0.9601547973
1321.86 0.9600518417
1322.11 0.9599495059
1322.36 0.9598464916
1322.61 0.9597429522
1322.86 0.9596393424
1323.11 0.9595867358
1323.36 0.9596002302
1323.61 0.9596140052
1323.86 0.9596277169
1324.11 0.9595902552
1324.36 0.9594847157
1324.61 0.9593783437
1324.86 0.9592725879
1325.10 0.9591172957
1325.36 0.9588905405
1325.60 0.9586642861
1325.85 0.9584380285
1326.10 0.9582601674
1326.35 0.9581517599
1326.60 0.9580432861
1326.85 0.9579344697
1327.10 0.9578243966
1327.35 0.9577144053
1327.60 0.9576042605
1327.86 0.9574934314
1328.10 0.9573829645
1328.35 0.9572715778
1328.60 0.9571598898
1328.86 0.9570476630
1329.11 0.9568857077
1329.36 0.9566531570
1329.61 0.9564202595
1329.86 0.9561865840
1330.11 0.9560058583
1330.36 0.9558940765
1330.61 0.9557815610
1330.86 0.9556697023
1331.11 0.9555573497
1331.36 0.9554439273
1331.61 0.9553310202
1331.86 0.9552173769
1332.11 0.9551026627
1332.37 0.9549881702
1332.62 0.9548734257
1332.87 0.9547587623
1333.12 0.9546430273
1333.37 0.9545275653
1333.62 0.9544112233
1333.87 0.9542947699
1334.12 0.9541179618
1334.38 0.9538788950
1334.63 0.9536412637
1334.88 0.9534017438
1335.13 0.9532243621
1335.38 0.9531052227
1335.63 0.9529864922
1335.88 0.9528664938
1336.14 0.9527471525
1336.39 0.9526271783
1336.64 0.9525058197
1336.89 0.9523844637
1337.14 0.9522633217
1337.40 0.9521418736
1337.65 0.9520198669
1337.90 0.9518978657
1338.15 0.9517016262
1338.40 0.9514564379
1338.66 0.9512097391
1338.91 0.9509639761
1339.16 0.9507945520
1339.41 0.9506703033
1339.67 0.9505452303
1339.92 0.9504196567
1340.17 0.9502944845
1340.42 0.9501682313
1340.68 0.9500415406
1340.93 0.9499154434
1341.18 0.9497876846
1341.43 0.9496600687
1341.69 0.9495326587
1341.94 0.9494047463
1342.19 0.9491815355
1342.45 0.9489295354
1342.70 0.9486769858
1342.95 0.9484240801
1343.20 0.9482696260
1343.46 0.9481393774
1343.71 0.9480081685
1343.96 0.9478770359
1344.22 0.9477452747
1344.47 0.9476132733
1344.72 0.9474810144
1344.98 0.9473490256
1345.23 0.9472158275
1345.48 0.9470821243
1345.74 0.9469479655
1345.99 0.9468142210
1346.24 0.9465592753
1346.50 0.9462992414
1346.75 0.9460396243
1347.01 0.9457829484
1347.26 0.9456463877
1347.52 0.9455099470
1347.77 0.9453730739
1348.02 0.9452363525
1348.28 0.9450978820
1348.53 0.9449597985
1348.79 0.9448212836
1349.04 0.9446826495
1349.29 0.9445438962
1349.55 0.9444044401
1349.80 0.9442644754
1350.06 0.9440914258
1350.31 0.9438034111
1350.57 0.9435154950
1350.82 0.9432285721
1351.07 0.9429754732
1351.33 0.9428118906
1351.58 0.9426484877
1351.84 0.9424835921
1352.09 0.9422735481
1352.35 0.9419823523
1352.60 0.9416910920
1352.86 0.9413985958
1353.11 0.9411616756
1353.37 0.9409953259
1353.62 0.9408284565
1353.88 0.9406611765
1354.13 0.9404278806
1354.39 0.9401339992
1354.64 0.9398384001
1354.90 0.9395415381
1355.15 0.9393223459
1355.41 0.9391522359
1355.66 0.9389824744
1355.92 0.9388122811
1356.17 0.9385551826
1356.43 0.9382560804
1356.69 0.9379570847
1356.94 0.9376584058
1357.20 0.9373582699
1357.45 0.9370577703
1357.71 0.9367568840
1357.96 0.9364561167
1358.22 0.9362638223
1358.48 0.9360897949
1358.73 0.9359152436
1358.99 0.9357405601
1359.25 0.9354420242
1359.50 0.9351376218
1359.76 0.9348338263
1360.01 0.9345348470
1360.27 0.9343583289
1360.53 0.9341805987
1360.78 0.9340023430
1361.04 0.9338043365
1361.30 0.9334967019
1361.55 0.9331895709
1361.81 0.9328800982
1362.07 0.9326036213
1362.32 0.9324235838
1362.58 0.9322428292
1362.84 0.9320614397
1363.09 0.9318331621
1363.35 0.9315222926
1363.61 0.9312103501
1363.86 0.9308978407
1364.12 0.9306459967
1364.38 0.9304626254
1364.63 0.9302782271
1364.89 0.9300939948
1365.15 0.9298342644
1365.41 0.9295185675
1365.66 0.9292031856
1365.92 0.9288883172
1366.18 0.9286613767
1366.43 0.9284743555
1366.69 0.9282866065
1366.95 0.9280993115
1367.21 0.9278057704
1367.47 0.9274876995
1367.72 0.9271683704
1367.98 0.9268493360
1368.24 0.9266492333
1368.50 0.9264594435
1368.76 0.9262683325
1369.01 0.9260718687
1369.27 0.9257493185
1369.53 0.9254272861
1369.79 0.9251046718
1370.05 0.9248030002
1370.30 0.9246093862
1370.56 0.9244161106
1370.82 0.9242206386
1371.08 0.9239872813
1371.34 0.9236603574
1371.60 0.9233331640
1371.85 0.9230048731
1372.11 0.9227340630
1372.37 0.9225377391
1372.63 0.9223404056
1372.89 0.9221430108
1373.15 0.9218703856
1373.41 0.9215395470
1373.66 0.9212076484
1373.92 0.9208767473
1374.18 0.9206388721
1374.44 0.9204380870
1374.70 0.9202377079
1374.96 0.9200367162
1375.22 0.9197243815
1375.48 0.9193888660
1375.74 0.9190547452
1376.00 0.9187201094
1376.26 0.9183830272
1376.52 0.9180476105
1376.77 0.9177109381
1377.03 0.9173909450
1377.29 0.9171853830
1377.55 0.9169813949
1377.81 0.9167754780
1378.07 0.9165325425
1378.33 0.9161927666
1378.59 0.9158522624
1378.85 0.9155122296
1379.11 0.9151716058
1379.37 0.9148299265
1379.63 0.9144879217
1379.89 0.9141457230
1380.15 0.9138783931
1380.41 0.9136664782
1380.67 0.9134546831
1380.93 0.9132426085
1381.19 0.9129313810
1381.45 0.9125841300
1381.71 0.9122368829
1381.97 0.9118879091
1382.23 0.9115399338
1382.49 0.9111907044
1382.75 0.9108408806
1383.01 0.9104973001
1383.28 0.9102815284
1383.54 0.9100647533
1383.80 0.9098479507
1384.06 0.9096009590
1384.32 0.9092496543
1384.58 0.9088970138
1384.84 0.9085419800
1385.10 0.9082402527
1385.36 0.9080210160
1385.62 0.9077998906
1385.88 0.9075809582
1386.14 0.9072853571
1386.41 0.9069274321
1386.67 0.9065705072
1386.93 0.9062131837
1387.19 0.9058557148
1387.45 0.9054962462
1387.71 0.9051369252
1387.97 0.9047772049
1388.24 0.9045403963
1388.50 0.9043150417
1388.76 0.9040900876
1389.02 0.9038542238
1389.28 0.9034910491
1389.54 0.9031298271
1389.81 0.9027670521
1390.07 0.9024030742
1390.33 0.9020341330
1390.59 0.9016669448
1390.85 0.9012989063
1391.12 0.9009916680
1391.38 0.9007598574
1391.64 0.9005274945
1391.90 0.9002944232
1392.16 0.8999748697
1392.43 0.8996031944
1392.69 0.8992336798
1392.95 0.8988607931
1393.21 0.8984884623
1393.48 0.8981157270
1393.74 0.8977426285
1394.00 0.8973691243
1394.27 0.8971328764
1394.53 0.8968959932
1394.79 0.8966584745
1395.05 0.8963912035
1395.32 0.8960151643
1395.58 0.8956369081
1395.84 0.8952598540
1396.11 0.8948829594
1396.37 0.8945046894
1396.63 0.8941248406
1396.89 0.8937455539
1397.16 0.8934482606
1397.42 0.8932063486
1397.68 0.8929638793
1397.95 0.8927210540
1398.21 0.8923670619
1398.47 0.8919844175
1398.74 0.8916001873
1399.00 0.8912165231
1399.27 0.8908328848
1399.53 0.8904470211
1399.79 0.8900623608
1400.06 0.8896994582
1400.32 0.8894191698
1400.59 0.8891386532
1400.85 0.8888581991
1401.11 0.8885166146
1401.38 0.8880970149
1401.64 0.8876756061
1401.91 0.8872525878
1402.17 0.8869186506
1402.43 0.8866356672
1402.70 0.8863521100
1402.96 0.8860695966
1403.23 0.8856129965
1403.49 0.8851280179
1403.76 0.8846427941
1404.02 0.8841563585
1404.29 0.8836700359
1404.55 0.8831832654
1404.81 0.8826966754
1405.08 0.8822499388
1405.34 0.8819026321
1405.61 0.8815547071
1405.87 0.8812062216
1406.14 0.8807841534
1406.40 0.8802965711
1406.67 0.8798047058
1406.93 0.8793128121
1407.20 0.8788218705
1407.46 0.8783306815
1407.73 0.8778388395
1407.99 0.8773463441
1408.26 0.8769918328
1408.52 0.8766395623
1408.79 0.8762865007
1409.06 0.8759046065
1409.32 0.8754089522
1409.59 0.8749150578
1409.85 0.8744187134
1410.12 0.8739204722
1410.38 0.8734195519
1410.65 0.8729165505
1410.92 0.8724149242
1411.18 0.8720096640
1411.45 0.8716479292
1411.71 0.8712870136
1411.98 0.8709254930
1412.24 0.8704320666
1412.51 0.8699263916
1412.78 0.8694212733
1413.04 0.8689159032
1413.31 0.8684100774
1413.58 0.8679042061
1413.84 0.8673974682
1414.11 0.8669477551
1414.38 0.8665815989
1414.64 0.8662160576
1414.91 0.8658517452
1415.17 0.8653913639
1415.44 0.8648807617
1415.71 0.8643709276
1415.98 0.8638608386
1416.24 0.8633472268
1416.51 0.8628372449
1416.78 0.8623257812
1417.04 0.8618363313
1417.31 0.8614663393
1417.58 0.8610967644
1417.85 0.8607269891
1418.11 0.8602952770
1418.38 0.8597809571
1418.65 0.8592674127
1418.91 0.8587507354
1419.18 0.8583315802
1419.45 0.8579592720
1419.72 0.8575869577
1419.98 0.8572125997
1420.25 0.8566992662
1420.52 0.8561762388
1420.79 0.8556517363
1421.06 0.8551238784
1421.32 0.8545992554
1421.59 0.8540739639
1421.86 0.8535476084
1422.13 0.8530892388
1422.39 0.8527073137
1422.66 0.8523237325
1422.93 0.8519405772
1423.20 0.8514495374
1423.47 0.8509214915
1423.73 0.8503923827
1424.00 0.8498609618
1424.27 0.8493315194
1424.54 0.8488012204
1424.81 0.8482687928
1425.08 0.8477786442
1425.35 0.8473936452
1425.61 0.8470063866
1425.88 0.8466166161
1426.15 0.8461475190
1426.42 0.8456136499
1426.69 0.8450784431
1426.96 0.8445454916
1427.23 0.8440102231
1427.50 0.8434738183
1427.77 0.8429377945
1428.03 0.8424200338
1428.30 0.8420284521
1428.57 0.8416364010
1428.84 0.8412445825
1429.11 0.8407928201
1429.38 0.8402548843
1429.65 0.8397138311
1429.92 0.8391749566
1430.19 0.8387319140
1430.46 0.8383298494
1430.73 0.8379284311
1431.00 0.8375271817
1431.27 0.8369786295
1431.54 0.8364298106
1431.81 0.8358801414
1432.08 0.8353305835
1432.35 0.8347805525
1432.62 0.8342292594
1432.88 0.8336780757
1433.16 0.8332098352
1433.43 0.8328031735
1433.70 0.8323975394
1433.97 0.8319933469
1434.24 0.8314564307
1434.51 0.8309027121
1434.78 0.8303486844
1435.05 0.8298194586
1435.32 0.8294103383
1435.59 0.8290018753
1435.86 0.8285935701
1436.13 0.8281128085
1436.40 0.8275554537
1436.67 0.8269981994
1436.94 0.8264383977
1437.21 0.8258806048
1437.48 0.8253228447
1437.75 0.8247634786
1438.03 0.8242162307
1438.30 0.8238039340
1438.57 0.8233897646
1438.84 0.8229770397
1439.11 0.8225041537
1439.38 0.8219422345
1439.65 0.8213798378
1439.92 0.8208152506
1440.19 0.8203523696
1440.47 0.8199276134
1440.74 0.8195058074
1441.01 0.8190756295
1441.28 0.8185017357
1441.55 0.8179287588
1441.82 0.8173530136
1442.10 0.8168302624
1442.37 0.8164044962
1442.64 0.8159779458
1442.91 0.8155509108
1443.18 0.8150244326
1443.45 0.8144456839
1443.73 0.8138672229
1444.00 0.8132895868
1444.27 0.8127114671
1444.54 0.8121343837
1444.82 0.8115537767
1445.09 0.8110221127
1445.36 0.8105918566
1445.63 0.8101587513
1445.90 0.8097276380
1446.18 0.8092006272
1446.45 0.8086189455
1446.72 0.8080348355
1446.99 0.8074525330
1447.27 0.8070164630
1447.54 0.8065815638
1447.81 0.8061481127
1448.09 0.8056668516
1448.36 0.8050820844
1448.63 0.8044952281
1448.90 0.8039096258
1449.18 0.8033235368
1449.45 0.8027366161
1449.72 0.8021480176
1450.00 0.8015620047
1450.27 0.8010508198
1450.54 0.8005364573
1450.82 0.8000246379
1451.09 0.7994635498
1451.37 0.7987988497
1451.64 0.7981371359
1451.91 0.7974741238
1452.18 0.7969117735
1452.46 0.7963968084
1452.73 0.7958832674
1453.01 0.7953664154
1453.28 0.7946995866
1453.55 0.7940338700
1453.83 0.7933681835
1454.10 0.7927579408
1454.38 0.7922414517
1454.65 0.7917255091
1454.92 0.7912098608
1455.20 0.7905846829
1455.47 0.7899148615
1455.75 0.7892464964
1456.02 0.7885899081
1456.30 0.7880708033
1456.57 0.7875536675
1456.84 0.7870370897
1457.12 0.7864543442
1457.39 0.7857820450
1457.67 0.7851112085
1457.94 0.7844408125
1458.22 0.7838860364
1458.49 0.7833679704
1458.77 0.7828477621
1459.04 0.7823053369
1459.32 0.7816308816
1459.59 0.7809575697
1459.87 0.7802844844
1460.14 0.7796825497
1460.42 0.7791509476
1460.69 0.7786188794
1460.97 0.7780867662
1461.24 0.7774178158
1461.52 0.7767326475
1461.79 0.7760465342
1462.07 0.7753973067
1462.34 0.7748654961
1462.62 0.7743315332
1462.89 0.7737972112
1463.17 0.7731644603
1463.45 0.7724768864
1463.72 0.7717891038
1464.00 0.7711009018
1464.27 0.7704118593
1464.55 0.7697230292
1464.83 0.7690318761
1465.10 0.7683994339
1465.38 0.7678609015
1465.65 0.7673253908
1465.93 0.7667883469
1466.21 0.7661336538
1466.48 0.7654428253
1466.76 0.7647513712
1467.04 0.7640780972
1467.31 0.7635391396
1467.59 0.7630017321
1467.87 0.7624623581
1468.14 0.7618405036
1468.42 0.7611466295
1468.70 0.7604533819
1468.97 0.7597566426
1469.25 0.7592030763
1469.53 0.7586620500
1469.80 0.7581188590
1470.08 0.7575298522
1470.36 0.7568207057
1470.63 0.7561134784
1470.91 0.7554059310
1471.19 0.7548030302
1471.47 0.7542490546
1471.74 0.7536929955
1472.02 0.7531268253
1472.30 0.7524175686
1472.58 0.7517077795
1472.85 0.7509958448
1473.13 0.7503589663
1473.41 0.7498026242
1473.69 0.7492448291
1473.96 0.7486882573
1474.24 0.7479966186
1474.52 0.7472851957
1474.80 0.7465734514
1475.07 0.7459023397
1475.35 0.7453429391
1475.63 0.7447848957
1475.91 0.7442249661
1476.19 0.7435619232
1476.46 0.7428499785
1476.74 0.7421340366
1477.02 0.7414315332
1477.30 0.7408715920
1477.58 0.7403116005
1477.86 0.7397495032
1478.13 0.7391133498
1478.41 0.7383977067
1478.69 0.7376789700
1478.97 0.7369623956
1479.25 0.7363848011
1479.53 0.7358214376
1479.81 0.7352590890
1480.09 0.7346930627
1480.37 0.7341177397
1480.64 0.7335410055
1480.92 0.7329654268
1481.20 0.7322766391
1481.48 0.7315450459
1481.76 0.7308107758
1482.04 0.7301028796
1482.32 0.7295260648
1482.60 0.7289473359
1482.88 0.7283697688
1483.16 0.7277024224
1483.44 0.7269707153
1483.72 0.7262352324
1484.00 0.7255005799
1484.28 0.7249196974
1484.56 0.7243391860
1484.84 0.7237600568
1485.12 0.7231164993
1485.39 0.7223810121
1485.67 0.7216426266
1485.95 0.7209062674
1486.23 0.7203006837
1486.52 0.7197186595
1486.80 0.7191373252
1487.08 0.7185139794
1487.36 0.7177788682
1487.64 0.7170383362
1487.92 0.7162997799
1488.20 0.7156690574
1488.48 0.7150852457
1488.76 0.7145019702
1489.04 0.7139212148
1489.32 0.7133378292
1489.60 0.7127525051
1489.88 0.7121692716
1490.16 0.7114877759
1490.44 0.7107308782
1490.72 0.7099761750
1491.00 0.7092223804
1491.28 0.7086239218
1491.57 0.7080235122
1491.85 0.7074242859
1492.13 0.7067540249
1492.41 0.7059972012
1492.69 0.7052376756
1492.97 0.7044831939
1493.25 0.7038648775
1493.54 0.7032626382
1493.82 0.7026618040
1494.10 0.7020062090
1494.38 0.7012456735
1494.66 0.7004892873
1494.94 0.6997302340
1495.22 0.6990955931
1495.51 0.6984900520
1495.79 0.6978878616
1496.07 0.6972463635
1496.35 0.6964856997
1496.63 0.6957251659
1496.91 0.6949642960
1497.20 0.6943129336
1497.48 0.6937077144
1497.76 0.6931036971
1498.04 0.6924994031
1498.33 0.6918950485
1498.61 0.6912887185
1498.89 0.6906835938
1499.17 0.6899813852
1499.46 0.6892157815
1499.74 0.6884524337
1500.02 0.6876992909
1500.30 0.6870596161
1500.59 0.6864157826
1500.87 0.6857759586
1501.15 0.6850501372
1501.44 0.6842489450
1501.72 0.6834525512
1502.00 0.6826532121
1502.28 0.6820122662
1502.57 0.6813693180
1502.85 0.6807280080
1503.13 0.6800861913
1503.42 0.6794423697
1503.70 0.6788004058
1503.98 0.6781579353
1504.27 0.6773666521
1504.55 0.6765637783
1504.83 0.6757624732
1505.12 0.6750263361
1505.40 0.6743816871
1505.68 0.6737401778
1505.97 0.6730951634
1506.25 0.6724494101
1506.54 0.6718061883
1506.82 0.6711615793
1507.10 0.6704597767
1507.39 0.6696566306
1507.67 0.6688533516
1507.96 0.6680501572
1508.24 0.6673787963
1508.53 0.6667338714
1508.81 0.6660864816
1509.09 0.6653915995
1509.38 0.6645869769
1509.66 0.6637798329
1509.95 0.6629751623
1510.23 0.6622909583
1510.52 0.6616325755
1510.80 0.6609756373
1511.09 0.6603192779
1511.37 0.6596602276
1511.65 0.6590032785
1511.94 0.6583462527
1512.22 0.6575633834
1512.51 0.6567441984
1512.79 0.6559294588
1513.08 0.6551564555
1513.37 0.6544965397
1513.65 0.6538385139
1513.93 0.6531777936
1514.22 0.6525198281
1514.51 0.6518611370
1514.79 0.6512023701
1515.08 0.6505005068
1515.36 0.6496821334
1515.65 0.6488609855
1515.93 0.6480421210
1516.22 0.6473452775
1516.51 0.6466837544
1516.79 0.6460239035
1517.08 0.6453209107
1517.36 0.6444990424
1517.65 0.6436785939
1517.93 0.6428588716
1518.22 0.6421613411
1518.51 0.6415007109
1518.79 0.6408395672
1519.08 0.6401765800
1519.37 0.6395155035
1519.65 0.6388521437
1519.94 0.6381906968
1520.22 0.6374003502
1520.51 0.6365688588
1520.80 0.6357400769
1521.08 0.6349569996
1521.37 0.6342838407
1521.66 0.6336143517
1521.94 0.6329465622
1522.23 0.6322762828
1522.52 0.6316047809
1522.80 0.6309341265
1523.09 0.6302130964
1523.38 0.6293799594
1523.67 0.6285493440
1523.95 0.6277188104
1524.24 0.6270212776
1524.53 0.6263482399
1524.82 0.6256773500
1525.10 0.6250059433
1525.39 0.6243342396
1525.68 0.6236606685
1525.96 0.6229916691
1526.25 0.6221796000
1526.54 0.6213420318
1526.83 0.6205098576
1527.12 0.6197411929
1527.40 0.6190690294
1527.69 0.6183963836
1527.98 0.6177238458
1528.27 0.6170512307
1528.55 0.6163758947
1528.84 0.6157029047
1529.13 0.6149575449
1529.42 0.6141234613
1529.71 0.6132867751
1529.99 0.6124526365
1530.28 0.6117718789
1530.57 0.6110916621
1530.86 0.6104133939
1531.15 0.6097356669
1531.44 0.6090586111
1531.73 0.6083760476
1532.02 0.6076974225
1532.30 0.6070185437
1532.59 0.6063377281
1532.88 0.6056582515
1533.17 0.6048869879
1533.46 0.6040466036
1533.75 0.6032036488
1534.04 0.6023833292
1534.33 0.6017035329
1534.62 0.6010216175
1534.90 0.6003416651
1535.19 0.5996616353
1535.48 0.5989794838
1535.77 0.5982988559
1536.06 0.5975842759
1536.35 0.5967422746
1536.64 0.5959007449
1536.93 0.5950559753
1537.22 0.5943358672
1537.51 0.5936550580
1537.80 0.5929717331
1538.09 0.5922905469
1538.38 0.5916092834
1538.67 0.5909255031
1538.96 0.5902456978
1539.25 0.5895639818
1539.54 0.5888819669
1539.83 0.5881976557
1540.12 0.5874468297
1540.41 0.5866018219
1540.70 0.5857591191
1540.99 0.5849117727
1541.28 0.5842216390
1541.57 0.5835376479
1541.86 0.5828515137
1542.15 0.5821650790
1542.44 0.5814828579
1542.73 0.5807981153
1543.02 0.5800984800
1543.31 0.5792520828
1543.61 0.5784057012
1543.90 0.5775565114
1544.19 0.5768137968
1544.48 0.5761307176
1544.77 0.5754454871
1545.06 0.5747581025
1545.35 0.5740708625
1545.64 0.5733851786
1545.93 0.5726991958
1546.22 0.5720133599
1546.52 0.5713272252
1546.81 0.5706391541
1547.10 0.5698975642
1547.39 0.5690471021
1547.68 0.5681986659
1547.97 0.5673527710
1548.27 0.5666492622
1548.56 0.5659624923
1548.85 0.5652757892
1549.14 0.5645869185
1549.43 0.5638996989
1549.72 0.5632123213
1550.02 0.5625234437
1550.31 0.5618395739
1550.60 0.5611521086
1550.89 0.5604643433
1551.19 0.5596767320
1551.48 0.5588259961
1551.77 0.5579778944
1552.06 0.5571643329
1552.36 0.5564775175
1552.65 0.5557895537
1552.94 0.5551025891
1553.23 0.5544138927
1553.53 0.5537269122
1553.82 0.5530420568
1554.11 0.5523428325
1554.40 0.5516210312
1554.70 0.5509008977
1554.99 0.5501812569
1555.28 0.5494591931
1555.58 0.5487393791
1555.87 0.5480190306
1556.16 0.5472963532
1556.46 0.5465761837
1556.75 0.5458555769
1557.04 0.5451325415
1557.34 0.5444115382
1557.63 0.5436908985
1557.92 0.5429697246
1558.22 0.5422604926
1558.51 0.5415536501
1558.81 0.5408485244
1559.10 0.5401375791
1559.39 0.5394144332
1559.69 0.5386945557
1559.98 0.5379725707
1560.27 0.5372551188
1560.57 0.5365356777
1560.86 0.5358178327
1561.16 0.5350976540
1561.45 0.5343798668
1561.74 0.5336617713
1562.04 0.5329438179
1562.33 0.5322234200
1562.63 0.5315051896
1562.92 0.5307865357
1563.22 0.5300680245
1563.51 0.5293474036
1563.81 0.5286282752
1564.10 0.5279149261
1564.39 0.5272122063
1564.69 0.5265072652
1564.98 0.5258045057
1565.28 0.5250879080
1565.58 0.5243664837
1565.87 0.5236466717
1566.16 0.5229268946
1566.46 0.5222030690
1566.76 0.5214830080
1567.05 0.5207647910
1567.35 0.5200445665
1567.64 0.5193221056
1567.94 0.5186022728
1568.23 0.5178813488
1568.53 0.5171588641
1568.82 0.5164377757
1569.12 0.5157173868
1569.41 0.5149959087
1569.71 0.5142751293
1570.01 0.5135520048
1570.30 0.5128543738
1570.60 0.5121566697
1570.89 0.5114564019
1571.19 0.5107498471
1571.48 0.5100353876
1571.78 0.5093162866
1572.08 0.5086014409
1572.38 0.5078865165
1572.67 0.5071691159
1572.97 0.5064559789
1573.26 0.5057405924
1573.56 0.5050254486
1573.86 0.5043075035
1574.15 0.5035897052
1574.45 0.5028737771
1574.75 0.5021580901
1575.04 0.5014466377
1575.34 0.5007629468
1575.64 0.5000795080
1575.93 0.4993957759
1576.23 0.4986972102
1576.53 0.4979969823
1576.83 0.4972964552
1577.12 0.4965941251
1577.42 0.4958934534
1577.72 0.4951924826
1578.02 0.4944903889
1578.31 0.4938058814
1578.61 0.4931228167
1578.91 0.4924384918
1579.20 0.4917402161
1579.50 0.4910366331
1579.80 0.4903347163
1580.10 0.4896416931
1580.39 0.4889656860
1580.69 0.4882895359
1580.99 0.4876112074
1581.29 0.4869210311
1581.59 0.4862260813
1581.88 0.4855328871
1582.18 0.4848398534
1582.48 0.4841445491
1582.78 0.4834509234
1583.08 0.4827615658
1583.38 0.4820822607
1583.67 0.4814048716
1583.97 0.4807274217
1584.27 0.4800324027
1584.57 0.4793384574
1584.87 0.4786436856
1585.17 0.4779493771
1585.46 0.4772547001
1585.77 0.4765580436
1586.06 0.4758662046
1586.36 0.4751878621
1586.66 0.4745090013
1586.96 0.4738302386
1587.26 0.4731368434
1587.56 0.4724395609
1587.86 0.4717415234
1588.16 0.4710565588
1588.45 0.4703768661
1588.76 0.4696953477
1589.05 0.4690123271
1589.35 0.4683164821
1589.65 0.4676178205
1589.95 0.4669210891
1590.25 0.4662341480
1590.55 0.4655470425
1590.85 0.4648613521
1591.15 0.4641846072
1591.45 0.4635156027
1591.75 0.4628440186
1592.05 0.4621719190
1592.35 0.4614877675
1592.65 0.4608013202
1592.95 0.4601128040
1593.25 0.4594401821
1593.55 0.4587678512
1593.85 0.4580954633
1594.15 0.4574188253
1594.45 0.4567313284
1594.75 0.4560440001
1595.05 0.4553545972
1595.36 0.4546649567
1595.65 0.4539789988
1595.96 0.4532892332
1596.26 0.4526151729
1596.56 0.4519436415
1596.86 0.4512717724
1597.16 0.4505889028
1597.46 0.4499001652
1597.76 0.4492113155
1598.06 0.4485256809
1598.36 0.4478533487
1598.66 0.4471805011
1598.97 0.4465055734
1599.27 0.4458156058
1599.57 0.4451259898
1599.87 0.4444383887
1600.17 0.4437742537
1600.47 0.4431278774
1600.78 0.4424815019
1601.08 0.4418348048
1601.38 0.4411896341
1601.68 0.4405464983
1601.98 0.4399010551
1602.28 0.4392534896
1602.59 0.4386079587
1602.89 0.4379621533
1603.19 0.4373144976
1603.49 0.4366701813
1603.79 0.4360217032
1604.10 0.4353773428
1604.40 0.4347285861
1604.70 0.4340800158
1605.00 0.4334327503
1605.31 0.4327856733
1605.61 0.4321365084
1605.91 0.4314909654
1606.21 0.4308314897
1606.52 0.4301627770
1606.82 0.4294983768
1607.12 0.4288401463
1607.43 0.4281898167
1607.73 0.4275433132
1608.03 0.4268951796
1608.33 0.4262509111
1608.64 0.4256050446
1608.94 0.4249607267
1609.24 0.4243161359
1609.55 0.4236694475
1609.85 0.4230263678
1610.15 0.4223872549
1610.46 0.4217578521
1610.76 0.4211281522
1611.06 0.4204961244
1611.37 0.4198656579
1611.67 0.4192356493
1611.97 0.4186028173
1612.28 0.4179720407
1612.58 0.4173407376
1612.89 0.4167075922
1613.19 0.4160762448
1613.49 0.4154462329
1613.80 0.4148138615
1614.10 0.4141798754
1614.41 0.4135474581
1614.71 0.4129150061
1615.02 0.4122804467
1615.32 0.4116469932
1615.62 0.4110139923
1615.93 0.4103804690
1616.23 0.4097466782
1616.54 0.4091105430
1616.84 0.4084767022
1617.15 0.4078423408
1617.45 0.4072058843
1617.76 0.4065709869
1618.06 0.4059325746
1618.37 0.4052787304
1618.67 0.4046262440
1618.98 0.4039739497
1619.28 0.4033365519
1619.59 0.4027005194
1619.89 0.4020644522
1620.20 0.4014390929
1620.50 0.4008179214
1620.81 0.4001967202
1621.11 0.3995768788
1621.42 0.3989588791
1621.72 0.3983366568
1622.03 0.3977160302
1622.34 0.3970956206
1622.64 0.3964726099
1622.95 0.3958495798
1623.25 0.3952297667
1623.56 0.3946080736
1623.87 0.3939842542
1624.17 0.3933615592
1624.48 0.3927388442
1624.78 0.3921144688
1625.09 0.3915010660
1625.39 0.3909115353
1625.70 0.3903233895
1626.01 0.3897317248
1626.31 0.3891395746
1626.62 0.3885492830
1626.93 0.3879580335
1627.23 0.3873522303
1627.54 0.3867459332
1627.85 0.3861372691
1628.15 0.3855353934
1628.46 0.3849417106
1628.77 0.3843494200
1629.07 0.3837585217
1629.38 0.3831638518
1629.69 0.3825708097
1629.99 0.3819775169
1630.30 0.3814011267
1630.61 0.3808263731
1630.92 0.3802511410
1631.22 0.3796617908
1631.53 0.3790707856
1631.84 0.3784764644
1632.15 0.3778910733
1632.45 0.3773143766
1632.76 0.3767362503
1633.07 0.3761588298
1633.38 0.3755813955
1633.68 0.3750037226
1633.99 0.3744241446
1634.30 0.3738457409
1634.61 0.3732654433
1634.92 0.3726865500
1635.22 0.3721088344
1635.53 0.3715292169
1635.84 0.3709479309
1636.15 0.3703593333
1636.46 0.3697617604
1636.77 0.3691620386
1637.08 0.3685679740
1637.38 0.3679868649
1637.69 0.3674033857
1638.00 0.3668229898
1638.31 0.3662392429
1638.62 0.3656547895
1638.93 0.3650738828
1639.24 0.3644889376
1639.55 0.3639054002
1639.85 0.3633218532
1640.16 0.3627373513
1640.47 0.3621556773
1640.78 0.3615739949
1641.09 0.3609948896
1641.40 0.3604311886
1641.71 0.3598648668
1642.02 0.3592989985
1642.33 0.3587307603
1642.64 0.3581637214
1642.95 0.3575947669
1643.26 0.3570272301
1643.57 0.3564592369
1643.88 0.3558907475
1644.19 0.3553203594
1644.50 0.3547511531
1644.81 0.3541814916
1645.12 0.3536054037
1645.42 0.3530179266
1645.74 0.3524285194
1646.05 0.3518426839
1646.36 0.3512715528
1646.67 0.3506982585
1646.98 0.3501261717
1647.29 0.3495555321
1647.60 0.3489829656
1647.91 0.3484082326
1648.22 0.3478344457
1648.53 0.3472589918
1648.84 0.3466832959
1649.15 0.3461102385
1649.46 0.3455352769
1649.77 0.3449585905
1650.08 0.3443931067
1650.39 0.3438547715
1650.70 0.3433147223
1651.02 0.3427766164
1651.33 0.3422547068
1651.64 0.3417325762
1651.95 0.3412097486
1652.26 0.3406850008
1652.57 0.3401614920
1652.88 0.3396375239
1653.19 0.3391113950
1653.51 0.3385884135
1653.82 0.3380633043
1654.13 0.3375362359
1654.44 0.3370087402
1654.75 0.3364822141
1655.07 0.3359552624
1655.38 0.3354282916
1655.69 0.3349006210
1656.00 0.3343725258
1656.31 0.3338427018
1656.63 0.3333121761
1656.94 0.3327831359
1657.25 0.3322551055
1657.56 0.3317234311
1657.87 0.3311930052
1658.19 0.3306621171
1658.50 0.3301309658
1658.81 0.3295979168
1659.12 0.3290656405
1659.44 0.3285333386
1659.75 0.3280003757
1660.06 0.3274694979
1660.38 0.3269547546
1660.69 0.3264382729
1661.00 0.3259225734
1661.31 0.3254079407
1661.63 0.3248915676
1661.94 0.3243730161
1662.25 0.3238542455
1662.57 0.3233360197
1662.88 0.3228180553
1663.19 0.3222989140
1663.51 0.3217797479
1663.82 0.3212599300
1664.13 0.3207396538
1664.45 0.3202174323
1664.76 0.3196961906
1665.07 0.3191745379
1665.39 0.3186508887
1665.70 0.3181282682
1666.02 0.3176052373
1666.33 0.3170802064
1666.64 0.3165559655
1666.96 0.3160313149
1667.27 0.3155049009
1667.59 0.3149807720
1667.90 0.3144534355
1668.21 0.3139268914
1668.53 0.3134003147
1668.85 0.3128713518
1669.16 0.3123436639
1669.47 0.3118152741
1669.79 0.3112881075
1670.10 0.3107623510
1670.42 0.3102488940
1670.73 0.3097345543
1671.05 0.3092184425
1671.36 0.3087029485
1671.68 0.3081871824
1671.99 0.3076692151
1672.31 0.3071525335
1672.62 0.3066351533
1672.94 0.3061155692
1673.25 0.3055970314
1673.57 0.3050782766
1673.88 0.3045573154
1674.20 0.3040384270
1674.51 0.3035160647
1674.83 0.3029951734
1675.14 0.3024982700
1675.46 0.3020291107
1675.78 0.3015617469
1676.09 0.3010865728
1676.41 0.3005987572
1676.72 0.3001106742
1677.04 0.2996232898
1677.36 0.2991507528
1677.67 0.2986807403
1677.99 0.2982087731
1678.30 0.2977187057
1678.62 0.2972261902
1678.94 0.2967347427
1679.25 0.2962556098
1679.57 0.2957813588
1679.89 0.2953064896
1680.20 0.2948396551
1680.52 0.2943771593
1680.84 0.2939125298
1681.15 0.2934399500
1681.47 0.2929573023
1681.79 0.2924741415
1682.10 0.2919965967
1682.42 0.2915305604
1682.74 0.2910629765
1683.06 0.2905913135
1683.37 0.2901054489
1683.69 0.2896204221
1684.01 0.2891336653
1684.32 0.2886631421
1684.64 0.2881934636
1684.96 0.2877218157
1685.28 0.2872336216
1685.59 0.2867451977
1685.91 0.2862547963
1686.23 0.2857769982
1686.55 0.2853026459
1686.87 0.2848290670
1687.18 0.2843550461
1687.50 0.2838788804
1687.82 0.2834037314
1688.14 0.2829214025
1688.45 0.2824250916
1688.77 0.2819285729
1689.09 0.2814377665
1689.41 0.2809599046
1689.73 0.2804798170
1690.05 0.2800011454
1690.37 0.2795140777
1690.68 0.2790233159
1691.00 0.2785347000
1691.32 0.2780645725
1691.64 0.2775933522
1691.96 0.2771218550
1692.28 0.2766334102
1692.60 0.2761417539
1692.92 0.2756483472
1693.23 0.2751692969
1693.55 0.2746946033
1693.87 0.2742194673
1694.19 0.2737436443
1694.51 0.2732655858
1694.83 0.2727886320
1695.15 0.2723024389
1695.47 0.2718039007
1695.79 0.2713060563
1696.11 0.2708156689
1696.43 0.2703328069
1696.75 0.2698521999
1697.07 0.2693669041
1697.39 0.2688647693
1697.71 0.2683649597
1698.03 0.2678644539
1698.35 0.2673807893
1698.67 0.2668951219
1698.99 0.2664100746
1699.31 0.2659064555
1699.63 0.2654000892
1699.95 0.2648956513
1700.27 0.2644584664
1700.59 0.2640356494
1700.91 0.2636124093
1701.23 0.2631738524
1701.55 0.2627303872
1701.87 0.2622862459
1702.19 0.2618517953
1702.51 0.2614254434
1702.83 0.2609985751
1703.15 0.2605608787
1703.47 0.2601138535
1703.80 0.2596660576
1704.12 0.2592167528
1704.44 0.2587691672
1704.76 0.2583195809
1705.08 0.2578744766
1705.40 0.2574416280
1705.72 0.2570083516
1706.05 0.2565730216
1706.37 0.2561217687
1706.69 0.2556688518
1707.01 0.2552144196
1707.33 0.2547794851
1707.65 0.2543437272
1707.98 0.2539050330
1708.30 0.2534519201
1708.62 0.2529949248
1708.94 0.2525365575
1709.26 0.2520785905
1709.59 0.2516201865
1709.91 0.2511596204
1710.23 0.2507185836
1710.55 0.2502849059
1710.87 0.2498514942
1711.20 0.2494033950
1711.52 0.2489469678
1711.84 0.2484909456
1712.16 0.2480445039
1712.49 0.2476055279
1712.81 0.2471686931
1713.13 0.2467218242
1713.45 0.2462614244
1713.78 0.2458003435
1714.10 0.2453400843
1714.42 0.2448791894
1714.75 0.2444175597
1715.07 0.2439596198
1715.39 0.2435162758
1715.72 0.2430710592
1716.04 0.2426239821
1716.36 0.2421591794
1716.69 0.2416936154
1717.01 0.2412281066
1717.33 0.2407796419
1717.66 0.2403318987
1717.98 0.2398822189
1718.31 0.2394146120
1718.63 0.2389451927
1718.95 0.2384765407
1719.28 0.2380212705
1719.60 0.2375683888
1719.92 0.2371161480
1720.25 0.2366506528
1720.57 0.2361825102
1720.90 0.2357151537
1721.22 0.2352456827
1721.55 0.2347743058
1721.87 0.2343033549
1722.19 0.2338437282
1722.52 0.2333899812
1722.84 0.2329370894
1723.17 0.2324729964
1723.49 0.2319989103
1723.82 0.2315224174
1724.14 0.2310556938
1724.47 0.2305992079
1724.79 0.2301420957
1725.12 0.2296977338
1725.44 0.2292795414
1725.77 0.2288605532
1726.09 0.2284397818
1726.42 0.2280196237
1726.74 0.2275986691
1727.07 0.2271761528
1727.39 0.2267552150
1727.72 0.2263326719
1728.05 0.2259093493
1728.37 0.2254841134
1728.70 0.2250597476
1729.02 0.2246358982
1729.35 0.2242292074
1729.67 0.2238230401
1730.00 0.2234162505
1730.33 0.2229909443
1730.65 0.2225675740
1730.98 0.2221409673
1731.31 0.2217150037
1731.63 0.2212883898
1731.96 0.2208599046
1732.28 0.2204319386
1732.61 0.2200031465
1732.94 0.2195728055
1733.26 0.2191429110
1733.59 0.2187136358
1733.92 0.2182826616
1734.24 0.2178646826
1734.57 0.2174527810
1734.90 0.2170400583
1735.22 0.2166114577
1735.55 0.2161771016
1735.88 0.2157421661
1736.21 0.2153051983
1736.53 0.2148688289
1736.86 0.2144318280
1737.19 0.2139929678
1737.51 0.2135561577
1737.84 0.2131157338
1738.17 0.2126867813
1738.50 0.2122671243
1738.83 0.2118456834
1739.15 0.2114152013
1739.48 0.2109730802
1739.81 0.2105287962
1740.13 0.2100875700
1740.46 0.2096458069
1740.79 0.2092031650
1741.12 0.2087572385
1741.45 0.2083133235
1741.78 0.2078688498
1742.10 0.2074236165
1742.43 0.2069776231
1742.76 0.2065310200
1743.09 0.2060881713
1743.42 0.2056598840
1743.75 0.2052320388
1744.07 0.2048001551
1744.40 0.2043504020
1744.73 0.2038983523
1745.06 0.2034470231
1745.39 0.2029950155
1745.72 0.2025409923
1746.05 0.2020876740
1746.38 0.2016337677
1746.70 0.2011802657
1747.04 0.2007221505
1747.36 0.2002661511
1747.69 0.1998093108
1748.02 0.1993521093
1748.35 0.1989151823
1748.68 0.1984785177
1749.01 0.1980382715
1749.34 0.1975768534
1749.67 0.1971158787
1750.00 0.1966546409
1750.33 0.1963719596
1750.66 0.1960905230
1750.99 0.1958076039
1751.32 0.1955448708
1751.65 0.1952815303
1751.98 0.1950184953
1752.31 0.1947549179
1752.64 0.1944902016
1752.97 0.1942257408
1753.30 0.1939413282
1753.63 0.1936536447
1753.96 0.1933663857
1754.29 0.1930974637
1754.62 0.1928306865
1754.95 0.1925632298
1755.29 0.1922946889
1755.62 0.1920262694
1755.95 0.1917574396
1756.28 0.1914693570
1756.61 0.1911779872
1756.94 0.1908871198
1757.27 0.1906123980
1757.60 0.1903403274
1757.93 0.1900685137
1758.26 0.1897791227
1758.60 0.1894840137
1758.93 0.1891891540
1759.26 0.1889106775
1759.59 0.1886357212
1759.92 0.1883609660
1760.25 0.1880863224
1760.59 0.1878107859
1760.92 0.1875354263
1761.25 0.1872432759
1761.58 0.1869452383
1761.91 0.1866464611
1762.24 0.1863625024
1762.58 0.1860847450
1762.91 0.1858064632
1763.24 0.1855109118
1763.57 0.1852106025
1763.90 0.1849087975
1764.24 0.1846221235
1764.57 0.1843404970
1764.90 0.1840582902
1765.24 0.1837757093
1765.57 0.1834941518
1765.90 0.1832113810
1766.23 0.1829125812
1766.57 0.1826058641
1766.90 0.1822993495
1767.23 0.1820070993
1767.57 0.1817215519
1767.90 0.1814364959
1768.23 0.1811339644
1768.56 0.1808249325
1768.90 0.1805154399
1769.23 0.1802197925
1769.56 0.1799313923
1769.90 0.1796425130
1770.23 0.1793543044
1770.56 0.1790642377
1770.90 0.1787735882
1771.23 0.1784668355
1771.57 0.1781538259
1771.90 0.1778410467
1772.23 0.1775424132
1772.57 0.1772491966
1772.90 0.1769563955
1773.24 0.1766620401
1773.57 0.1763680726
1773.90 0.1760736750
1774.24 0.1757627838
1774.57 0.1754448599
1774.91 0.1751255467
1775.24 0.1748716351
1775.58 0.1746420310
1775.91 0.1744121960
1776.25 0.1741645449
1776.58 0.1739120040
1776.91 0.1736574303
1777.25 0.1734194455
1777.59 0.1731872870
1777.92 0.1729548445
1778.26 0.1727212457
1778.59 0.1724886599
1778.92 0.1722548405
1779.26 0.1720023473
1779.60 0.1717442572
1779.93 0.1714863459
1780.27 0.1712468008
1780.60 0.1710123188
1780.94 0.1707760478
1781.27 0.1705214342
1781.61 0.1702621346
1781.94 0.1700014922
1782.28 0.1697603918
1782.62 0.1695225621
1782.95 0.1692843404
1783.29 0.1690252144
1783.62 0.1687631586
1783.96 0.1685005119
1784.30 0.1682570778
1784.63 0.1680166610
1784.97 0.1677756786
1785.31 0.1675344816
1785.64 0.1672920491
1785.98 0.1670497542
1786.32 0.1667854452
1786.65 0.1665185073
1786.99 0.1662518113
1787.33 0.1660077770
1787.66 0.1657625208
1788.00 0.1655177789
1788.34 0.1652492699
1788.67 0.1649801949
1789.01 0.1647114343
1789.35 0.1644640079
1789.68 0.1642169519
1790.02 0.1639694043
1790.36 0.1637213271
1790.70 0.1634735179
1791.03 0.1632230876
1791.37 0.1629502938
1791.71 0.1626776563
1792.05 0.1624079658
1792.38 0.1621571507
1792.72 0.1619066687
1793.06 0.1616515712
1793.40 0.1613767330
1793.74 0.1611013402
1794.07 0.1608305783
1794.41 0.1605777684
1794.75 0.1603238287
1795.09 0.1600693936
1795.43 0.1598152795
1795.76 0.1595614096
1796.10 0.1592992115
1796.44 0.1590192917
1796.78 0.1587395699
1797.12 0.1584676580
1797.46 0.1582101099
1797.80 0.1579526919
1798.13 0.1576854048
1798.47 0.1574024780
1798.81 0.1571200296
1799.15 0.1568476810
1799.49 0.1565872369
1799.83 0.1563278325
1800.17 0.1560683544
1800.51 0.1558119250
1800.85 0.1555537007
1801.19 0.1552957661
1801.53 0.1550366929
1801.87 0.1547780483
1802.21 0.1545182382
1802.55 0.1542596624
1802.88 0.1539998609
1803.22 0.1537239996
1803.57 0.1534377358
1803.90 0.1531527760
1804.25 0.1528840363
1804.58 0.1526231498
1804.92 0.1523611530
1805.26 0.1520987604
1805.61 0.1518352492
1805.94 0.1515722465
1806.29 0.1513087435
1806.62 0.1510448701
1806.97 0.1507807097
1807.31 0.1505161731
1807.65 0.1502503328
1807.99 0.1499851373
1808.33 0.1497185538
1808.67 0.1494525890
1809.01 0.1491868960
1809.35 0.1489200839
1809.69 0.1486512904
1810.03 0.1483838117
1810.38 0.1481155954
1810.72 0.1478477896
1811.06 0.1475763974
1811.40 0.1472834080
1811.74 0.1469892328
1812.08 0.1467011990
1812.42 0.1464315159
1812.76 0.1461614074
1813.11 0.1458901980
1813.45 0.1456193422
1813.79 0.1453481128
1814.13 0.1450756760
1814.47 0.1448037782
1814.81 0.1445312956
1815.16 0.1442586229
1815.50 0.1439846865
1815.84 0.1437112901
1816.18 0.1434373616
1816.53 0.1431622989
1816.87 0.1428876719
1817.21 0.1426126433
1817.55 0.1423372652
1817.89 0.1420615371
1818.24 0.1417852762
1818.58 0.1415086654
1818.92 0.1412310471
1819.27 0.1409345145
1819.61 0.1406319578
1819.95 0.1403290673
1820.29 0.1400464652
1820.64 0.1397681028
1820.98 0.1394892582
1821.32 0.1392100886
1821.67 0.1389296461
1822.01 0.1386497207
1822.35 0.1383693124
1822.70 0.1380877085
1823.04 0.1378066223
1823.38 0.1375251018
1823.73 0.1372423349
1824.07 0.1369601351
1824.41 0.1366773760
1824.76 0.1363951059
1825.10 0.1361182400
1825.45 0.1358594941
1825.79 0.1356004040
1826.13 0.1353401753
1826.48 0.1350803702
1826.82 0.1348201731
1827.17 0.1345588046
1827.51 0.1342987087
1827.86 0.1340366705
1828.20 0.1337749833
1828.54 0.1335130036
1828.89 0.1332499281
1829.23 0.1329871254
1829.58 0.1327239771
1829.92 0.1324598629
1830.27 0.1321963321
1830.61 0.1319324359
1830.96 0.1316675720
1831.30 0.1314037485
1831.65 0.1311388586
1831.99 0.1308736748
1832.34 0.1306071853
1832.68 0.1303404009
1833.03 0.1300740432
1833.38 0.1298072588
1833.72 0.1295401799
1834.07 0.1292727180
1834.41 0.1290040356
1834.76 0.1287350045
1835.10 0.1284663918
1835.45 0.1281982169
1835.79 0.1279288545
1836.14 0.1276584189
1836.49 0.1273883055
1836.83 0.1271178695
1837.18 0.1268462103
1837.53 0.1265750490
1837.87 0.1263034057
1838.22 0.1260323400
1838.57 0.1257584910
1838.91 0.1254856652
1839.26 0.1252126747
1839.60 0.1249392429
1839.95 0.1246645851
1840.30 0.1243915775
1840.64 0.1241164299
1840.99 0.1238411574
1841.34 0.1235661421
1841.68 0.1232907630
1842.03 0.1230141700
1842.38 0.1227389237
1842.73 0.1224624897
1843.07 0.1221855975
1843.42 0.1219074629
1843.77 0.1216299458
1844.12 0.1213518372
1844.46 0.1210727098
1844.81 0.1207939752
1845.16 0.1205148081
1845.51 0.1202352468
1845.85 0.1199545338
1846.20 0.1196742387
1846.55 0.1193935632
1846.90 0.1191124427
1847.25 0.1188302452
1847.59 0.1185484276
1847.94 0.1182662556
1848.29 0.1179828607
1848.64 0.1176998461
1848.99 0.1174173461
1849.34 0.1171327260
1849.68 0.1168486565
1850.03 0.1165665152
1850.38 0.1163083166
1850.73 0.1160491245
1851.08 0.1157900477
1851.43 0.1155308743
1851.78 0.1152704294
1852.12 0.1150104744
1852.47 0.1147500484
1852.82 0.1144893558
1853.17 0.1142275767
1853.52 0.1139661367
1853.87 0.1137042963
1854.22 0.1134422422
1854.57 0.1131789663
1854.92 0.1129161444
1855.27 0.1126528604
1855.62 0.1123885403
1855.97 0.1121253629
1856.32 0.1118610351
1856.67 0.1115963924
1857.02 0.1113306248
1857.37 0.1110645145
1857.72 0.1107987179
1858.07 0.1105326259
1858.42 0.1102662114
1858.77 0.1099993673
1859.12 0.1097314020
1859.47 0.1094638584
1859.82 0.1091951392
1860.17 0.1089277487
1860.52 0.1086594820
1860.87 0.1083898457
1861.22 0.1081207126
1861.57 0.1078512870
1861.92 0.1075806249
1862.27 0.1073103632
1862.62 0.1070406325
1862.97 0.1067696686
1863.33 0.1064975207
1863.68 0.1062250511
1864.03 0.1059521755
1864.38 0.1056798312
1864.73 0.1054078041
1865.08 0.1051346780
1865.43 0.1048603926
1865.79 0.1045864781
1866.14 0.1043114351
1866.49 0.1040367610
1866.84 0.1037625396
1867.19 0.1034864096
1867.55 0.1032098716
1867.90 0.1029345103
1868.25 0.1026378760
1868.60 0.1023336607
1868.95 0.1020290272
1869.31 0.1017469858
1869.66 0.1014697345
1870.01 0.1011906204
1870.36 0.1009111780
1870.71 0.1006322972
1871.07 0.1003530342
1871.42 0.1000725258
1871.77 0.0997933626
1872.12 0.0995129258
1872.48 0.0992312955
1872.83 0.0989501747
1873.18 0.0986677777
1873.54 0.0983858625
1873.89 0.0981035655
1874.24 0.0978208566
1874.60 0.0975378721
1874.95 0.0972544228
1875.30 0.0969942950
1875.66 0.0967371689
1876.01 0.0964803986
1876.36 0.0962232568
1876.72 0.0959650347
1877.07 0.0957072494
1877.42 0.0954490386
1877.78 0.0951898780
1878.13 0.0949205493
1878.49 0.0946334012
1878.84 0.0943459215
1879.19 0.0940725970
1879.55 0.0938123062
1879.90 0.0935517481
1880.26 0.0932908955
1880.61 0.0930289845
1880.96 0.0927681979
1881.32 0.0925063255
1881.67 0.0922432851
1882.03 0.0919807627
1882.38 0.0917178690
1882.74 0.0914546199
1883.09 0.0911827694
1883.45 0.0908906664
1883.80 0.0905981481
1884.16 0.0903170009
1884.51 0.0900519033
1884.87 0.0897865092
1885.22 0.0895207098
1885.58 0.0892537914
1885.93 0.0889872894
1886.29 0.0887204905
1886.65 0.0884526181
1887.00 0.0881850068
1887.36 0.0879170982
1887.71 0.0876496811
1888.07 0.0873748557
1888.42 0.0870775461
1888.78 0.0867796367
1889.13 0.0864914217
1889.49 0.0862205762
1889.85 0.0859509750
1890.20 0.0856802219
1890.56 0.0854084342
1890.92 0.0851370737
1891.27 0.0848653417
1891.63 0.0845924555
1891.98 0.0843200156
1892.34 0.0840197550
1892.70 0.0837170086
1893.06 0.0834191834
1893.41 0.0831453277
1893.77 0.0828709914
1894.12 0.0825963167
1894.48 0.0823205657
1894.84 0.0820459676
1895.20 0.0817694235
1895.55 0.0814932998
1895.91 0.0812159887
1896.27 0.0809305979
1896.63 0.0806409812
1896.98 0.0803526138
1897.34 0.0800687293
1897.70 0.0797846352
1898.06 0.0794993214
1898.41 0.0792136623
1898.77 0.0789284085
1899.13 0.0786428643
1899.49 0.0783569056
1899.84 0.0780706282
1900.20 0.0777954942
1900.56 0.0775309899
1900.92 0.0772645167
1901.28 0.0770007742
1901.63 0.0767372833
1901.99 0.0764733587
1902.35 0.0762054210
1902.71 0.0759378029
1903.07 0.0756697743
1903.43 0.0754043031
1903.79 0.0751393030
1904.14 0.0748719473
1904.50 0.0746016818
1904.86 0.0743309677
1905.22 0.0740599654
1905.58 0.0737900689
1905.94 0.0735191153
1906.30 0.0732500877
1906.66 0.0729804972
1907.02 0.0727110639
1907.38 0.0724385548
1907.74 0.0721646834
1908.10 0.0718929658
1908.46 0.0716214188
1908.82 0.0713502670
1909.17 0.0710772842
1909.54 0.0708015511
1909.89 0.0705262320
1910.25 0.0702527498
1910.62 0.0699788750
1910.97 0.0697062510
1911.34 0.0694289641
1911.70 0.0691508785
1912.06 0.0688733359
1912.42 0.0685954359
1912.78 0.0683170403
1913.14 0.0680393624
1913.50 0.0677632929
1913.86 0.0674867482
1914.22 0.0672071774
1914.58 0.0669268894
1914.94 0.0666460972
1915.30 0.0663675207
1915.66 0.0660882338
1916.02 0.0658091547
1916.38 0.0655268512
1916.74 0.0652440776
1917.11 0.0649602319
1917.47 0.0646767104
1917.83 0.0643928012
1918.19 0.0641093450
1918.55 0.0638276738
1918.91 0.0635455878
1919.27 0.0632608461
1919.64 0.0629740938
1920.00 0.0626878552
1920.36 0.0624050197
1920.72 0.0621202279
1921.08 0.0618351212
1921.44 0.0615472762
1921.81 0.0612582977
1922.17 0.0609702307
1922.53 0.0606851464
1922.89 0.0603987350
1923.26 0.0601089438
1923.62 0.0598187028
1923.98 0.0595280465
1924.34 0.0592399083
1924.71 0.0589506893
1925.07 0.0586641873
1925.43 0.0583873117
1925.80 0.0581090835
1926.16 0.0578314656
1926.52 0.0575532925
1926.88 0.0572748183
1927.25 0.0569979852
1927.61 0.0567218217
1927.97 0.0564453278
1928.34 0.0561646691
1928.70 0.0558834000
1929.06 0.0556031598
1929.43 0.0553250358
1929.79 0.0550464684
1930.15 0.0547663183
1930.52 0.0544839157
1930.88 0.0541996225
1931.25 0.0539164422
1931.61 0.0536338476
1931.97 0.0533499175
1932.34 0.0530676031
1932.70 0.0527860145
1933.07 0.0525035087
1933.43 0.0522172119
1933.80 0.0519312789
1934.16 0.0516464054
1934.52 0.0513637089
1934.89 0.0510789474
1935.25 0.0507915905
1935.62 0.0505037622
1935.98 0.0502155411
1936.35 0.0499289939
1936.71 0.0496439565
1937.08 0.0493561232
1937.44 0.0490654409
1937.81 0.0487751814
1938.17 0.0484845829
1938.54 0.0481926670
1938.90 0.0479020972
1939.27 0.0476126099
1939.63 0.0473236007
1940.00 0.0470332732
1940.37 0.0467402356
1940.73 0.0464468007
1941.10 0.0461530280
1941.46 0.0458619395
1941.83 0.0455705187
1942.19 0.0452761762
1942.56 0.0449815609
1942.93 0.0446849454
1943.29 0.0443912169
1943.66 0.0440977388
1944.03 0.0438028525
1944.39 0.0435054191
1944.76 0.0432075063
1945.12 0.0429084910
1945.49 0.0426098365
1945.86 0.0423115837
1946.22 0.0420140511
1946.59 0.0417165307
1946.96 0.0414194628
1947.32 0.0411191994
1947.69 0.0408172057
1948.06 0.0405161974
1948.43 0.0402175161
1948.79 0.0399183899
1949.16 0.0396180296
1949.53 0.0393181024
1949.90 0.0390169271
1950.26 0.0387216114
1950.63 0.0384261090
1951.00 0.0381310829
1951.37 0.0378387923
1951.73 0.0375453022
1952.10 0.0372522512
1952.47 0.0369587967
1952.84 0.0366640936
1953.20 0.0363706847
1953.57 0.0360761019
1953.94 0.0357810395
1954.31 0.0354847829
1954.68 0.0351889292
1955.05 0.0348927644
1955.41 0.0345952631
1955.78 0.0342982778
1956.15 0.0340008010
1956.52 0.0337021662
1956.89 0.0334030948
1957.26 0.0331044383
1957.63 0.0328062598
1958.00 0.0325059397
1958.36 0.0322061484
1958.73 0.0319059196
1959.10 0.0316043612
1959.47 0.0312991725
1959.84 0.0309944154
1960.21 0.0306910953
1960.58 0.0303897345
1960.95 0.0300862258
1961.32 0.0297820067
1961.69 0.0294771750
1962.06 0.0291711101
1962.43 0.0288646313
1962.80 0.0285596463
1963.17 0.0282523943
1963.54 0.0279447358
1963.91 0.0276376668
1964.28 0.0273301772
1964.65 0.0270223574
1965.02 0.0267141195
1965.39 0.0264055568
1965.76 0.0260965615
1966.13 0.0257862227
1966.50 0.0254764833
1966.87 0.0251664342
1967.24 0.0248549052
1967.61 0.0245449081
1967.98 0.0242336745
1968.35 0.0239210884
1968.72 0.0236090878
1969.10 0.0232957401
1969.47 0.0229828938
1969.84 0.0226697150
1970.21 0.0223551813
1970.58 0.0220411494
1970.95 0.0217267875
1971.32 0.0214082390
1971.69 0.0210897570
1972.07 0.0207723816
1972.44 0.0204564974
1972.81 0.0201392563
1973.18 0.0198216705
1973.55 0.0195054357
1973.92 0.0191870901
1974.30 0.0188746390
1974.67 0.0185631362
1975.04 0.0182571000
1975.41 0.0179989928
1975.79 0.0177398506
1976.16 0.0174817999
1976.53 0.0172261033
1976.90 0.0169701439
1977.28 0.0167138446
1977.65 0.0164572710
1978.02 0.0161997863
1978.39 0.0159452463
1978.77 0.0156917876
1979.14 0.0154353649
1979.51 0.0151778951
1979.88 0.0149187188
1980.26 0.0146606275
1980.63 0.0144007426
1981.00 0.0141413854
1981.38 0.0138850652
1981.75 0.0136276375
1982.12 0.0133695677
1982.50 0.0131088567
1982.87 0.0128471136
1983.24 0.0125880335
1983.62 0.0123291163
1983.99 0.0120705142
1984.37 0.0118091339
1984.74 0.0115457037
1985.12 0.0112820844
1985.49 0.0110195815
1985.86 0.0107552553
1986.24 0.0104936232
1986.61 0.0102328167
1986.98 0.0099725993
1987.36 0.0097070856
1987.73 0.0094419322
1988.11 0.0091769084
1988.48 0.0089117416
1988.86 0.0086469898
1989.23 0.0083819700
1989.61 0.0081158144
1989.98 0.0078501688
1990.36 0.0075838344
1990.73 0.0073164300
1991.11 0.0070503255
1991.48 0.0067825551
1991.86 0.0065145079
1992.23 0.0062476768
1992.61 0.0059789126
1992.98 0.0057106641
1993.36 0.0054421418
1993.74 0.0051724772
1994.11 0.0049039216
1994.49 0.0046332739
1994.86 0.0043638425
1995.24 0.0040926938
1995.62 0.0038213993
1995.99 0.0035498322
1996.37 0.0032793992
1996.74 0.0030079880
1997.12 0.0027342248
